Number of operations for each part
7 7 10 6 10 4 8 8 7 9 10 9 2 4 3 10 10 2 10 7 4 5 9 2 8 9 3 4 6 6 8 10 7 4 2 9 3 4 3 2 8 7 10 7 6 2 6 9 6 9 7 7 4 4 8 10 8 5 5 2 6 10 8 9 10 4 6 9 2 3 5 3 4 6 7 7 9 2 8 5
---------------------
 
Processing time   (0 -- non-optional machine)
Rows: sequential for each operation of each part; Columns: correspond to machine number
0 140 0 0 0 120 0 110 0 0 140 120 0 0 0 0 0 0 0 0 
0 0 130 0 60 70 0 0 0 70 0 0 0 100 0 0 0 0 0 0 
100 150 0 140 0 0 0 130 0 0 0 100 0 0 0 0 70 0 50 50 
0 0 0 0 0 0 0 100 90 110 0 0 0 0 0 50 0 0 0 0 
0 0 0 0 0 0 90 0 140 110 130 0 60 0 130 0 140 90 0 0 
0 0 0 0 120 0 90 0 130 100 150 50 0 0 0 0 0 90 0 60 
0 0 0 0 0 0 0 110 0 140 0 0 0 130 0 0 0 0 0 60 
120 0 0 0 80 0 0 0 0 0 0 0 0 100 0 70 0 0 0 0 
150 120 0 50 0 0 0 0 0 0 0 0 0 0 0 0 0 0 0 110 
0 110 0 0 0 0 80 0 140 0 90 0 0 0 100 0 0 0 90 0 
0 0 80 0 0 90 0 50 0 0 0 0 110 0 70 90 120 0 0 110 
120 130 0 0 0 0 100 0 0 0 0 0 130 0 0 0 0 0 0 50 
0 0 0 0 0 0 0 0 150 0 0 0 0 0 0 0 0 50 0 0 
0 90 0 0 0 0 0 0 140 0 0 0 0 0 0 110 0 100 0 0 
0 0 0 50 0 0 0 0 0 100 0 0 0 50 150 0 0 0 90 0 
0 0 0 0 0 0 0 0 90 130 120 70 110 140 0 0 0 0 0 80 
70 0 0 0 60 0 110 80 0 0 0 0 110 0 120 0 0 50 140 0 
50 0 0 140 130 0 100 70 0 130 0 0 0 0 0 0 50 110 0 0 
150 0 0 0 0 0 0 0 0 0 70 0 0 0 0 0 0 0 0 0 
0 100 60 140 0 0 60 0 60 0 0 0 0 140 0 60 0 0 90 0 
110 0 0 60 0 0 0 0 150 110 0 0 0 0 0 0 0 0 0 0 
0 0 0 100 80 0 0 0 0 0 0 0 0 0 0 0 0 0 0 130 
0 0 0 0 70 70 0 140 0 0 0 0 50 150 0 0 130 110 50 0 
0 0 140 0 0 0 0 0 0 0 0 140 80 0 0 0 0 0 0 0 
0 0 80 0 0 0 0 0 0 0 100 0 150 0 70 0 100 50 0 140 
60 110 0 0 0 0 0 0 0 150 0 0 130 130 0 70 60 0 120 0 
0 0 0 0 0 0 0 0 0 140 130 0 0 60 0 0 0 0 0 0 
0 80 0 0 0 0 0 0 0 150 0 0 0 0 0 0 0 0 0 120 
110 0 120 0 150 60 0 0 0 0 50 50 0 0 0 0 60 0 100 0 
0 0 0 0 120 0 130 0 0 0 0 0 0 0 0 0 0 0 0 0 
0 0 0 0 50 0 120 0 0 0 80 110 70 0 0 0 0 80 0 0 
110 0 0 80 0 0 0 0 0 0 0 110 0 0 140 60 110 0 90 60 
110 70 0 0 0 0 0 0 0 0 0 0 0 0 0 0 0 0 0 0 
0 0 0 0 0 0 0 0 0 0 150 0 0 0 0 110 0 0 0 0 
0 0 0 0 0 0 0 0 0 120 60 0 0 0 0 130 0 70 0 0 
0 0 0 0 0 0 0 0 0 50 0 0 0 0 0 0 0 0 0 130 
120 90 0 0 0 140 0 60 0 0 0 0 50 0 0 0 0 0 0 0 
0 0 0 0 0 0 90 0 0 60 140 0 120 0 0 0 0 0 0 0 
110 0 0 0 0 0 0 110 0 0 0 0 0 60 0 100 140 0 150 0 
0 0 120 0 120 0 0 0 0 100 0 0 0 0 0 0 0 0 0 110 
60 0 0 100 0 0 0 0 0 0 0 100 0 0 0 0 0 0 0 0 
0 0 0 0 50 0 0 0 50 130 0 0 0 0 150 0 0 90 0 50 
0 0 0 0 0 110 0 0 0 0 0 0 0 140 150 0 130 0 140 80 
70 0 0 0 0 110 0 0 70 110 0 0 0 140 0 0 90 0 0 60 
0 0 0 50 0 0 0 0 0 0 0 0 120 0 0 0 0 0 0 0 
50 0 0 0 0 0 0 120 0 0 70 90 110 0 0 0 140 0 0 0 
0 0 0 120 130 0 90 0 0 80 0 60 0 0 50 0 0 0 0 60 
100 0 120 0 0 100 110 0 0 0 50 120 0 0 0 110 0 0 0 0 
110 0 0 0 0 0 0 0 0 0 0 90 0 0 0 110 0 0 0 0 
0 0 0 0 120 0 0 0 0 0 0 50 0 0 90 110 0 0 50 0 
0 60 0 0 0 0 0 0 0 0 0 0 70 0 0 0 0 130 70 0 
0 50 0 0 0 0 0 0 0 0 0 80 150 0 110 0 0 0 0 0 
0 0 0 0 0 130 0 0 0 0 0 50 0 80 0 0 0 0 0 0 
0 0 0 0 70 80 0 0 50 150 0 0 110 70 0 50 0 0 0 60 
0 90 0 0 0 0 0 0 0 0 0 0 0 70 0 0 150 0 0 0 
0 0 0 0 0 0 0 0 0 0 0 120 0 70 0 0 0 80 0 0 
150 0 80 70 60 0 70 0 0 0 0 0 0 0 0 0 0 0 0 130 
0 0 0 0 0 0 0 0 0 120 0 150 0 60 150 0 130 90 70 140 
0 0 0 0 0 0 0 0 0 120 50 130 0 0 0 0 0 0 0 0 
0 0 0 0 0 0 140 0 0 0 0 130 130 0 0 0 0 70 0 0 
0 0 100 0 0 70 0 0 0 100 0 0 0 0 0 0 0 0 0 50 
0 0 70 0 0 0 0 0 0 150 0 0 0 0 70 0 0 0 0 0 
0 0 0 0 0 0 130 0 0 0 110 0 0 0 130 0 0 150 0 0 
0 0 0 0 60 70 0 130 0 0 0 0 0 50 80 80 50 0 0 0 
0 0 0 130 0 0 0 80 70 140 0 0 0 110 0 0 0 0 0 0 
120 0 0 0 60 0 0 50 0 0 150 0 0 110 0 0 130 0 0 0 
0 0 110 0 0 0 120 0 0 0 90 0 0 130 70 0 0 0 0 0 
0 0 0 0 0 0 0 0 0 0 60 0 0 0 0 0 0 0 60 0 
150 0 0 0 0 90 110 0 0 0 0 60 0 0 150 0 0 0 0 0 
0 0 0 0 0 130 0 0 80 0 60 0 120 0 0 0 0 60 70 0 
80 0 0 0 130 150 0 0 60 0 0 150 0 0 50 0 0 0 0 0 
0 0 0 0 110 0 0 0 0 120 70 0 80 0 0 0 0 90 0 0 
0 0 0 0 0 110 0 0 0 100 0 0 70 70 0 60 0 60 0 0 
0 120 0 0 0 0 0 0 0 0 0 0 0 0 80 80 0 0 0 0 
100 0 150 0 0 0 0 110 0 0 0 70 0 120 140 0 0 0 0 0 
130 150 0 0 0 70 50 0 150 0 130 80 60 0 0 0 0 0 0 0 
0 0 0 80 0 0 0 120 0 0 0 0 0 0 0 0 0 0 0 0 
130 0 0 0 150 130 130 90 0 0 0 0 0 0 0 0 0 0 0 0 
0 0 0 70 0 90 0 0 0 0 0 150 130 0 60 0 0 0 0 0 
0 0 0 0 110 80 0 100 0 0 0 0 0 150 0 90 0 0 80 100 
0 70 0 0 70 0 0 0 0 0 0 0 0 0 0 80 0 0 0 60 
70 0 0 110 0 90 0 0 0 110 0 0 60 0 150 0 60 120 0 0 
110 0 150 0 0 60 0 0 0 0 0 0 0 100 70 0 0 120 0 0 
0 140 0 0 0 0 0 0 60 0 110 80 0 0 90 0 90 0 70 150 
130 50 0 90 0 0 0 0 150 0 0 0 60 0 0 0 0 0 70 0 
0 0 0 0 60 110 0 0 0 80 0 0 0 0 0 0 90 0 0 0 
0 0 0 80 140 0 0 0 0 0 100 0 0 140 0 0 90 0 0 0 
0 0 0 0 0 0 0 60 0 0 0 90 0 0 0 0 0 0 0 0 
0 0 80 0 90 140 0 0 110 50 0 0 0 130 0 150 0 0 0 130 
0 60 70 0 0 0 0 0 0 0 0 0 0 0 0 0 140 0 0 0 
0 0 90 0 0 0 140 0 0 0 0 0 0 0 0 0 0 0 0 0 
120 0 0 60 0 0 100 0 0 0 0 140 0 110 0 0 0 0 0 0 
0 0 0 0 0 0 150 0 0 0 0 90 0 0 0 0 0 0 0 0 
0 70 0 0 100 0 0 0 130 0 0 0 0 0 120 120 0 0 0 0 
0 0 0 0 0 0 0 0 0 100 0 0 0 100 0 120 0 0 0 0 
130 100 0 130 0 0 70 100 0 50 0 0 50 0 0 0 0 0 0 0 
0 0 150 0 0 140 0 0 0 0 0 0 0 0 0 0 110 150 0 0 
100 0 0 0 0 130 0 0 90 0 0 70 0 0 0 0 0 0 0 0 
0 150 0 0 0 0 0 0 0 70 90 0 0 50 0 140 0 0 110 0 
140 0 130 0 0 0 0 0 0 0 0 0 0 0 140 0 60 0 110 0 
90 0 0 120 0 0 0 0 0 0 100 0 130 0 0 140 0 0 0 0 
0 0 0 0 0 110 80 0 0 0 0 90 90 60 0 0 0 0 90 0 
0 70 100 0 0 60 50 0 150 0 80 0 140 0 90 0 0 0 0 0 
110 0 0 0 110 100 0 0 150 0 0 80 0 50 0 0 0 0 0 0 
0 0 0 140 50 0 0 0 140 140 0 0 0 0 0 0 0 130 0 0 
0 0 60 0 90 0 0 0 0 130 0 0 0 0 120 0 120 0 60 0 
0 0 150 0 0 0 0 0 0 0 0 0 0 0 0 0 0 0 0 50 
0 0 120 0 0 0 0 90 0 0 0 0 0 0 0 0 0 0 50 0 
0 0 0 100 100 0 50 140 0 0 0 0 0 110 0 0 0 0 0 0 
0 130 0 90 0 0 0 0 0 0 0 0 0 70 0 0 0 0 0 0 
0 0 0 0 70 0 0 0 0 0 0 0 0 0 100 0 60 0 0 80 
0 0 0 0 0 0 0 0 0 0 0 0 0 0 0 80 0 60 0 0 
0 0 0 0 120 0 0 0 0 0 0 0 150 0 0 0 0 0 0 0 
0 0 0 0 90 0 0 0 0 0 0 0 100 0 0 0 0 0 0 50 
0 0 0 0 0 90 0 130 50 150 120 70 0 70 0 0 0 0 0 0 
0 0 140 80 0 0 0 0 0 0 120 0 0 150 0 0 0 0 0 60 
0 140 0 0 0 60 0 0 0 0 0 0 0 0 0 0 0 0 150 0 
140 110 0 0 0 0 0 0 0 0 140 0 60 0 0 60 110 0 130 60 
0 0 0 140 0 0 0 80 0 0 0 0 80 0 100 0 0 0 0 90 
0 0 0 0 0 0 0 0 0 60 0 0 0 0 0 0 110 120 0 0 
0 120 0 0 140 0 0 0 0 140 0 0 0 0 0 0 0 110 140 0 
0 90 0 0 70 90 0 0 0 0 0 0 0 60 0 0 0 0 150 120 
0 0 0 0 110 0 100 0 60 0 110 90 140 0 0 110 0 60 0 0 
0 0 0 0 0 0 0 0 0 100 0 0 0 80 50 0 0 0 70 0 
0 0 0 70 110 0 0 50 130 0 0 0 0 0 60 60 0 70 130 0 
0 150 0 0 0 110 0 0 0 0 0 0 0 0 0 0 70 0 0 0 
0 0 0 0 0 0 0 0 0 0 0 0 0 0 0 0 130 130 0 0 
0 0 100 0 0 0 0 0 50 90 0 0 0 0 50 0 0 120 0 0 
0 130 80 0 90 0 0 0 80 100 0 60 0 0 0 140 0 0 0 130 
0 0 0 0 0 60 0 0 0 0 0 0 0 0 0 60 0 100 0 0 
0 0 0 0 0 0 100 0 0 140 0 0 0 0 0 0 0 0 0 0 
0 0 0 0 0 0 100 0 0 0 60 0 0 0 0 0 0 0 0 0 
0 50 0 70 0 0 50 90 0 0 0 0 0 0 140 0 150 100 110 0 
0 0 0 0 50 70 0 70 0 100 140 0 0 0 0 0 0 0 150 130 
70 0 50 0 130 0 150 0 130 130 0 0 0 80 0 0 0 0 0 0 
90 80 0 0 0 70 0 0 0 80 150 0 110 0 0 70 0 0 0 0 
0 0 0 80 0 0 60 0 0 60 60 90 0 0 0 0 0 150 0 110 
140 70 0 0 0 0 0 80 50 0 0 0 0 0 0 0 0 0 0 0 
0 0 0 50 0 0 0 100 70 60 0 0 0 110 130 0 0 0 100 110 
0 0 0 0 50 0 0 0 0 0 0 0 0 70 0 0 0 0 0 0 
0 0 0 0 70 0 0 0 0 110 100 0 0 0 0 0 0 0 100 0 
0 0 150 80 0 0 70 0 80 0 80 0 0 0 0 0 140 50 0 120 
90 0 110 0 0 60 0 0 0 0 0 130 0 100 0 150 0 0 0 0 
0 150 0 130 60 0 0 130 0 0 0 0 0 80 50 90 120 0 0 0 
140 0 0 0 0 100 0 0 0 0 150 0 0 0 0 0 0 70 0 0 
0 0 70 0 0 140 0 0 150 80 0 0 50 0 0 0 100 0 100 100 
0 90 0 90 0 0 0 90 140 0 130 0 0 150 0 0 0 130 110 0 
130 0 0 0 0 0 0 150 70 0 120 0 0 0 0 0 0 0 0 0 
150 0 60 0 0 0 90 0 0 0 110 0 0 0 0 140 0 0 0 0 
150 90 0 140 0 0 60 0 0 0 0 50 0 130 0 70 0 0 110 0 
0 50 0 0 0 90 0 0 0 70 0 0 150 0 0 0 0 110 0 0 
0 0 80 150 0 0 0 0 130 0 150 0 0 0 0 0 0 0 0 0 
140 0 0 0 110 0 0 0 60 90 0 80 0 0 0 0 150 130 0 0 
0 0 0 0 0 0 0 0 0 120 0 0 0 0 0 0 0 0 50 0 
0 0 0 0 0 0 150 0 0 0 120 0 120 0 0 150 50 0 0 0 
0 0 0 0 0 140 0 0 0 0 0 70 0 80 0 0 0 0 0 140 
0 110 130 0 70 0 0 0 150 0 0 0 120 60 0 0 60 0 0 100 
130 0 70 110 70 100 0 0 0 0 0 0 0 90 0 0 0 0 0 0 
0 70 0 0 0 120 130 0 0 0 0 50 140 0 0 0 0 0 140 0 
60 0 0 130 0 110 0 0 0 0 0 0 0 0 0 0 0 70 0 0 
0 0 0 0 0 150 0 90 0 0 0 60 0 0 0 110 50 0 0 0 
90 0 0 100 0 0 0 0 0 90 0 130 0 0 0 100 0 0 0 0 
0 0 0 0 0 150 0 0 70 0 100 0 70 110 0 0 0 0 0 0 
90 0 0 70 100 80 90 0 0 100 0 0 0 0 0 0 0 0 0 60 
0 0 0 110 100 0 0 0 0 70 0 140 120 0 0 80 0 100 60 0 
0 0 0 0 0 0 0 50 0 0 0 0 100 0 0 0 0 0 0 0 
0 0 150 90 0 0 0 0 0 0 0 0 60 70 130 0 0 0 0 0 
0 140 0 130 110 0 0 0 0 0 110 0 0 0 50 0 80 70 150 0 
0 0 0 0 100 130 0 0 100 110 0 100 100 0 0 0 0 0 0 0 
0 0 0 0 0 0 0 0 0 70 0 0 0 0 0 90 0 0 0 0 
0 80 100 60 70 0 0 0 0 110 140 0 0 150 0 70 0 0 0 0 
0 0 0 0 0 0 0 0 0 150 0 0 120 50 60 0 150 150 140 0 
0 0 0 0 0 0 0 0 0 0 0 0 0 0 0 0 0 0 100 110 
0 80 0 0 0 150 120 0 0 80 0 0 0 0 0 0 0 110 0 80 
120 0 0 100 0 0 100 140 0 0 0 0 110 60 0 130 0 0 80 0 
0 60 120 50 0 70 0 0 0 130 0 0 120 0 0 60 0 0 100 0 
0 0 110 0 0 0 90 0 0 0 150 0 0 0 100 150 0 0 0 0 
110 0 0 0 0 0 0 0 60 0 150 0 0 90 130 0 0 0 0 0 
0 0 0 0 120 0 0 60 120 0 0 90 0 0 0 0 0 120 130 0 
0 0 0 0 70 0 0 0 140 120 0 0 0 100 150 0 0 0 0 120 
0 0 0 0 0 0 0 140 0 0 0 130 0 0 0 80 0 140 0 120 
0 0 0 0 0 0 0 60 0 0 0 0 0 0 0 0 140 0 0 0 
0 0 0 0 90 0 0 60 0 130 0 0 0 70 0 150 0 0 0 90 
0 0 0 130 0 0 0 110 0 0 0 0 0 0 0 80 0 0 0 0 
0 0 110 0 0 130 0 130 0 0 0 0 0 0 0 0 0 0 0 0 
0 0 110 0 0 110 0 0 130 0 0 0 0 0 0 80 110 0 60 140 
0 150 0 0 140 0 0 0 100 0 0 0 0 0 0 140 0 0 0 0 
0 60 0 60 0 110 0 110 150 0 0 120 0 0 0 0 150 0 120 0 
0 0 0 0 80 60 0 0 0 0 120 0 0 60 0 0 0 0 0 0 
0 0 0 60 0 0 0 120 0 0 0 0 0 0 0 0 0 0 0 0 
0 0 0 0 0 0 0 0 0 150 0 0 0 140 0 0 0 0 0 0 
0 0 0 80 0 0 0 0 0 0 0 0 100 110 150 0 0 0 0 120 
0 0 0 0 0 0 0 0 0 0 0 0 0 0 0 120 120 140 0 140 
150 0 0 0 0 0 0 0 130 80 0 0 120 0 0 0 0 0 0 0 
0 0 0 60 0 0 0 0 60 110 0 140 0 0 0 0 0 0 0 70 
140 0 0 0 0 0 0 0 0 0 0 0 0 0 0 50 0 0 0 0 
0 0 0 0 60 0 0 0 120 0 0 0 80 0 0 0 0 0 140 0 
70 0 120 0 0 0 0 120 0 0 0 130 0 0 0 0 130 0 0 150 
0 0 0 0 0 0 0 0 0 0 130 0 120 0 0 0 0 0 0 0 
50 0 0 0 0 100 0 0 0 0 0 0 0 0 0 0 90 0 0 0 
0 0 0 110 0 120 0 0 0 50 0 0 130 0 0 0 80 0 100 0 
0 0 0 0 0 0 60 0 50 0 0 130 0 0 90 0 0 0 0 0 
0 0 0 0 0 0 0 0 140 0 90 0 0 0 0 0 0 0 0 0 
60 0 70 0 0 0 0 60 0 0 0 0 0 0 0 0 0 0 150 0 
0 0 80 0 0 0 0 0 0 0 0 0 0 0 150 50 0 110 0 0 
0 0 0 0 0 90 100 0 0 0 0 0 0 0 0 0 0 0 0 0 
70 150 0 60 0 0 0 0 120 0 0 0 150 0 0 110 0 60 0 0 
0 0 50 0 0 0 80 0 150 0 0 0 0 0 140 0 0 0 0 0 
0 90 0 0 50 0 0 140 0 50 0 0 0 0 140 0 0 0 0 0 
0 0 0 0 90 0 0 0 0 0 0 0 0 0 0 0 130 0 0 0 
0 0 0 100 90 0 0 0 90 0 0 90 0 0 0 100 0 0 0 150 
0 0 0 0 0 0 0 0 0 0 0 60 0 0 0 0 0 0 0 60 
130 0 0 0 110 60 0 150 0 0 0 0 0 0 70 0 0 0 0 0 
0 0 130 130 0 70 150 100 100 0 0 0 0 0 0 140 0 0 150 0 
0 0 0 0 0 0 0 0 0 0 130 0 0 0 0 70 0 100 0 0 
0 0 0 0 50 0 0 0 140 0 0 0 0 0 90 130 0 0 0 90 
0 0 0 0 0 60 0 120 0 0 140 0 0 0 0 0 0 80 140 110 
150 0 0 0 0 0 0 50 0 0 0 0 80 0 150 90 0 0 0 130 
0 140 0 0 90 0 0 120 0 0 0 0 0 0 110 0 0 50 0 0 
0 0 120 0 0 0 0 0 0 0 0 0 0 0 0 0 0 0 0 100 
0 0 0 0 60 0 0 140 0 0 120 0 0 150 0 110 70 0 0 0 
0 80 0 0 0 0 0 0 100 0 0 0 0 0 0 0 0 0 0 0 
0 0 0 0 0 0 0 0 130 150 0 0 0 0 0 0 0 130 0 0 
0 0 0 130 0 0 0 0 150 0 0 130 120 100 0 0 0 0 0 90 
0 0 0 0 0 0 100 140 80 100 110 0 0 0 0 0 70 60 0 0 
0 0 0 0 0 0 0 0 70 0 0 50 0 0 0 0 0 150 0 120 
110 0 60 0 0 100 80 110 0 0 0 100 0 50 0 0 70 0 0 0 
0 0 0 0 0 0 130 0 0 0 0 0 0 0 0 0 90 0 80 0 
0 0 0 0 0 0 0 60 0 120 110 0 0 0 0 150 0 0 0 0 
0 60 0 0 90 150 0 0 60 0 0 110 0 0 130 0 0 0 0 130 
60 110 0 0 0 0 120 100 0 0 0 150 0 0 0 150 0 0 150 0 
0 140 0 0 60 50 70 50 0 0 0 0 50 0 0 0 0 110 0 0 
70 0 70 0 120 0 0 50 0 0 0 0 70 0 0 0 60 0 0 0 
0 0 0 80 0 0 80 0 0 120 0 120 0 0 120 70 0 0 70 80 
0 60 100 0 0 0 80 0 0 0 140 70 50 0 0 0 60 0 0 0 
0 120 0 0 130 0 0 0 0 0 0 0 0 0 0 0 100 150 0 0 
0 0 0 0 0 0 0 0 0 0 0 0 0 0 90 0 0 0 130 0 
0 0 0 0 0 130 0 0 130 0 0 0 0 100 0 60 70 140 0 0 
0 0 0 0 0 0 0 0 0 0 0 0 70 0 0 0 0 140 150 0 
140 0 0 0 0 0 0 140 0 0 0 0 0 0 110 0 0 0 0 0 
0 0 0 0 0 0 110 0 0 0 0 0 70 0 140 0 0 0 0 0 
0 130 0 0 0 0 0 0 0 0 70 0 0 0 0 0 0 0 0 0 
0 130 0 0 0 0 0 0 60 0 0 0 0 0 0 0 0 0 0 0 
0 150 110 0 50 0 0 0 150 0 150 0 130 80 0 0 0 0 0 0 
0 0 0 0 0 0 140 110 0 0 0 0 0 0 0 0 0 0 0 0 
0 0 0 0 0 0 50 0 0 140 50 0 130 0 0 0 0 50 0 0 
0 0 120 150 0 0 0 90 0 0 0 120 0 0 150 0 0 0 0 70 
0 0 0 60 0 0 140 0 0 0 0 0 0 0 0 0 0 0 0 0 
0 0 0 0 0 0 0 0 0 50 0 140 0 60 0 50 0 0 90 0 
50 0 80 0 0 0 0 0 0 0 0 0 0 0 0 0 0 50 90 0 
0 60 60 0 0 0 0 0 0 50 130 0 60 0 100 0 0 0 0 0 
0 0 150 80 150 0 0 140 110 0 0 60 0 0 0 0 0 0 50 0 
60 0 0 0 60 0 0 90 0 110 0 0 0 80 90 110 0 70 0 0 
0 80 0 90 0 0 0 60 0 140 0 150 0 0 90 0 0 0 0 0 
0 0 50 0 0 0 0 0 80 150 0 150 0 0 0 0 80 0 0 0 
0 0 0 0 0 0 0 0 80 0 50 0 90 0 0 0 0 0 120 60 
120 0 0 0 0 0 0 0 0 0 0 0 90 0 0 0 0 0 0 0 
60 0 0 80 50 0 0 0 80 0 0 0 0 0 0 50 0 0 0 0 
0 0 0 0 150 0 0 100 0 0 0 50 0 0 0 60 0 0 0 0 
0 0 0 120 0 0 130 0 0 0 0 0 0 0 130 50 90 0 0 130 
110 0 0 140 0 80 0 0 0 0 0 0 0 0 0 120 0 0 120 0 
0 110 0 0 0 50 0 0 0 0 50 0 0 0 0 0 0 0 0 0 
0 0 0 0 0 130 0 0 0 0 80 60 140 0 0 0 120 0 0 0 
0 110 0 50 0 0 130 0 0 0 0 0 0 0 0 0 0 0 0 0 
0 120 0 0 0 130 0 0 50 0 0 0 0 150 0 0 0 60 0 0 
60 0 0 0 90 140 0 0 0 0 0 0 0 60 0 70 70 80 150 0 
0 0 0 70 0 130 0 0 70 50 0 0 0 0 0 0 0 60 60 70 
0 0 0 0 70 90 0 0 0 0 0 70 0 140 0 0 0 0 0 0 
0 0 0 0 0 0 0 130 120 0 0 0 0 110 130 0 0 0 0 90 
60 0 0 0 0 0 0 60 80 0 0 120 0 90 0 100 0 0 90 100 
50 60 0 0 0 0 0 90 0 100 0 140 0 0 0 0 0 0 0 0 
120 0 0 0 0 0 0 0 0 0 60 0 0 0 150 80 130 50 0 110 
0 0 0 100 0 0 90 0 150 0 0 0 0 0 0 0 0 130 0 140 
0 0 110 130 0 0 0 0 0 0 0 60 0 0 150 0 50 0 0 0 
0 0 0 0 0 0 0 0 0 140 0 0 90 90 0 0 0 0 150 50 
0 0 140 0 0 0 0 130 0 0 0 80 0 0 0 100 50 0 0 90 
0 100 0 0 0 0 0 0 0 0 0 0 0 0 0 90 0 0 0 0 
0 0 0 0 0 0 0 0 110 0 60 140 0 0 0 0 120 0 0 0 
140 0 100 70 0 120 0 60 0 0 0 50 0 0 0 0 0 0 0 60 
0 0 0 0 0 0 0 0 0 140 110 0 120 140 0 0 50 0 60 0 
0 0 0 60 0 0 0 0 0 0 100 0 90 70 0 0 0 0 0 0 
70 0 0 60 0 0 0 90 0 0 60 0 0 0 0 120 0 0 0 0 
120 0 130 90 0 0 0 0 130 0 0 0 0 70 0 0 0 0 50 0 
50 0 120 110 70 0 0 0 0 0 0 0 0 0 0 0 0 100 0 0 
60 0 80 70 0 0 90 0 0 0 0 80 0 110 0 100 0 0 0 0 
0 0 0 0 0 0 0 0 0 0 0 150 0 0 0 0 100 0 0 0 
100 0 0 0 120 0 0 0 0 0 0 0 0 0 0 110 0 130 0 130 
0 130 0 0 120 0 100 140 0 0 0 0 0 0 0 0 60 0 110 0 
0 0 0 0 0 0 0 0 70 0 0 0 140 0 0 0 0 70 80 0 
0 50 150 0 0 100 100 0 0 0 0 0 0 120 0 0 50 140 0 0 
0 0 0 0 0 0 80 0 0 0 120 0 70 0 0 0 130 0 0 90 
0 0 0 150 0 90 130 0 0 0 0 0 0 0 0 0 0 0 0 0 
0 0 0 0 0 0 60 0 80 150 0 100 0 0 90 0 150 140 0 150 
0 0 0 0 0 0 0 0 0 0 0 0 150 0 0 0 0 0 0 120 
0 0 150 0 0 0 0 150 0 0 0 0 110 0 0 0 0 0 0 0 
0 0 0 0 0 0 0 90 0 0 0 0 0 0 0 0 130 0 0 60 
50 0 0 0 90 0 0 0 0 150 0 0 0 140 0 0 0 0 0 0 
0 100 100 0 0 0 0 0 0 0 0 0 0 0 0 70 0 0 130 70 
0 140 0 0 50 0 0 0 120 110 0 0 140 0 0 0 0 0 0 0 
80 0 100 0 60 0 0 0 140 0 0 90 0 0 70 0 0 0 0 0 
0 90 0 140 100 0 0 0 90 150 0 130 0 0 0 0 0 0 0 0 
0 0 0 0 0 0 0 140 0 80 0 0 0 0 0 100 0 130 0 130 
0 0 0 140 0 70 0 0 0 0 0 0 0 0 140 0 0 0 0 0 
130 0 0 100 120 0 0 0 0 0 0 0 120 150 0 120 0 120 0 0 
70 0 120 0 110 70 0 0 0 0 0 0 0 0 0 0 0 50 0 0 
0 0 0 0 50 130 120 0 0 90 90 0 0 0 50 0 60 80 0 0 
0 0 0 0 90 70 0 0 0 0 0 0 0 0 0 90 0 0 110 0 
0 0 0 0 0 0 0 130 150 0 80 0 0 50 130 0 0 90 100 60 
100 140 0 0 0 150 0 0 0 100 0 100 0 0 0 120 60 0 0 140 
0 0 0 0 0 90 0 0 0 0 0 0 0 0 0 90 90 0 80 0 
0 0 90 0 110 120 0 0 150 120 140 0 120 0 0 0 0 0 0 60 
80 0 90 0 0 0 0 0 0 0 0 0 0 0 0 0 0 0 0 0 
0 0 0 50 0 0 0 0 90 0 0 0 0 0 0 0 0 0 0 0 
0 0 100 0 0 0 120 0 0 0 0 0 0 60 90 0 0 0 0 0 
0 0 100 60 120 0 0 0 0 0 0 70 0 150 0 0 150 0 0 0 
0 0 0 110 0 0 140 0 110 50 50 80 0 0 0 0 70 70 0 0 
0 0 0 60 0 0 80 0 0 70 50 0 120 0 110 140 0 0 0 60 
0 0 80 50 0 0 0 0 60 0 0 0 0 0 0 60 0 0 0 0 
0 0 0 140 0 0 130 0 0 120 0 0 0 0 90 0 0 0 0 0 
0 0 0 0 0 0 0 0 80 0 0 0 0 80 0 0 150 0 100 0 
80 0 0 120 0 0 60 100 0 0 100 0 0 0 0 0 0 0 0 0 
0 0 0 0 0 0 0 0 0 70 0 0 0 0 0 130 0 0 0 0 
0 0 0 0 90 0 0 0 90 0 0 0 0 0 0 0 0 0 0 0 
0 80 80 0 0 0 0 60 0 100 0 60 0 70 60 0 130 0 0 0 
0 0 0 0 0 0 0 0 150 110 0 150 60 120 130 0 0 0 0 0 
0 0 0 0 0 0 0 0 0 0 0 120 140 0 0 0 110 0 0 0 
0 0 140 0 0 0 60 120 150 60 60 0 0 0 80 90 0 0 0 0 
0 0 0 0 0 0 120 80 140 0 0 0 0 0 0 0 0 0 150 0 
0 0 0 0 0 0 0 0 0 0 0 0 0 0 0 0 70 0 0 50 
0 0 0 110 50 110 0 0 110 0 0 0 0 0 0 0 0 0 0 0 
0 0 100 0 100 0 150 0 0 0 80 0 0 80 50 0 0 0 100 0 
0 0 130 0 0 110 130 0 0 130 60 100 140 0 0 0 0 0 0 140 
90 0 0 0 130 0 0 0 0 0 0 0 70 70 140 0 0 0 0 0 
0 0 130 0 90 0 0 0 0 140 150 80 0 0 0 70 0 0 60 0 
90 130 0 0 0 0 0 0 0 0 0 0 70 60 130 0 0 150 0 0 
110 120 0 90 0 0 0 0 60 0 0 130 0 0 0 0 0 0 0 0 
0 0 0 0 0 0 0 0 0 0 0 0 0 0 130 0 0 0 60 0 
0 120 140 0 0 0 0 0 0 0 0 0 0 0 0 0 0 0 0 0 
0 0 0 0 0 0 0 0 110 0 130 50 0 0 100 0 0 100 60 0 
0 0 0 0 70 0 0 0 0 0 0 0 0 0 0 120 0 0 90 0 
0 0 50 0 0 70 0 0 90 140 90 0 0 0 50 0 0 0 0 50 
0 0 60 70 70 0 0 0 80 0 0 0 0 0 0 0 0 140 0 0 
0 0 0 0 90 0 0 0 0 0 0 50 0 0 0 0 0 0 0 0 
120 80 0 0 0 0 0 0 100 0 110 0 0 150 0 0 0 0 0 80 
0 100 0 0 0 100 0 90 0 0 80 0 0 0 0 0 0 60 60 150 
0 0 70 0 0 0 50 0 0 0 130 0 0 140 0 60 0 60 0 0 
120 0 0 0 0 0 0 120 0 0 110 0 100 80 0 0 90 0 60 0 
0 130 0 0 0 0 120 140 0 100 0 150 140 0 0 60 0 0 50 0 
0 0 0 120 0 0 0 0 0 0 0 0 0 0 0 90 0 0 0 0 
0 0 0 90 0 120 0 0 0 130 0 0 120 0 0 0 0 0 0 0 
0 0 0 0 0 0 90 0 0 70 0 0 140 0 0 60 0 70 90 0 
0 0 0 0 0 0 0 0 120 0 0 130 0 0 0 0 0 0 0 0 
0 0 150 0 0 0 0 0 0 0 0 70 0 0 0 0 0 0 0 0 
0 0 0 0 0 0 0 70 0 0 0 0 0 130 0 0 0 0 0 0 
0 0 80 60 0 0 0 0 0 0 0 0 0 0 0 120 120 70 0 0 
110 0 140 0 0 0 0 0 0 0 140 0 50 70 0 0 0 0 0 0 
0 0 0 0 0 0 0 0 0 0 0 130 120 0 0 0 0 0 140 70 
0 0 110 0 0 130 0 0 110 120 0 0 0 0 0 0 0 0 0 120 
0 0 50 0 0 0 0 0 0 0 0 110 0 0 0 60 0 0 0 0 
0 0 0 0 0 50 0 0 0 0 0 0 110 120 0 0 80 120 80 0 
0 0 70 90 120 130 70 0 0 0 0 0 0 0 0 50 0 100 70 0 
0 120 110 0 0 100 0 0 0 120 0 0 0 0 0 0 60 0 0 0 
120 0 100 0 0 0 0 0 0 0 0 0 0 0 130 130 0 0 0 0 
0 0 0 140 0 70 0 0 0 0 0 0 150 0 0 0 110 0 0 0 
0 0 0 140 0 70 0 0 120 0 0 0 0 0 0 0 0 0 0 0 
0 0 0 0 0 0 130 0 50 0 0 0 0 0 0 0 0 0 0 140 
120 120 0 0 0 0 0 60 50 0 0 0 0 0 0 120 0 0 0 0 
0 50 0 130 0 0 140 0 90 0 0 0 60 0 0 0 130 0 150 0 
140 0 0 0 0 0 0 0 0 0 0 100 0 60 50 0 140 0 0 0 
70 0 0 0 0 0 0 0 0 0 0 0 0 0 0 0 0 70 0 0 
0 0 0 0 120 0 0 0 0 0 0 0 0 0 0 0 130 90 0 0 
0 110 0 120 0 140 140 0 90 0 0 0 0 0 0 0 0 0 60 0 
0 0 0 0 0 140 0 70 150 150 0 0 0 0 0 0 0 0 0 0 
0 110 0 0 140 0 0 0 110 0 0 0 120 130 0 60 130 0 100 0 
110 0 0 0 0 0 0 0 0 130 0 0 0 90 0 0 80 150 0 0 
100 0 0 0 0 90 120 0 130 0 0 90 0 0 0 80 100 0 0 100 
140 80 150 0 0 0 0 0 0 90 0 0 0 0 80 0 0 0 0 0 
0 0 0 0 0 100 0 0 0 0 0 130 0 0 0 0 50 0 0 0 
0 0 120 0 150 0 0 0 150 0 0 150 0 150 0 0 100 0 0 80 
90 0 70 120 0 0 0 0 0 60 0 50 0 50 50 0 0 0 0 0 
0 0 140 140 0 90 0 0 0 100 0 0 0 0 140 0 0 0 0 90 
0 0 60 0 90 0 0 130 0 0 0 0 0 0 120 0 0 130 0 0 
0 0 0 0 0 0 50 0 0 0 130 0 0 0 0 0 0 0 80 0 
0 70 0 0 0 0 0 0 80 0 0 0 0 0 0 0 0 0 0 0 
60 0 0 0 0 0 0 0 0 0 0 0 70 0 60 0 0 0 0 0 
0 80 0 0 0 100 0 50 0 0 0 50 0 0 0 140 0 120 0 70 
60 60 0 0 110 0 0 70 0 70 0 0 0 150 150 0 0 0 0 0 
0 0 60 0 0 110 0 0 0 60 0 0 0 0 0 0 0 0 0 0 
0 0 0 0 0 50 70 0 0 130 0 0 0 0 0 0 0 0 0 0 
120 100 110 80 0 0 0 70 0 0 0 0 90 0 0 0 0 0 0 140 
0 0 0 0 0 150 0 100 0 0 0 0 90 0 150 0 0 0 120 150 
0 70 0 0 0 0 0 0 60 0 0 0 0 0 150 0 0 0 0 0 
110 0 0 0 0 0 120 0 0 60 70 0 0 0 100 0 120 0 0 0 
0 80 0 0 70 0 110 0 0 0 130 0 80 70 0 0 0 0 100 0 
0 0 0 0 80 0 0 0 0 0 0 0 0 0 140 0 0 0 0 0 
0 0 0 70 0 0 0 130 90 100 0 0 130 0 70 60 0 0 0 140 
0 90 0 0 0 0 0 0 80 0 0 0 0 0 0 0 0 0 0 0 
70 0 0 0 0 0 0 130 0 0 0 0 0 0 150 0 0 0 0 80 
0 110 80 0 150 0 0 0 0 0 60 0 0 0 0 150 0 0 50 0 
150 120 0 0 110 0 0 0 120 0 80 0 0 120 0 0 0 60 0 0 
0 0 0 0 150 0 0 0 0 0 0 0 90 0 0 0 0 0 0 0 
0 0 0 100 0 0 0 0 100 0 0 0 0 0 60 0 0 0 0 0 
0 0 0 0 0 0 0 140 0 0 0 0 0 0 0 0 0 140 0 0 
0 0 0 0 0 0 0 50 0 80 0 0 0 0 0 0 0 0 0 0 
120 0 0 0 0 0 0 0 0 0 0 0 0 0 0 0 0 0 0 80 
0 0 60 0 0 0 0 0 60 0 0 0 0 0 0 0 0 0 0 0 
0 0 0 0 0 0 0 0 0 0 0 0 0 0 0 0 80 0 0 70 
0 0 0 0 0 0 0 0 0 80 0 0 0 0 0 0 0 150 0 0 
0 0 0 0 70 0 0 80 0 150 80 90 130 0 0 0 0 0 0 0 
0 0 80 0 0 0 140 0 0 70 130 80 0 0 0 0 0 120 130 0 
0 140 0 0 0 0 0 0 0 70 0 0 0 140 110 80 0 0 70 140 
60 0 70 0 0 120 0 0 0 130 0 0 120 0 0 0 0 70 0 0 
0 0 0 0 0 0 80 120 0 0 0 0 0 60 0 0 0 0 0 0 
0 0 0 0 0 0 0 0 0 150 0 0 0 0 150 80 0 0 0 0 
0 0 0 60 100 0 0 80 100 0 0 100 0 0 50 100 0 0 0 100 
0 70 100 130 0 80 0 0 0 0 0 0 0 70 0 0 0 100 0 0 
0 0 0 0 0 0 150 0 0 0 0 0 70 0 80 0 0 0 0 0 
90 130 0 0 0 0 50 90 0 0 0 0 90 0 0 0 0 0 0 150 
0 50 0 0 0 0 110 0 0 0 0 0 0 0 0 0 0 0 0 60 
80 0 130 0 80 0 0 0 0 0 80 70 0 0 0 140 0 0 0 70 
0 0 0 60 60 0 0 0 120 130 0 0 0 0 0 0 0 0 0 0 
130 0 0 0 50 0 0 80 0 0 0 0 0 0 0 0 0 0 0 0 
0 0 0 0 0 70 0 0 0 0 0 80 0 0 0 0 80 0 0 0 
0 0 0 0 110 0 0 0 0 140 0 0 0 0 80 140 90 0 90 0 
0 0 0 140 0 0 0 0 0 70 100 0 0 0 120 0 0 0 0 0 
80 90 0 130 0 110 0 70 0 0 0 0 0 0 120 0 0 0 150 0 
0 50 0 0 0 0 0 0 0 130 0 0 0 0 0 0 0 60 0 0 
0 50 0 110 110 0 90 130 0 0 0 150 0 0 0 0 90 0 0 90 
0 0 0 0 0 60 0 0 0 0 0 0 80 0 0 0 0 150 140 120 
100 0 50 0 0 0 0 0 0 0 0 0 0 0 0 0 0 0 0 0 
0 0 0 0 0 0 0 0 100 0 0 60 0 0 0 0 0 140 0 80 
120 0 0 130 0 70 0 0 0 0 0 0 120 120 0 0 0 0 0 0 
0 0 60 0 0 0 0 0 0 0 0 0 0 0 90 0 50 70 0 0 
0 0 150 150 0 130 90 0 0 120 0 0 0 0 0 150 0 80 50 0 
70 0 0 70 120 140 0 50 0 0 0 0 150 120 0 0 130 0 0 0 
0 0 0 0 0 0 0 140 0 0 0 0 100 0 0 0 100 0 0 0 
140 0 130 0 0 0 0 0 60 0 0 100 0 0 0 0 0 0 0 0 
0 90 130 90 0 0 0 0 0 0 150 0 0 0 140 0 140 0 80 0 
0 0 0 0 0 0 70 0 0 0 0 0 0 0 0 0 0 0 0 70 
0 150 0 70 0 0 50 80 0 0 60 0 0 0 100 0 0 0 80 110 
0 0 60 50 120 0 0 0 80 70 0 0 120 0 80 0 0 0 0 0 
0 0 0 110 0 0 110 70 50 0 0 0 0 150 0 0 0 60 0 0 
140 110 0 0 0 0 60 0 0 0 0 50 0 90 110 140 0 0 0 0 
0 0 0 0 0 0 0 0 0 60 0 0 110 0 0 0 0 0 70 0 
0 0 0 0 0 90 0 0 60 0 60 130 90 0 0 0 130 0 70 0 
0 140 0 0 0 0 0 0 110 0 0 0 140 0 0 0 0 120 0 0 
0 0 120 60 0 120 0 0 0 0 60 0 0 0 60 60 0 0 0 150 
0 0 0 0 0 100 0 0 150 0 0 0 0 0 50 0 0 0 0 0 
0 0 0 0 0 0 0 0 0 0 0 0 0 120 0 0 100 0 0 100 
0 0 0 70 110 0 0 60 0 0 110 120 130 0 0 0 0 0 0 0 
0 60 0 70 0 0 0 0 60 0 70 0 0 0 0 0 0 150 0 0 
90 80 0 0 50 0 0 0 0 0 140 0 70 0 0 140 0 0 80 0 
0 0 0 0 0 90 150 0 80 0 0 0 0 0 0 0 0 0 0 0 
120 120 0 0 140 0 100 0 0 0 0 0 0 0 0 140 0 0 90 100 
0 120 150 0 0 0 70 0 0 0 70 90 0 0 0 0 0 0 140 0 
0 0 110 0 0 0 0 0 0 0 0 0 0 0 0 0 130 70 60 130 
0 0 0 140 0 150 0 0 0 0 0 0 0 0 0 0 0 0 0 0 
0 0 0 70 0 0 0 0 0 0 0 0 0 0 0 0 0 0 0 60 
0 0 0 60 0 0 0 0 0 0 0 0 120 0 0 0 0 0 0 0 
0 0 0 0 0 0 0 0 80 80 0 0 0 0 0 0 110 0 0 0 
0 0 140 0 0 0 0 0 0 0 0 50 70 150 0 0 0 0 110 0 
0 0 60 0 0 0 0 0 0 0 80 0 0 80 0 0 0 150 0 0 
0 50 0 0 0 0 50 60 0 0 0 0 0 0 0 0 0 0 0 0 
60 0 0 50 0 0 0 0 50 0 0 90 0 0 0 90 0 0 0 0 
110 0 0 80 0 0 0 130 0 100 0 0 130 0 0 100 0 0 0 0 
0 0 0 0 0 0 0 0 0 0 0 150 0 0 0 0 0 0 0 130 
0 130 60 0 70 0 0 0 0 0 0 0 70 80 0 0 0 60 100 0 
0 0 0 0 80 0 120 0 0 0 0 120 130 130 0 50 110 0 0 0 
110 0 0 0 0 0 0 150 0 0 0 110 60 80 130 0 120 0 90 0 
0 120 0 0 0 120 0 0 0 0 60 0 0 0 80 0 0 0 0 0 
80 150 0 0 0 0 0 0 110 0 0 0 0 0 150 0 90 0 0 0 
0 150 0 0 0 50 110 0 50 0 0 120 0 0 0 0 0 0 100 0 
0 80 0 0 0 120 0 140 0 0 110 70 0 0 0 110 0 100 0 0 
0 130 0 150 0 0 150 0 0 0 0 0 90 110 0 0 0 0 0 150 
0 0 0 0 0 150 0 140 80 0 0 0 0 0 0 0 0 0 0 0 
0 0 0 50 0 70 90 0 0 60 0 50 150 0 50 0 130 0 0 0 
130 0 0 0 110 0 0 0 0 0 0 0 150 0 0 0 130 0 0 0 
0 0 0 0 0 80 0 0 0 0 0 0 0 0 140 0 0 0 0 0 
0 0 0 150 80 0 150 90 110 60 0 60 0 0 0 0 0 0 0 60 
60 0 0 0 0 0 0 50 0 110 100 0 0 0 0 0 60 0 0 0 
0 50 0 0 0 0 0 0 0 0 0 0 0 0 0 0 0 0 80 70 
140 0 90 120 0 0 80 0 0 130 110 0 60 140 0 0 0 0 0 0 
0 0 0 70 0 90 0 110 100 0 0 0 50 0 150 0 120 0 120 0 
0 0 140 0 0 0 0 0 0 0 0 0 0 0 0 0 0 0 100 0 
80 0 0 70 0 80 0 100 0 0 120 0 0 150 150 0 0 60 0 0 
0 100 0 60 0 0 0 70 0 0 0 0 0 0 0 130 140 50 130 0 
70 0 0 0 0 150 0 0 140 150 0 140 50 130 0 0 0 120 0 0 
0 0 0 120 0 0 0 0 0 120 0 0 0 140 0 0 0 0 0 0 
0 100 60 0 0 110 70 0 0 0 0 0 0 80 0 140 0 0 0 0 
0 0 130 60 0 0 0 0 50 0 0 0 0 0 60 0 0 0 0 0 
0 0 0 0 150 130 120 0 0 0 0 0 0 0 0 0 0 0 130 100 
0 0 0 0 0 0 0 0 0 0 80 0 0 0 100 0 80 0 150 60 
0 0 0 0 0 60 0 0 0 70 0 0 60 50 120 100 120 0 0 0 
0 110 60 0 0 0 0 0 140 0 0 70 0 0 0 0 0 0 50 0 
120 0 0 0 80 0 0 0 0 140 0 0 0 0 0 0 0 0 0 0 
0 100 0 0 0 0 0 80 0 70 0 140 0 0 0 0 0 0 0 0 
0 0 140 0 0 0 0 0 0 0 0 0 0 50 0 0 0 0 0 120 
0 0 0 60 0 0 140 0 60 0 0 90 0 0 50 100 0 0 110 0 
80 60 0 0 0 0 0 0 0 0 0 0 0 0 0 80 0 100 0 0 
0 0 0 90 60 100 0 110 130 0 0 0 0 0 0 70 140 0 0 0 
80 0 0 0 140 0 90 0 0 0 0 140 0 0 0 0 0 0 0 0 
110 50 150 0 0 130 0 0 0 0 0 0 0 140 100 0 0 0 0 140 
0 0 0 0 90 0 0 50 0 130 50 70 50 140 0 0 100 0 0 0 
80 0 0 80 0 0 120 0 50 0 0 0 0 0 0 0 0 0 70 0
---------------------
 
Processing cost   (0 -- non-optional machine)
Rows: sequential for each operation of each part; Columns: correspond to machine number
0 12 0 0 0 14 0 13 0 0 15 20 0 0 0 0 0 0 0 0 
0 0 12 0 17 16 0 0 0 18 0 0 0 13 0 0 0 0 0 0 
20 19 0 19 0 0 0 14 0 0 0 11 0 0 0 0 20 0 20 16 
0 0 0 0 0 0 0 13 10 18 0 0 0 0 0 19 0 0 0 0 
0 0 0 0 0 0 18 0 11 19 17 0 16 0 10 0 10 13 0 0 
0 0 0 0 13 0 12 0 13 20 11 17 0 0 0 0 0 17 0 11 
0 0 0 0 0 0 0 18 0 14 0 0 0 11 0 0 0 0 0 11 
16 0 0 0 15 0 0 0 0 0 0 0 0 20 0 15 0 0 0 0 
19 12 0 17 0 0 0 0 0 0 0 0 0 0 0 0 0 0 0 19 
0 10 0 0 0 0 19 0 11 0 15 0 0 0 12 0 0 0 10 0 
0 0 14 0 0 18 0 13 0 0 0 0 13 0 12 15 11 0 0 14 
20 12 0 0 0 0 16 0 0 0 0 0 20 0 0 0 0 0 0 20 
0 0 0 0 0 0 0 0 13 0 0 0 0 0 0 0 0 16 0 0 
0 14 0 0 0 0 0 0 19 0 0 0 0 0 0 15 0 11 0 0 
0 0 0 10 0 0 0 0 0 16 0 0 0 20 11 0 0 0 11 0 
0 0 0 0 0 0 0 0 10 16 18 17 13 19 0 0 0 0 0 10 
11 0 0 0 10 0 18 19 0 0 0 0 12 0 10 0 0 16 17 0 
12 0 0 19 17 0 15 14 0 17 0 0 0 0 0 0 10 10 0 0 
16 0 0 0 0 0 0 0 0 0 18 0 0 0 0 0 0 0 0 0 
0 20 11 12 0 0 18 0 15 0 0 0 0 12 0 14 0 0 13 0 
19 0 0 17 0 0 0 0 13 18 0 0 0 0 0 0 0 0 0 0 
0 0 0 10 12 0 0 0 0 0 0 0 0 0 0 0 0 0 0 16 
0 0 0 0 13 10 0 12 0 0 0 0 17 19 0 0 18 10 12 0 
0 0 11 0 0 0 0 0 0 0 0 16 14 0 0 0 0 0 0 0 
0 0 14 0 0 0 0 0 0 0 13 0 11 0 10 0 11 20 0 20 
12 10 0 0 0 0 0 0 0 10 0 0 19 11 0 19 17 0 15 0 
0 0 0 0 0 0 0 0 0 15 20 0 0 10 0 0 0 0 0 0 
0 20 0 0 0 0 0 0 0 12 0 0 0 0 0 0 0 0 0 20 
12 0 15 0 17 13 0 0 0 0 15 17 0 0 0 0 19 0 19 0 
0 0 0 0 13 0 11 0 0 0 0 0 0 0 0 0 0 0 0 0 
0 0 0 0 14 0 13 0 0 0 15 18 10 0 0 0 0 11 0 0 
15 0 0 12 0 0 0 0 0 0 0 17 0 0 17 19 13 0 13 20 
17 18 0 0 0 0 0 0 0 0 0 0 0 0 0 0 0 0 0 0 
0 0 0 0 0 0 0 0 0 0 19 0 0 0 0 13 0 0 0 0 
0 0 0 0 0 0 0 0 0 19 16 0 0 0 0 13 0 15 0 0 
0 0 0 0 0 0 0 0 0 17 0 0 0 0 0 0 0 0 0 18 
14 13 0 0 0 18 0 20 0 0 0 0 17 0 0 0 0 0 0 0 
0 0 0 0 0 0 10 0 0 12 19 0 14 0 0 0 0 0 0 0 
15 0 0 0 0 0 0 19 0 0 0 0 0 18 0 11 10 0 11 0 
0 0 11 0 20 0 0 0 0 19 0 0 0 0 0 0 0 0 0 17 
12 0 0 19 0 0 0 0 0 0 0 19 0 0 0 0 0 0 0 0 
0 0 0 0 11 0 0 0 14 11 0 0 0 0 16 0 0 12 0 17 
0 0 0 0 0 18 0 0 0 0 0 0 0 16 18 0 16 0 18 18 
11 0 0 0 0 17 0 0 13 20 0 0 0 12 0 0 10 0 0 12 
0 0 0 15 0 0 0 0 0 0 0 0 12 0 0 0 0 0 0 0 
16 0 0 0 0 0 0 13 0 0 15 20 11 0 0 0 13 0 0 0 
0 0 0 10 10 0 17 0 0 11 0 12 0 0 10 0 0 0 0 18 
17 0 20 0 0 12 14 0 0 0 20 11 0 0 0 15 0 0 0 0 
17 0 0 0 0 0 0 0 0 0 0 10 0 0 0 11 0 0 0 0 
0 0 0 0 14 0 0 0 0 0 0 10 0 0 18 10 0 0 14 0 
0 15 0 0 0 0 0 0 0 0 0 0 13 0 0 0 0 11 12 0 
0 17 0 0 0 0 0 0 0 0 0 12 10 0 19 0 0 0 0 0 
0 0 0 0 0 20 0 0 0 0 0 13 0 13 0 0 0 0 0 0 
0 0 0 0 19 13 0 0 12 18 0 0 20 12 0 14 0 0 0 18 
0 11 0 0 0 0 0 0 0 0 0 0 0 19 0 0 16 0 0 0 
0 0 0 0 0 0 0 0 0 0 0 13 0 18 0 0 0 15 0 0 
12 0 10 15 19 0 12 0 0 0 0 0 0 0 0 0 0 0 0 10 
0 0 0 0 0 0 0 0 0 11 0 15 0 18 14 0 12 11 16 16 
0 0 0 0 0 0 0 0 0 16 14 14 0 0 0 0 0 0 0 0 
0 0 0 0 0 0 14 0 0 0 0 19 16 0 0 0 0 13 0 0 
0 0 20 0 0 14 0 0 0 20 0 0 0 0 0 0 0 0 0 16 
0 0 15 0 0 0 0 0 0 18 0 0 0 0 20 0 0 0 0 0 
0 0 0 0 0 0 12 0 0 0 17 0 0 0 18 0 0 15 0 0 
0 0 0 0 11 10 0 18 0 0 0 0 0 13 20 12 10 0 0 0 
0 0 0 12 0 0 0 15 20 14 0 0 0 16 0 0 0 0 0 0 
10 0 0 0 20 0 0 14 0 0 12 0 0 18 0 0 18 0 0 0 
0 0 11 0 0 0 10 0 0 0 13 0 0 11 16 0 0 0 0 0 
0 0 0 0 0 0 0 0 0 0 14 0 0 0 0 0 0 0 20 0 
15 0 0 0 0 16 12 0 0 0 0 10 0 0 11 0 0 0 0 0 
0 0 0 0 0 20 0 0 13 0 13 0 12 0 0 0 0 19 19 0 
20 0 0 0 14 11 0 0 13 0 0 16 0 0 17 0 0 0 0 0 
0 0 0 0 15 0 0 0 0 20 11 0 19 0 0 0 0 17 0 0 
0 0 0 0 0 15 0 0 0 11 0 0 20 17 0 15 0 10 0 0 
0 11 0 0 0 0 0 0 0 0 0 0 0 0 13 19 0 0 0 0 
14 0 17 0 0 0 0 16 0 0 0 13 0 18 10 0 0 0 0 0 
16 17 0 0 0 11 17 0 12 0 10 14 14 0 0 0 0 0 0 0 
0 0 0 19 0 0 0 13 0 0 0 0 0 0 0 0 0 0 0 0 
17 0 0 0 20 17 19 11 0 0 0 0 0 0 0 0 0 0 0 0 
0 0 0 15 0 16 0 0 0 0 0 12 13 0 10 0 0 0 0 0 
0 0 0 0 12 11 0 11 0 0 0 0 0 11 0 15 0 0 18 12 
0 15 0 0 18 0 0 0 0 0 0 0 0 0 0 20 0 0 0 16 
11 0 0 20 0 15 0 0 0 10 0 0 18 0 19 0 15 15 0 0 
10 0 19 0 0 19 0 0 0 0 0 0 0 17 12 0 0 14 0 0 
0 14 0 0 0 0 0 0 17 0 14 16 0 0 20 0 16 0 16 16 
19 16 0 12 0 0 0 0 16 0 0 0 13 0 0 0 0 0 20 0 
0 0 0 0 15 10 0 0 0 10 0 0 0 0 0 0 15 0 0 0 
0 0 0 18 12 0 0 0 0 0 14 0 0 14 0 0 11 0 0 0 
0 0 0 0 0 0 0 14 0 0 0 16 0 0 0 0 0 0 0 0 
0 0 17 0 17 13 0 0 20 19 0 0 0 16 0 20 0 0 0 15 
0 19 17 0 0 0 0 0 0 0 0 0 0 0 0 0 20 0 0 0 
0 0 18 0 0 0 17 0 0 0 0 0 0 0 0 0 0 0 0 0 
20 0 0 19 0 0 18 0 0 0 0 18 0 16 0 0 0 0 0 0 
0 0 0 0 0 0 20 0 0 0 0 11 0 0 0 0 0 0 0 0 
0 18 0 0 15 0 0 0 12 0 0 0 0 0 11 10 0 0 0 0 
0 0 0 0 0 0 0 0 0 16 0 0 0 15 0 19 0 0 0 0 
10 15 0 10 0 0 14 18 0 11 0 0 17 0 0 0 0 0 0 0 
0 0 16 0 0 12 0 0 0 0 0 0 0 0 0 0 16 15 0 0 
14 0 0 0 0 14 0 0 12 0 0 11 0 0 0 0 0 0 0 0 
0 13 0 0 0 0 0 0 0 19 15 0 0 10 0 11 0 0 12 0 
14 0 19 0 0 0 0 0 0 0 0 0 0 0 17 0 16 0 11 0 
10 0 0 10 0 0 0 0 0 0 11 0 15 0 0 10 0 0 0 0 
0 0 0 0 0 10 17 0 0 0 0 15 18 12 0 0 0 0 17 0 
0 17 12 0 0 12 19 0 17 0 19 0 17 0 12 0 0 0 0 0 
14 0 0 0 15 19 0 0 17 0 0 18 0 20 0 0 0 0 0 0 
0 0 0 15 20 0 0 0 12 19 0 0 0 0 0 0 0 11 0 0 
0 0 10 0 17 0 0 0 0 16 0 0 0 0 14 0 17 0 14 0 
0 0 11 0 0 0 0 0 0 0 0 0 0 0 0 0 0 0 0 12 
0 0 19 0 0 0 0 17 0 0 0 0 0 0 0 0 0 0 11 0 
0 0 0 12 18 0 18 10 0 0 0 0 0 11 0 0 0 0 0 0 
0 14 0 16 0 0 0 0 0 0 0 0 0 11 0 0 0 0 0 0 
0 0 0 0 19 0 0 0 0 0 0 0 0 0 11 0 17 0 0 16 
0 0 0 0 0 0 0 0 0 0 0 0 0 0 0 10 0 10 0 0 
0 0 0 0 20 0 0 0 0 0 0 0 16 0 0 0 0 0 0 0 
0 0 0 0 11 0 0 0 0 0 0 0 14 0 0 0 0 0 0 16 
0 0 0 0 0 16 0 17 15 17 15 18 0 17 0 0 0 0 0 0 
0 0 15 16 0 0 0 0 0 0 12 0 0 11 0 0 0 0 0 15 
0 16 0 0 0 13 0 0 0 0 0 0 0 0 0 0 0 0 14 0 
19 14 0 0 0 0 0 0 0 0 12 0 16 0 0 15 12 0 14 12 
0 0 0 13 0 0 0 11 0 0 0 0 11 0 13 0 0 0 0 11 
0 0 0 0 0 0 0 0 0 20 0 0 0 0 0 0 10 14 0 0 
0 13 0 0 10 0 0 0 0 17 0 0 0 0 0 0 0 19 12 0 
0 15 0 0 11 13 0 0 0 0 0 0 0 18 0 0 0 0 19 10 
0 0 0 0 18 0 18 0 20 0 20 10 13 0 0 11 0 16 0 0 
0 0 0 0 0 0 0 0 0 13 0 0 0 17 12 0 0 0 10 0 
0 0 0 13 12 0 0 15 16 0 0 0 0 0 17 15 0 15 12 0 
0 12 0 0 0 17 0 0 0 0 0 0 0 0 0 0 12 0 0 0 
0 0 0 0 0 0 0 0 0 0 0 0 0 0 0 0 10 18 0 0 
0 0 12 0 0 0 0 0 14 12 0 0 0 0 16 0 0 18 0 0 
0 16 19 0 16 0 0 0 16 10 0 12 0 0 0 16 0 0 0 20 
0 0 0 0 0 14 0 0 0 0 0 0 0 0 0 15 0 11 0 0 
0 0 0 0 0 0 17 0 0 17 0 0 0 0 0 0 0 0 0 0 
0 0 0 0 0 0 19 0 0 0 11 0 0 0 0 0 0 0 0 0 
0 19 0 19 0 0 16 17 0 0 0 0 0 0 17 0 15 17 18 0 
0 0 0 0 19 16 0 12 0 15 17 0 0 0 0 0 0 0 12 14 
13 0 20 0 10 0 14 0 13 18 0 0 0 17 0 0 0 0 0 0 
16 12 0 0 0 10 0 0 0 13 15 0 18 0 0 14 0 0 0 0 
0 0 0 18 0 0 15 0 0 17 20 13 0 0 0 0 0 18 0 17 
18 14 0 0 0 0 0 12 19 0 0 0 0 0 0 0 0 0 0 0 
0 0 0 10 0 0 0 14 10 13 0 0 0 10 12 0 0 0 17 16 
0 0 0 0 17 0 0 0 0 0 0 0 0 14 0 0 0 0 0 0 
0 0 0 0 19 0 0 0 0 11 10 0 0 0 0 0 0 0 12 0 
0 0 13 12 0 0 11 0 15 0 13 0 0 0 0 0 18 12 0 20 
19 0 17 0 0 13 0 0 0 0 0 12 0 19 0 12 0 0 0 0 
0 14 0 12 14 0 0 20 0 0 0 0 0 12 11 20 16 0 0 0 
10 0 0 0 0 15 0 0 0 0 17 0 0 0 0 0 0 20 0 0 
0 0 17 0 0 17 0 0 13 20 0 0 14 0 0 0 10 0 18 11 
0 20 0 10 0 0 0 12 15 0 15 0 0 13 0 0 0 16 14 0 
18 0 0 0 0 0 0 18 13 0 14 0 0 0 0 0 0 0 0 0 
18 0 18 0 0 0 19 0 0 0 10 0 0 0 0 20 0 0 0 0 
10 11 0 14 0 0 20 0 0 0 0 18 0 20 0 15 0 0 16 0 
0 16 0 0 0 10 0 0 0 12 0 0 10 0 0 0 0 16 0 0 
0 0 19 11 0 0 0 0 18 0 14 0 0 0 0 0 0 0 0 0 
14 0 0 0 19 0 0 0 17 10 0 20 0 0 0 0 19 16 0 0 
0 0 0 0 0 0 0 0 0 19 0 0 0 0 0 0 0 0 17 0 
0 0 0 0 0 0 14 0 0 0 20 0 15 0 0 18 11 0 0 0 
0 0 0 0 0 17 0 0 0 0 0 14 0 11 0 0 0 0 0 17 
0 20 11 0 14 0 0 0 18 0 0 0 12 17 0 0 16 0 0 16 
17 0 10 17 10 16 0 0 0 0 0 0 0 19 0 0 0 0 0 0 
0 12 0 0 0 20 14 0 0 0 0 19 19 0 0 0 0 0 16 0 
16 0 0 11 0 16 0 0 0 0 0 0 0 0 0 0 0 17 0 0 
0 0 0 0 0 14 0 16 0 0 0 12 0 0 0 14 12 0 0 0 
16 0 0 16 0 0 0 0 0 13 0 15 0 0 0 13 0 0 0 0 
0 0 0 0 0 13 0 0 19 0 18 0 19 16 0 0 0 0 0 0 
12 0 0 13 11 16 11 0 0 12 0 0 0 0 0 0 0 0 0 19 
0 0 0 19 19 0 0 0 0 17 0 13 12 0 0 16 0 12 14 0 
0 0 0 0 0 0 0 16 0 0 0 0 20 0 0 0 0 0 0 0 
0 0 15 11 0 0 0 0 0 0 0 0 14 11 17 0 0 0 0 0 
0 19 0 16 12 0 0 0 0 0 16 0 0 0 10 0 13 16 16 0 
0 0 0 0 20 19 0 0 18 17 0 17 19 0 0 0 0 0 0 0 
0 0 0 0 0 0 0 0 0 16 0 0 0 0 0 17 0 0 0 0 
0 15 20 12 14 0 0 0 0 12 18 0 0 15 0 12 0 0 0 0 
0 0 0 0 0 0 0 0 0 19 0 0 13 20 10 0 14 12 19 0 
0 0 0 0 0 0 0 0 0 0 0 0 0 0 0 0 0 0 20 11 
0 15 0 0 0 14 16 0 0 14 0 0 0 0 0 0 0 18 0 17 
20 0 0 12 0 0 13 12 0 0 0 0 10 14 0 10 0 0 20 0 
0 20 10 20 0 18 0 0 0 13 0 0 17 0 0 15 0 0 17 0 
0 0 14 0 0 0 13 0 0 0 14 0 0 0 14 20 0 0 0 0 
15 0 0 0 0 0 0 0 17 0 16 0 0 12 18 0 0 0 0 0 
0 0 0 0 19 0 0 11 13 0 0 11 0 0 0 0 0 13 15 0 
0 0 0 0 11 0 0 0 16 13 0 0 0 15 11 0 0 0 0 18 
0 0 0 0 0 0 0 12 0 0 0 16 0 0 0 14 0 19 0 14 
0 0 0 0 0 0 0 11 0 0 0 0 0 0 0 0 18 0 0 0 
0 0 0 0 18 0 0 16 0 18 0 0 0 10 0 12 0 0 0 13 
0 0 0 20 0 0 0 17 0 0 0 0 0 0 0 15 0 0 0 0 
0 0 19 0 0 14 0 18 0 0 0 0 0 0 0 0 0 0 0 0 
0 0 16 0 0 17 0 0 17 0 0 0 0 0 0 11 20 0 13 18 
0 14 0 0 14 0 0 0 19 0 0 0 0 0 0 18 0 0 0 0 
0 11 0 13 0 13 0 17 14 0 0 13 0 0 0 0 15 0 10 0 
0 0 0 0 12 19 0 0 0 0 15 0 0 18 0 0 0 0 0 0 
0 0 0 13 0 0 0 17 0 0 0 0 0 0 0 0 0 0 0 0 
0 0 0 0 0 0 0 0 0 14 0 0 0 20 0 0 0 0 0 0 
0 0 0 10 0 0 0 0 0 0 0 0 18 15 14 0 0 0 0 20 
0 0 0 0 0 0 0 0 0 0 0 0 0 0 0 17 15 11 0 13 
13 0 0 0 0 0 0 0 18 20 0 0 12 0 0 0 0 0 0 0 
0 0 0 18 0 0 0 0 14 11 0 13 0 0 0 0 0 0 0 19 
11 0 0 0 0 0 0 0 0 0 0 0 0 0 0 15 0 0 0 0 
0 0 0 0 19 0 0 0 17 0 0 0 16 0 0 0 0 0 19 0 
20 0 13 0 0 0 0 20 0 0 0 20 0 0 0 0 19 0 0 14 
0 0 0 0 0 0 0 0 0 0 17 0 17 0 0 0 0 0 0 0 
16 0 0 0 0 16 0 0 0 0 0 0 0 0 0 0 14 0 0 0 
0 0 0 12 0 10 0 0 0 17 0 0 20 0 0 0 10 0 13 0 
0 0 0 0 0 0 14 0 16 0 0 14 0 0 12 0 0 0 0 0 
0 0 0 0 0 0 0 0 12 0 11 0 0 0 0 0 0 0 0 0 
10 0 11 0 0 0 0 17 0 0 0 0 0 0 0 0 0 0 17 0 
0 0 12 0 0 0 0 0 0 0 0 0 0 0 10 13 0 13 0 0 
0 0 0 0 0 12 12 0 0 0 0 0 0 0 0 0 0 0 0 0 
20 12 0 12 0 0 0 0 14 0 0 0 19 0 0 18 0 19 0 0 
0 0 20 0 0 0 14 0 15 0 0 0 0 0 12 0 0 0 0 0 
0 13 0 0 13 0 0 14 0 11 0 0 0 0 11 0 0 0 0 0 
0 0 0 0 11 0 0 0 0 0 0 0 0 0 0 0 12 0 0 0 
0 0 0 18 14 0 0 0 10 0 0 10 0 0 0 20 0 0 0 20 
0 0 0 0 0 0 0 0 0 0 0 14 0 0 0 0 0 0 0 10 
12 0 0 0 13 15 0 17 0 0 0 0 0 0 13 0 0 0 0 0 
0 0 16 16 0 14 10 19 16 0 0 0 0 0 0 19 0 0 12 0 
0 0 0 0 0 0 0 0 0 0 11 0 0 0 0 15 0 13 0 0 
0 0 0 0 16 0 0 0 10 0 0 0 0 0 20 15 0 0 0 17 
0 0 0 0 0 11 0 20 0 0 12 0 0 0 0 0 0 13 20 11 
17 0 0 0 0 0 0 10 0 0 0 0 12 0 14 11 0 0 0 15 
0 18 0 0 15 0 0 10 0 0 0 0 0 0 10 0 0 10 0 0 
0 0 15 0 0 0 0 0 0 0 0 0 0 0 0 0 0 0 0 16 
0 0 0 0 15 0 0 18 0 0 12 0 0 13 0 14 18 0 0 0 
0 19 0 0 0 0 0 0 17 0 0 0 0 0 0 0 0 0 0 0 
0 0 0 0 0 0 0 0 16 19 0 0 0 0 0 0 0 13 0 0 
0 0 0 18 0 0 0 0 18 0 0 17 20 15 0 0 0 0 0 17 
0 0 0 0 0 0 20 14 18 17 11 0 0 0 0 0 17 17 0 0 
0 0 0 0 0 0 0 0 18 0 0 19 0 0 0 0 0 20 0 15 
18 0 18 0 0 16 19 15 0 0 0 16 0 20 0 0 19 0 0 0 
0 0 0 0 0 0 15 0 0 0 0 0 0 0 0 0 20 0 14 0 
0 0 0 0 0 0 0 12 0 19 13 0 0 0 0 15 0 0 0 0 
0 11 0 0 15 15 0 0 12 0 0 17 0 0 16 0 0 0 0 16 
15 15 0 0 0 0 19 14 0 0 0 20 0 0 0 12 0 0 18 0 
0 19 0 0 12 19 15 13 0 0 0 0 13 0 0 0 0 15 0 0 
12 0 17 0 18 0 0 19 0 0 0 0 18 0 0 0 20 0 0 0 
0 0 0 16 0 0 16 0 0 11 0 18 0 0 20 12 0 0 19 19 
0 19 17 0 0 0 18 0 0 0 15 10 18 0 0 0 18 0 0 0 
0 15 0 0 12 0 0 0 0 0 0 0 0 0 0 0 15 10 0 0 
0 0 0 0 0 0 0 0 0 0 0 0 0 0 12 0 0 0 17 0 
0 0 0 0 0 11 0 0 17 0 0 0 0 12 0 13 19 17 0 0 
0 0 0 0 0 0 0 0 0 0 0 0 13 0 0 0 0 15 13 0 
20 0 0 0 0 0 0 14 0 0 0 0 0 0 20 0 0 0 0 0 
0 0 0 0 0 0 18 0 0 0 0 0 11 0 11 0 0 0 0 0 
0 19 0 0 0 0 0 0 0 0 17 0 0 0 0 0 0 0 0 0 
0 10 0 0 0 0 0 0 11 0 0 0 0 0 0 0 0 0 0 0 
0 16 18 0 19 0 0 0 20 0 10 0 11 12 0 0 0 0 0 0 
0 0 0 0 0 0 15 13 0 0 0 0 0 0 0 0 0 0 0 0 
0 0 0 0 0 0 16 0 0 20 16 0 16 0 0 0 0 15 0 0 
0 0 16 12 0 0 0 15 0 0 0 15 0 0 10 0 0 0 0 13 
0 0 0 16 0 0 14 0 0 0 0 0 0 0 0 0 0 0 0 0 
0 0 0 0 0 0 0 0 0 18 0 20 0 18 0 18 0 0 18 0 
13 0 13 0 0 0 0 0 0 0 0 0 0 0 0 0 0 14 13 0 
0 13 13 0 0 0 0 0 0 19 18 0 15 0 20 0 0 0 0 0 
0 0 11 13 20 0 0 12 12 0 0 15 0 0 0 0 0 0 11 0 
17 0 0 0 20 0 0 11 0 17 0 0 0 17 14 16 0 12 0 0 
0 15 0 16 0 0 0 11 0 11 0 20 0 0 11 0 0 0 0 0 
0 0 17 0 0 0 0 0 16 19 0 14 0 0 0 0 10 0 0 0 
0 0 0 0 0 0 0 0 20 0 20 0 19 0 0 0 0 0 11 14 
12 0 0 0 0 0 0 0 0 0 0 0 13 0 0 0 0 0 0 0 
13 0 0 17 12 0 0 0 11 0 0 0 0 0 0 12 0 0 0 0 
0 0 0 0 15 0 0 20 0 0 0 20 0 0 0 15 0 0 0 0 
0 0 0 17 0 0 13 0 0 0 0 0 0 0 10 19 14 0 0 20 
19 0 0 15 0 20 0 0 0 0 0 0 0 0 0 20 0 0 16 0 
0 11 0 0 0 19 0 0 0 0 15 0 0 0 0 0 0 0 0 0 
0 0 0 0 0 14 0 0 0 0 16 14 12 0 0 0 12 0 0 0 
0 13 0 20 0 0 15 0 0 0 0 0 0 0 0 0 0 0 0 0 
0 13 0 0 0 13 0 0 12 0 0 0 0 16 0 0 0 16 0 0 
14 0 0 0 19 10 0 0 0 0 0 0 0 14 0 18 17 17 20 0 
0 0 0 11 0 16 0 0 16 16 0 0 0 0 0 0 0 11 19 10 
0 0 0 0 14 11 0 0 0 0 0 16 0 11 0 0 0 0 0 0 
0 0 0 0 0 0 0 16 17 0 0 0 0 19 18 0 0 0 0 13 
20 0 0 0 0 0 0 12 11 0 0 14 0 17 0 20 0 0 12 15 
20 11 0 0 0 0 0 15 0 11 0 20 0 0 0 0 0 0 0 0 
10 0 0 0 0 0 0 0 0 0 13 0 0 0 19 11 13 17 0 15 
0 0 0 10 0 0 14 0 19 0 0 0 0 0 0 0 0 19 0 18 
0 0 16 11 0 0 0 0 0 0 0 12 0 0 13 0 15 0 0 0 
0 0 0 0 0 0 0 0 0 12 0 0 13 11 0 0 0 0 16 14 
0 0 13 0 0 0 0 16 0 0 0 14 0 0 0 14 13 0 0 13 
0 12 0 0 0 0 0 0 0 0 0 0 0 0 0 14 0 0 0 0 
0 0 0 0 0 0 0 0 14 0 10 10 0 0 0 0 13 0 0 0 
11 0 16 16 0 10 0 13 0 0 0 13 0 0 0 0 0 0 0 16 
0 0 0 0 0 0 0 0 0 10 16 0 11 11 0 0 11 0 19 0 
0 0 0 14 0 0 0 0 0 0 19 0 15 10 0 0 0 0 0 0 
20 0 0 16 0 0 0 18 0 0 15 0 0 0 0 16 0 0 0 0 
18 0 13 20 0 0 0 0 12 0 0 0 0 15 0 0 0 0 15 0 
18 0 19 13 20 0 0 0 0 0 0 0 0 0 0 0 0 12 0 0 
14 0 12 13 0 0 15 0 0 0 0 11 0 14 0 14 0 0 0 0 
0 0 0 0 0 0 0 0 0 0 0 13 0 0 0 0 14 0 0 0 
10 0 0 0 18 0 0 0 0 0 0 0 0 0 0 18 0 10 0 11 
0 19 0 0 16 0 12 12 0 0 0 0 0 0 0 0 14 0 20 0 
0 0 0 0 0 0 0 0 19 0 0 0 11 0 0 0 0 16 16 0 
0 20 10 0 0 19 20 0 0 0 0 0 0 18 0 0 14 11 0 0 
0 0 0 0 0 0 12 0 0 0 14 0 19 0 0 0 12 0 0 10 
0 0 0 14 0 15 14 0 0 0 0 0 0 0 0 0 0 0 0 0 
0 0 0 0 0 0 17 0 18 14 0 14 0 0 12 0 18 15 0 17 
0 0 0 0 0 0 0 0 0 0 0 0 16 0 0 0 0 0 0 14 
0 0 16 0 0 0 0 15 0 0 0 0 19 0 0 0 0 0 0 0 
0 0 0 0 0 0 0 12 0 0 0 0 0 0 0 0 14 0 0 13 
11 0 0 0 17 0 0 0 0 17 0 0 0 14 0 0 0 0 0 0 
0 12 10 0 0 0 0 0 0 0 0 0 0 0 0 18 0 0 18 11 
0 17 0 0 10 0 0 0 10 17 0 0 17 0 0 0 0 0 0 0 
16 0 12 0 20 0 0 0 18 0 0 11 0 0 11 0 0 0 0 0 
0 20 0 13 17 0 0 0 11 19 0 15 0 0 0 0 0 0 0 0 
0 0 0 0 0 0 0 17 0 16 0 0 0 0 0 18 0 20 0 16 
0 0 0 18 0 11 0 0 0 0 0 0 0 0 17 0 0 0 0 0 
17 0 0 19 10 0 0 0 0 0 0 0 19 19 0 19 0 18 0 0 
17 0 11 0 16 20 0 0 0 0 0 0 0 0 0 0 0 14 0 0 
0 0 0 0 13 13 20 0 0 13 18 0 0 0 16 0 10 17 0 0 
0 0 0 0 20 13 0 0 0 0 0 0 0 0 0 16 0 0 13 0 
0 0 0 0 0 0 0 12 13 0 10 0 0 17 17 0 0 20 20 14 
18 17 0 0 0 18 0 0 0 15 0 12 0 0 0 20 15 0 0 14 
0 0 0 0 0 13 0 0 0 0 0 0 0 0 0 20 19 0 13 0 
0 0 15 0 13 16 0 0 12 10 19 0 20 0 0 0 0 0 0 17 
10 0 12 0 0 0 0 0 0 0 0 0 0 0 0 0 0 0 0 0 
0 0 0 18 0 0 0 0 14 0 0 0 0 0 0 0 0 0 0 0 
0 0 20 0 0 0 16 0 0 0 0 0 0 13 12 0 0 0 0 0 
0 0 17 16 15 0 0 0 0 0 0 16 0 18 0 0 14 0 0 0 
0 0 0 11 0 0 20 0 19 12 20 18 0 0 0 0 11 13 0 0 
0 0 0 11 0 0 12 0 0 15 11 0 13 0 11 17 0 0 0 10 
0 0 11 11 0 0 0 0 13 0 0 0 0 0 0 20 0 0 0 0 
0 0 0 10 0 0 17 0 0 16 0 0 0 0 17 0 0 0 0 0 
0 0 0 0 0 0 0 0 19 0 0 0 0 14 0 0 10 0 15 0 
19 0 0 20 0 0 19 13 0 0 18 0 0 0 0 0 0 0 0 0 
0 0 0 0 0 0 0 0 0 17 0 0 0 0 0 11 0 0 0 0 
0 0 0 0 17 0 0 0 17 0 0 0 0 0 0 0 0 0 0 0 
0 10 18 0 0 0 0 11 0 19 0 11 0 10 12 0 13 0 0 0 
0 0 0 0 0 0 0 0 11 18 0 18 13 13 16 0 0 0 0 0 
0 0 0 0 0 0 0 0 0 0 0 20 20 0 0 0 18 0 0 0 
0 0 15 0 0 0 12 12 12 10 15 0 0 0 20 14 0 0 0 0 
0 0 0 0 0 0 12 20 16 0 0 0 0 0 0 0 0 0 16 0 
0 0 0 0 0 0 0 0 0 0 0 0 0 0 0 0 19 0 0 15 
0 0 0 20 11 15 0 0 17 0 0 0 0 0 0 0 0 0 0 0 
0 0 11 0 13 0 18 0 0 0 13 0 0 13 10 0 0 0 15 0 
0 0 11 0 0 17 10 0 0 13 12 17 17 0 0 0 0 0 0 14 
11 0 0 0 12 0 0 0 0 0 0 0 20 17 18 0 0 0 0 0 
0 0 15 0 11 0 0 0 0 19 13 17 0 0 0 18 0 0 10 0 
12 16 0 0 0 0 0 0 0 0 0 0 20 15 14 0 0 16 0 0 
11 20 0 15 0 0 0 0 18 0 0 11 0 0 0 0 0 0 0 0 
0 0 0 0 0 0 0 0 0 0 0 0 0 0 10 0 0 0 20 0 
0 16 12 0 0 0 0 0 0 0 0 0 0 0 0 0 0 0 0 0 
0 0 0 0 0 0 0 0 10 0 12 16 0 0 14 0 0 19 11 0 
0 0 0 0 19 0 0 0 0 0 0 0 0 0 0 14 0 0 15 0 
0 0 11 0 0 12 0 0 20 20 18 0 0 0 17 0 0 0 0 17 
0 0 20 18 18 0 0 0 20 0 0 0 0 0 0 0 0 11 0 0 
0 0 0 0 11 0 0 0 0 0 0 18 0 0 0 0 0 0 0 0 
18 10 0 0 0 0 0 0 17 0 10 0 0 16 0 0 0 0 0 14 
0 20 0 0 0 14 0 15 0 0 13 0 0 0 0 0 0 10 11 16 
0 0 20 0 0 0 10 0 0 0 11 0 0 18 0 20 0 13 0 0 
16 0 0 0 0 0 0 18 0 0 19 0 11 16 0 0 10 0 14 0 
0 20 0 0 0 0 17 13 0 18 0 12 17 0 0 13 0 0 19 0 
0 0 0 18 0 0 0 0 0 0 0 0 0 0 0 19 0 0 0 0 
0 0 0 15 0 17 0 0 0 12 0 0 12 0 0 0 0 0 0 0 
0 0 0 0 0 0 19 0 0 18 0 0 20 0 0 11 0 10 12 0 
0 0 0 0 0 0 0 0 20 0 0 17 0 0 0 0 0 0 0 0 
0 0 17 0 0 0 0 0 0 0 0 14 0 0 0 0 0 0 0 0 
0 0 0 0 0 0 0 14 0 0 0 0 0 16 0 0 0 0 0 0 
0 0 15 18 0 0 0 0 0 0 0 0 0 0 0 17 16 19 0 0 
20 0 17 0 0 0 0 0 0 0 20 0 19 19 0 0 0 0 0 0 
0 0 0 0 0 0 0 0 0 0 0 15 14 0 0 0 0 0 15 15 
0 0 20 0 0 12 0 0 14 18 0 0 0 0 0 0 0 0 0 17 
0 0 14 0 0 0 0 0 0 0 0 12 0 0 0 10 0 0 0 0 
0 0 0 0 0 19 0 0 0 0 0 0 19 16 0 0 12 16 20 0 
0 0 19 13 18 13 15 0 0 0 0 0 0 0 0 20 0 11 18 0 
0 11 11 0 0 14 0 0 0 13 0 0 0 0 0 0 17 0 0 0 
11 0 18 0 0 0 0 0 0 0 0 0 0 0 17 20 0 0 0 0 
0 0 0 16 0 11 0 0 0 0 0 0 18 0 0 0 20 0 0 0 
0 0 0 19 0 17 0 0 11 0 0 0 0 0 0 0 0 0 0 0 
0 0 0 0 0 0 14 0 13 0 0 0 0 0 0 0 0 0 0 16 
12 12 0 0 0 0 0 19 16 0 0 0 0 0 0 20 0 0 0 0 
0 13 0 10 0 0 15 0 11 0 0 0 10 0 0 0 13 0 20 0 
17 0 0 0 0 0 0 0 0 0 0 12 0 18 11 0 19 0 0 0 
11 0 0 0 0 0 0 0 0 0 0 0 0 0 0 0 0 12 0 0 
0 0 0 0 12 0 0 0 0 0 0 0 0 0 0 0 19 11 0 0 
0 10 0 19 0 15 15 0 16 0 0 0 0 0 0 0 0 0 20 0 
0 0 0 0 0 11 0 19 13 15 0 0 0 0 0 0 0 0 0 0 
0 15 0 0 15 0 0 0 14 0 0 0 20 13 0 12 10 0 11 0 
11 0 0 0 0 0 0 0 0 10 0 0 0 12 0 0 17 18 0 0 
10 0 0 0 0 20 17 0 20 0 0 10 0 0 0 12 16 0 0 20 
15 17 16 0 0 0 0 0 0 13 0 0 0 0 13 0 0 0 0 0 
0 0 0 0 0 10 0 0 0 0 0 14 0 0 0 0 12 0 0 0 
0 0 13 0 15 0 0 0 14 0 0 18 0 19 0 0 11 0 0 18 
20 0 18 13 0 0 0 0 0 12 0 16 0 20 15 0 0 0 0 0 
0 0 17 10 0 14 0 0 0 15 0 0 0 0 14 0 0 0 0 17 
0 0 15 0 15 0 0 20 0 0 0 0 0 0 17 0 0 11 0 0 
0 0 0 0 0 0 14 0 0 0 15 0 0 0 0 0 0 0 12 0 
0 12 0 0 0 0 0 0 10 0 0 0 0 0 0 0 0 0 0 0 
16 0 0 0 0 0 0 0 0 0 0 0 16 0 14 0 0 0 0 0 
0 14 0 0 0 17 0 19 0 0 0 18 0 0 0 19 0 11 0 15 
17 15 0 0 14 0 0 19 0 19 0 0 0 12 19 0 0 0 0 0 
0 0 10 0 0 12 0 0 0 18 0 0 0 0 0 0 0 0 0 0 
0 0 0 0 0 11 11 0 0 11 0 0 0 0 0 0 0 0 0 0 
11 10 15 18 0 0 0 19 0 0 0 0 14 0 0 0 0 0 0 12 
0 0 0 0 0 13 0 16 0 0 0 0 10 0 17 0 0 0 20 15 
0 14 0 0 0 0 0 0 18 0 0 0 0 0 11 0 0 0 0 0 
20 0 0 0 0 0 12 0 0 10 17 0 0 0 13 0 15 0 0 0 
0 14 0 0 11 0 18 0 0 0 10 0 17 17 0 0 0 0 18 0 
0 0 0 0 16 0 0 0 0 0 0 0 0 0 18 0 0 0 0 0 
0 0 0 20 0 0 0 17 14 18 0 0 19 0 13 13 0 0 0 15 
0 16 0 0 0 0 0 0 12 0 0 0 0 0 0 0 0 0 0 0 
13 0 0 0 0 0 0 15 0 0 0 0 0 0 11 0 0 0 0 15 
0 14 11 0 15 0 0 0 0 0 12 0 0 0 0 10 0 0 14 0 
10 14 0 0 20 0 0 0 12 0 20 0 0 11 0 0 0 11 0 0 
0 0 0 0 15 0 0 0 0 0 0 0 11 0 0 0 0 0 0 0 
0 0 0 10 0 0 0 0 19 0 0 0 0 0 11 0 0 0 0 0 
0 0 0 0 0 0 0 16 0 0 0 0 0 0 0 0 0 14 0 0 
0 0 0 0 0 0 0 14 0 18 0 0 0 0 0 0 0 0 0 0 
11 0 0 0 0 0 0 0 0 0 0 0 0 0 0 0 0 0 0 16 
0 0 15 0 0 0 0 0 10 0 0 0 0 0 0 0 0 0 0 0 
0 0 0 0 0 0 0 0 0 0 0 0 0 0 0 0 11 0 0 10 
0 0 0 0 0 0 0 0 0 17 0 0 0 0 0 0 0 14 0 0 
0 0 0 0 13 0 0 12 0 20 17 18 13 0 0 0 0 0 0 0 
0 0 18 0 0 0 12 0 0 19 11 20 0 0 0 0 0 10 20 0 
0 10 0 0 0 0 0 0 0 19 0 0 0 10 12 20 0 0 10 11 
18 0 12 0 0 14 0 0 0 17 0 0 18 0 0 0 0 11 0 0 
0 0 0 0 0 0 20 16 0 0 0 0 0 14 0 0 0 0 0 0 
0 0 0 0 0 0 0 0 0 18 0 0 0 0 13 10 0 0 0 0 
0 0 0 17 11 0 0 20 18 0 0 15 0 0 10 20 0 0 0 13 
0 16 10 17 0 20 0 0 0 0 0 0 0 17 0 0 0 10 0 0 
0 0 0 0 0 0 16 0 0 0 0 0 13 0 17 0 0 0 0 0 
17 19 0 0 0 0 16 19 0 0 0 0 19 0 0 0 0 0 0 15 
0 10 0 0 0 0 12 0 0 0 0 0 0 0 0 0 0 0 0 18 
14 0 17 0 11 0 0 0 0 0 18 17 0 0 0 12 0 0 0 10 
0 0 0 10 15 0 0 0 12 11 0 0 0 0 0 0 0 0 0 0 
11 0 0 0 15 0 0 10 0 0 0 0 0 0 0 0 0 0 0 0 
0 0 0 0 0 17 0 0 0 0 0 17 0 0 0 0 17 0 0 0 
0 0 0 0 19 0 0 0 0 20 0 0 0 0 14 20 13 0 12 0 
0 0 0 14 0 0 0 0 0 17 15 0 0 0 14 0 0 0 0 0 
11 16 0 16 0 15 0 16 0 0 0 0 0 0 19 0 0 0 18 0 
0 19 0 0 0 0 0 0 0 18 0 0 0 0 0 0 0 12 0 0 
0 18 0 17 17 0 15 10 0 0 0 18 0 0 0 0 17 0 0 15 
0 0 0 0 0 11 0 0 0 0 0 0 13 0 0 0 0 16 11 19 
15 0 20 0 0 0 0 0 0 0 0 0 0 0 0 0 0 0 0 0 
0 0 0 0 0 0 0 0 14 0 0 19 0 0 0 0 0 15 0 12 
11 0 0 19 0 20 0 0 0 0 0 0 18 14 0 0 0 0 0 0 
0 0 17 0 0 0 0 0 0 0 0 0 0 0 10 0 13 12 0 0 
0 0 11 14 0 15 16 0 0 18 0 0 0 0 0 11 0 14 17 0 
17 0 0 15 10 20 0 17 0 0 0 0 11 11 0 0 12 0 0 0 
0 0 0 0 0 0 0 14 0 0 0 0 15 0 0 0 20 0 0 0 
20 0 12 0 0 0 0 0 11 0 0 19 0 0 0 0 0 0 0 0 
0 16 20 20 0 0 0 0 0 0 14 0 0 0 15 0 16 0 12 0 
0 0 0 0 0 0 12 0 0 0 0 0 0 0 0 0 0 0 0 17 
0 17 0 10 0 0 16 13 0 0 18 0 0 0 20 0 0 0 11 10 
0 0 20 19 17 0 0 0 15 11 0 0 10 0 19 0 0 0 0 0 
0 0 0 14 0 0 11 14 15 0 0 0 0 18 0 0 0 17 0 0 
11 12 0 0 0 0 15 0 0 0 0 15 0 12 14 14 0 0 0 0 
0 0 0 0 0 0 0 0 0 16 0 0 18 0 0 0 0 0 11 0 
0 0 0 0 0 16 0 0 17 0 14 20 20 0 0 0 16 0 10 0 
0 15 0 0 0 0 0 0 13 0 0 0 16 0 0 0 0 15 0 0 
0 0 10 11 0 16 0 0 0 0 19 0 0 0 14 17 0 0 0 18 
0 0 0 0 0 10 0 0 16 0 0 0 0 0 20 0 0 0 0 0 
0 0 0 0 0 0 0 0 0 0 0 0 0 16 0 0 13 0 0 14 
0 0 0 10 19 0 0 14 0 0 11 18 19 0 0 0 0 0 0 0 
0 19 0 17 0 0 0 0 12 0 16 0 0 0 0 0 0 15 0 0 
16 11 0 0 19 0 0 0 0 0 18 0 16 0 0 17 0 0 11 0 
0 0 0 0 0 20 15 0 19 0 0 0 0 0 0 0 0 0 0 0 
11 14 0 0 15 0 15 0 0 0 0 0 0 0 0 14 0 0 19 11 
0 12 20 0 0 0 14 0 0 0 16 14 0 0 0 0 0 0 10 0 
0 0 20 0 0 0 0 0 0 0 0 0 0 0 0 0 11 19 20 10 
0 0 0 14 0 10 0 0 0 0 0 0 0 0 0 0 0 0 0 0 
0 0 0 18 0 0 0 0 0 0 0 0 0 0 0 0 0 0 0 11 
0 0 0 11 0 0 0 0 0 0 0 0 11 0 0 0 0 0 0 0 
0 0 0 0 0 0 0 0 16 11 0 0 0 0 0 0 13 0 0 0 
0 0 11 0 0 0 0 0 0 0 0 16 10 16 0 0 0 0 20 0 
0 0 17 0 0 0 0 0 0 0 17 0 0 11 0 0 0 18 0 0 
0 14 0 0 0 0 13 12 0 0 0 0 0 0 0 0 0 0 0 0 
15 0 0 13 0 0 0 0 11 0 0 19 0 0 0 18 0 0 0 0 
12 0 0 19 0 0 0 13 0 11 0 0 14 0 0 16 0 0 0 0 
0 0 0 0 0 0 0 0 0 0 0 10 0 0 0 0 0 0 0 16 
0 14 13 0 14 0 0 0 0 0 0 0 10 18 0 0 0 17 16 0 
0 0 0 0 15 0 11 0 0 0 0 11 10 15 0 15 18 0 0 0 
16 0 0 0 0 0 0 10 0 0 0 17 17 14 17 0 12 0 14 0 
0 19 0 0 0 17 0 0 0 0 11 0 0 0 20 0 0 0 0 0 
11 12 0 0 0 0 0 0 19 0 0 0 0 0 16 0 11 0 0 0 
0 16 0 0 0 13 16 0 18 0 0 15 0 0 0 0 0 0 17 0 
0 18 0 0 0 19 0 16 0 0 19 12 0 0 0 13 0 17 0 0 
0 17 0 19 0 0 16 0 0 0 0 0 12 20 0 0 0 0 0 15 
0 0 0 0 0 15 0 15 16 0 0 0 0 0 0 0 0 0 0 0 
0 0 0 17 0 12 14 0 0 13 0 11 16 0 11 0 11 0 0 0 
16 0 0 0 18 0 0 0 0 0 0 0 16 0 0 0 17 0 0 0 
0 0 0 0 0 17 0 0 0 0 0 0 0 0 12 0 0 0 0 0 
0 0 0 18 14 0 15 20 19 20 0 13 0 0 0 0 0 0 0 11 
19 0 0 0 0 0 0 19 0 11 11 0 0 0 0 0 18 0 0 0 
0 18 0 0 0 0 0 0 0 0 0 0 0 0 0 0 0 0 12 16 
12 0 18 13 0 0 19 0 0 14 13 0 12 12 0 0 0 0 0 0 
0 0 0 13 0 13 0 16 11 0 0 0 12 0 19 0 18 0 14 0 
0 0 18 0 0 0 0 0 0 0 0 0 0 0 0 0 0 0 16 0 
13 0 0 17 0 14 0 15 0 0 13 0 0 17 12 0 0 14 0 0 
0 17 0 16 0 0 0 10 0 0 0 0 0 0 0 18 11 13 16 0 
18 0 0 0 0 15 0 0 15 16 0 15 19 19 0 0 0 15 0 0 
0 0 0 19 0 0 0 0 0 12 0 0 0 12 0 0 0 0 0 0 
0 16 14 0 0 15 19 0 0 0 0 0 0 12 0 12 0 0 0 0 
0 0 20 19 0 0 0 0 17 0 0 0 0 0 10 0 0 0 0 0 
0 0 0 0 13 10 17 0 0 0 0 0 0 0 0 0 0 0 15 16 
0 0 0 0 0 0 0 0 0 0 11 0 0 0 10 0 20 0 11 11 
0 0 0 0 0 11 0 0 0 19 0 0 17 15 13 13 11 0 0 0 
0 18 17 0 0 0 0 0 17 0 0 20 0 0 0 0 0 0 16 0 
16 0 0 0 20 0 0 0 0 10 0 0 0 0 0 0 0 0 0 0 
0 14 0 0 0 0 0 12 0 19 0 14 0 0 0 0 0 0 0 0 
0 0 16 0 0 0 0 0 0 0 0 0 0 13 0 0 0 0 0 10 
0 0 0 17 0 0 10 0 11 0 0 10 0 0 18 15 0 0 15 0 
14 14 0 0 0 0 0 0 0 0 0 0 0 0 0 13 0 14 0 0 
0 0 0 18 17 20 0 18 13 0 0 0 0 0 0 18 20 0 0 0 
15 0 0 0 14 0 11 0 0 0 0 11 0 0 0 0 0 0 0 0 
11 15 20 0 0 10 0 0 0 0 0 0 0 18 11 0 0 0 0 11 
0 0 0 0 15 0 0 13 0 13 16 20 20 12 0 0 20 0 0 0 
12 0 0 13 0 0 18 0 17 0 0 0 0 0 0 0 0 0 19 0
---------------------
 
Distance between cells
Rows and Columns: correspond to cell number
0 294 161 52 85 370 419 136 
294 0 64 200 243 369 107 286 
161 64 0 480 55 54 433 440 
52 200 480 0 152 265 303 75 
85 243 55 152 0 311 420 144 
370 369 54 265 311 0 302 116 
419 107 433 303 420 302 0 77 
136 286 440 75 144 116 77 0
---------------------
 
Distribution of machines in cells   (1 -- if machine m is distributed in cell u;0 -- else) 
Rows: correspond to cell number; Columns: correspond to machine number
1 1 0 0 0 0 0 0 0 0 0 0 0 0 0 0 0 0 0 0 
0 0 1 1 0 0 0 0 0 0 0 0 0 0 0 0 0 0 0 0 
0 0 0 0 1 1 1 0 0 0 0 0 0 0 0 0 0 0 0 0 
0 0 0 0 0 0 0 1 1 0 0 0 0 0 0 0 0 0 0 0 
0 0 0 0 0 0 0 0 0 1 1 1 0 0 0 0 0 0 0 0 
0 0 0 0 0 0 0 0 0 0 0 0 1 1 1 1 0 0 0 0 
0 0 0 0 0 0 0 0 0 0 0 0 0 0 0 0 1 1 0 0 
0 0 0 0 0 0 0 0 0 0 0 0 0 0 0 0 0 0 1 1
---------------------
 
