Number of operations for each part
4 4 4 4 3 4 4 3 4 4
---------------------
 
Processing time   (0 -- non-optional machine)
Rows: sequential for each operation of each part; Columns: correspond to machine number
0 140 0 0 0 100 0 0 0 0 
0 0 0 110 0 0 0 0 130 0 
0 0 0 0 0 60 0 90 0 0 
0 60 0 150 0 0 60 0 0 0 
100 0 140 0 130 0 0 0 70 0 
0 0 0 110 0 0 0 60 0 0 
0 130 0 0 0 0 0 50 0 0 
0 0 150 150 0 0 70 0 120 0 
50 0 0 120 0 50 0 0 0 90 
80 0 0 0 0 140 110 0 0 0 
120 0 0 100 0 0 0 0 0 0 
0 0 80 0 0 0 110 0 0 0 
50 0 60 0 0 0 0 0 0 0 
0 60 0 60 60 140 0 0 0 0 
0 0 70 0 120 0 0 0 0 0 
90 0 0 50 0 0 0 0 0 80 
60 0 0 0 80 0 0 0 0 0 
60 0 0 0 90 0 0 0 0 0 
0 0 150 0 90 120 0 90 0 0 
100 120 0 0 0 110 0 0 0 0 
0 0 0 0 0 60 120 0 0 0 
0 0 0 110 0 0 110 0 0 0 
0 0 0 150 0 0 0 0 150 0 
0 0 0 0 0 50 0 0 50 0 
0 130 0 0 120 0 0 0 120 0 
90 0 0 0 0 80 0 140 0 0 
0 130 0 0 0 0 0 50 0 0 
0 0 0 0 0 70 0 90 0 0 
0 0 0 150 0 0 0 0 0 140 
0 0 0 0 140 70 0 0 0 0 
0 0 0 0 0 120 0 0 0 60 
130 0 0 0 110 0 0 0 150 0 
0 140 90 0 0 0 60 0 0 0 
0 50 150 0 0 130 0 0 0 0 
70 50 0 0 110 0 70 0 0 0 
100 0 70 90 0 100 0 0 0 0 
80 50 0 0 0 0 0 0 150 0 
120 0 0 0 0 90 70 0 130 0
---------------------
 
Processing cost   (0 -- non-optional machine)
Rows: sequential for each operation of each part; Columns: correspond to machine number
0 19 0 0 0 14 0 0 0 0 
0 0 0 20 0 0 0 0 19 0 
0 0 0 0 0 19 0 17 0 0 
0 19 0 11 0 0 18 0 0 0 
11 0 15 0 10 0 0 0 19 0 
0 0 0 17 0 0 0 20 0 0 
0 17 0 0 0 0 0 19 0 0 
0 0 11 16 0 0 17 0 20 0 
11 0 0 18 0 17 0 0 0 18 
12 0 0 0 0 11 12 0 0 0 
16 0 0 18 0 0 0 0 0 0 
0 0 11 0 0 0 13 0 0 0 
20 0 12 0 0 0 0 0 0 0 
0 20 0 17 17 18 0 0 0 0 
0 0 12 0 18 0 0 0 0 0 
18 0 0 12 0 0 0 0 0 20 
13 0 0 0 19 0 0 0 0 0 
15 0 0 0 20 0 0 0 0 0 
0 0 20 0 14 11 0 11 0 0 
19 15 0 0 0 11 0 0 0 0 
0 0 0 0 0 14 17 0 0 0 
0 0 0 18 0 0 14 0 0 0 
0 0 0 16 0 0 0 0 19 0 
0 0 0 0 0 13 0 0 11 0 
0 14 0 0 10 0 0 0 14 0 
18 0 0 0 0 14 0 19 0 0 
0 13 0 0 0 0 0 11 0 0 
0 0 0 0 0 15 0 10 0 0 
0 0 0 11 0 0 0 0 0 20 
0 0 0 0 11 13 0 0 0 0 
0 0 0 0 0 20 0 0 0 20 
11 0 0 0 10 0 0 0 12 0 
0 17 14 0 0 0 10 0 0 0 
0 11 11 0 0 12 0 0 0 0 
15 10 0 0 19 0 20 0 0 0 
17 0 11 13 0 16 0 0 0 0 
13 10 0 0 0 0 0 0 12 0 
17 0 0 0 0 18 12 0 19 0
---------------------
 
Distance between cells
Rows and Columns: correspond to cell number
0 421 275 200 
421 0 343 85 
275 343 0 343 
200 85 343 0
---------------------
 
Distribution of machines in cells   (1 -- if machine m is distributed in cell u;0 -- else) 
Rows: correspond to cell number; Columns: correspond to machine number
1 1 0 0 0 0 0 0 0 0 
0 0 1 1 0 0 0 0 0 0 
0 0 0 0 1 1 0 0 0 0 
0 0 0 0 0 0 1 1 1 1
---------------------
 
