Number of operations for each part
6 2 2 10 4 8 10 2 4 4 2 8 3 6 5 6 2 3 10 9 10 2 10 8 4 4 8 2 4 8 4 6 4 9 2 7 9 3 6 8 9 2 4 9 5 10 9 9 10 4 6 10 3 7 6 5 3 7 6 4 6 10 10 2 8 9 2 6 3 9 5 10 9 3 3 5 2 6 6 9 6 5 2 8 4 8 2 10 9 2 7 10 9 4 10
---------------------
 
Processing time   (0 -- non-optional machine)
Rows: sequential for each operation of each part; Columns: correspond to machine number
0 80 0 0 0 0 0 0 120 0 100 120 0 0 0 130 0 0 0 0 0 0 0 0 0 0 0 60 0 0 
0 0 0 150 100 0 0 0 0 0 0 0 0 0 0 120 0 0 0 0 0 0 150 0 0 0 0 0 0 0 
0 0 0 0 0 0 0 0 150 0 110 0 0 0 0 0 0 0 50 0 130 0 0 0 0 0 0 0 100 0 
70 0 0 120 0 70 0 0 0 0 0 0 100 0 0 0 0 0 0 0 130 0 0 0 100 130 0 0 0 150 
0 0 0 0 130 0 0 0 0 0 110 0 70 0 0 0 110 0 120 0 0 110 0 0 0 0 140 0 0 90 
0 60 100 0 0 0 0 100 0 0 0 110 0 80 0 0 80 100 0 0 0 0 0 0 0 0 90 0 0 0 
0 0 90 0 0 0 0 0 60 0 70 0 0 0 0 0 0 100 0 0 0 0 0 0 0 0 0 0 0 0 
0 0 110 0 0 0 0 0 90 110 0 0 0 70 0 90 0 0 0 50 0 0 120 0 0 0 0 0 0 0 
80 0 0 150 0 0 0 0 0 0 0 0 0 60 0 80 0 0 0 0 0 0 100 0 0 60 0 0 0 0 
0 0 0 140 0 0 0 0 0 0 0 0 0 0 0 0 110 0 0 0 0 0 0 0 0 0 0 0 0 0 
0 0 0 0 0 0 0 100 0 50 0 0 0 0 0 0 0 0 0 0 0 0 0 100 0 0 0 0 0 50 
0 0 0 0 60 0 0 0 0 0 0 0 0 0 0 0 0 0 0 0 0 0 130 50 0 0 0 0 0 0 
50 0 90 0 0 0 0 0 0 0 0 0 0 0 0 0 110 0 0 150 0 0 0 0 0 0 0 0 0 0 
0 0 0 60 0 0 0 0 0 0 0 0 0 0 0 0 0 0 0 0 130 0 0 0 0 0 0 0 0 0 
130 0 100 70 0 0 0 0 0 0 0 0 0 0 0 0 0 0 0 0 0 140 0 0 0 0 0 0 0 70 
0 0 60 150 90 0 0 0 100 0 0 0 0 0 0 0 0 0 0 0 110 130 0 0 0 0 90 0 120 0 
50 0 90 140 0 0 0 100 0 50 0 0 140 60 0 0 0 100 0 0 0 0 0 0 0 0 0 0 0 0 
0 0 0 0 0 0 0 0 0 70 0 0 0 130 0 120 0 0 70 0 140 0 90 0 0 0 0 0 0 0 
0 0 90 0 0 0 0 0 0 0 0 60 0 130 0 0 0 110 0 130 0 0 0 0 0 0 0 0 0 0 
0 0 0 0 50 0 0 0 0 0 0 0 0 100 0 0 0 0 0 0 0 80 80 0 140 0 0 0 120 0 
0 0 0 0 0 0 0 0 0 120 60 0 50 0 0 0 0 0 0 140 0 0 0 0 0 0 0 0 60 0 
0 0 110 0 130 0 0 0 0 0 0 0 0 0 0 0 0 70 0 0 0 0 0 0 80 0 0 130 0 0 
0 0 0 0 0 60 0 110 0 0 0 0 0 0 0 130 0 0 0 0 0 0 0 0 0 0 0 0 0 0 
0 0 80 0 0 0 0 110 0 0 0 0 0 0 50 0 0 0 0 0 140 0 0 0 0 0 130 0 0 0 
110 130 0 0 0 0 0 0 0 0 0 0 0 0 0 0 0 0 60 0 0 0 0 0 0 0 150 0 0 0 
0 0 0 0 0 0 0 0 0 0 120 0 0 0 0 0 0 0 0 0 0 0 0 0 0 0 0 120 0 0 
140 0 0 0 140 0 110 0 0 60 0 0 120 0 0 0 0 0 50 0 0 100 0 0 0 0 0 0 150 0 
0 110 0 0 0 0 0 0 0 0 0 0 0 0 0 0 0 0 0 0 90 0 0 140 0 0 0 0 110 0 
0 110 0 0 0 0 0 0 0 0 0 0 0 0 100 0 0 0 0 0 0 0 0 120 0 130 70 0 0 140 
0 130 0 80 0 0 0 0 0 0 0 0 0 0 0 0 0 0 0 0 0 0 0 90 0 0 0 0 0 0 
0 140 70 0 0 0 0 0 0 0 60 0 0 130 0 0 0 70 0 0 0 0 0 0 0 0 0 0 0 0 
0 0 0 0 0 0 0 0 0 0 0 0 0 0 0 0 0 0 0 0 0 0 0 0 0 0 0 0 90 120 
0 0 150 0 0 0 0 0 0 120 0 0 0 0 0 0 0 0 0 0 120 0 0 0 0 0 0 0 0 0 
0 0 0 0 0 0 120 0 110 0 0 0 150 60 0 50 0 0 0 0 60 70 0 0 120 0 0 0 0 0 
0 0 0 0 0 0 0 60 150 0 0 0 0 120 120 0 0 0 0 120 0 70 0 0 0 0 0 0 110 0 
0 0 0 150 0 0 0 0 100 0 0 0 0 0 0 150 0 0 0 0 90 0 0 0 0 0 150 0 70 0 
50 0 0 80 0 0 0 0 100 0 140 150 130 0 0 90 0 0 0 60 0 0 0 0 0 0 0 0 0 0 
0 70 0 0 0 0 100 0 0 0 90 0 0 0 0 0 50 0 0 0 70 0 0 0 0 0 0 0 0 0 
0 0 90 0 0 0 0 0 0 0 0 0 0 0 0 0 0 0 0 130 70 0 0 0 140 0 90 0 0 50 
0 0 0 0 150 0 0 0 0 50 0 0 60 130 0 0 0 60 0 100 0 0 0 0 50 0 0 0 0 0 
0 0 0 0 0 0 0 0 0 0 140 0 0 60 0 0 0 0 0 0 0 0 0 0 0 0 0 0 0 0 
0 0 0 0 0 0 0 0 0 0 0 0 0 0 0 0 140 90 0 0 120 0 0 0 140 0 100 0 0 80 
100 0 0 0 0 0 0 0 0 60 0 0 90 0 0 0 0 80 0 0 0 0 0 0 80 0 0 0 0 0 
0 0 0 0 0 150 0 0 0 0 0 0 0 0 0 0 0 0 140 70 150 0 0 0 0 0 0 0 0 0 
100 0 0 130 0 0 0 0 0 0 150 0 50 0 0 0 0 0 120 0 0 0 0 0 0 0 0 0 0 0 
0 100 0 0 0 0 50 90 0 120 0 0 0 0 0 0 80 0 0 0 150 0 70 0 0 0 0 0 0 0 
0 0 0 0 0 130 110 100 0 60 0 100 0 0 0 0 0 0 0 50 0 0 0 0 140 0 0 0 0 0 
0 140 0 130 0 0 0 0 0 0 0 0 0 0 0 0 0 0 0 140 0 0 130 0 0 0 120 0 0 0 
0 0 0 0 0 0 0 90 0 0 0 0 0 100 0 0 0 0 0 0 100 0 100 0 90 0 0 0 0 0 
0 0 0 0 0 0 0 0 0 90 0 80 0 0 0 90 0 0 0 0 0 110 0 120 0 0 0 0 0 0 
0 0 0 0 0 0 0 120 0 0 0 0 0 0 0 0 150 0 0 0 0 0 0 0 0 120 0 0 0 0 
90 0 110 100 140 0 0 0 0 110 0 0 0 0 0 0 140 0 0 0 0 0 0 0 0 0 140 0 140 0 
0 50 0 0 110 0 0 50 0 0 0 0 0 0 0 0 140 0 0 0 0 130 0 90 0 0 0 0 0 0 
0 0 0 0 0 0 0 0 0 0 0 0 0 0 0 0 0 0 90 0 0 120 0 0 0 140 0 0 150 0 
0 130 0 0 0 0 50 100 0 0 0 0 0 0 0 60 0 0 0 0 130 0 0 0 140 0 0 0 0 0 
0 0 0 0 0 0 0 0 0 120 0 0 0 150 110 0 0 0 0 0 0 0 0 0 0 0 0 0 0 80 
0 0 0 0 100 0 0 0 0 0 0 0 0 0 0 0 0 0 0 0 0 0 0 0 0 0 0 0 60 0 
0 0 0 0 0 0 110 0 0 0 0 0 0 0 0 0 0 0 0 0 0 0 120 0 0 0 0 150 0 0 
0 0 0 0 0 0 0 0 0 0 0 80 0 0 90 0 0 0 0 0 0 0 0 120 0 0 0 90 0 0 
0 0 0 150 150 0 0 0 0 50 0 0 0 0 0 0 0 0 140 120 0 0 140 0 70 0 0 130 0 0 
0 0 0 130 70 0 0 0 110 0 70 0 0 0 0 0 0 0 0 0 0 0 0 50 0 70 0 0 0 0 
0 0 0 0 0 140 0 0 0 60 0 130 0 0 0 0 0 0 0 0 0 0 0 0 0 0 0 0 0 0 
0 100 0 0 0 0 0 0 0 0 0 0 0 0 0 110 0 0 0 0 0 0 0 90 0 0 140 0 0 0 
0 0 0 0 0 0 0 0 0 0 0 90 50 0 0 0 150 0 70 140 0 140 0 0 0 0 70 0 0 0 
130 0 50 0 0 0 0 0 0 150 0 0 0 0 0 0 0 90 0 0 90 0 0 0 0 0 0 0 0 0 
0 0 0 0 0 80 0 0 0 0 0 0 0 0 0 0 80 0 110 0 0 0 100 0 0 0 130 110 0 0 
0 0 0 0 0 0 0 0 0 100 0 0 0 0 0 0 0 100 60 0 0 0 0 0 0 0 110 0 0 0 
0 0 110 120 0 0 0 0 0 0 50 0 0 0 0 0 110 0 0 0 0 0 0 60 0 0 0 50 0 0 
0 50 0 0 0 0 60 0 0 0 0 0 140 0 0 0 0 0 0 0 0 0 70 0 0 0 0 0 0 0 
0 0 0 0 0 0 0 0 0 0 0 0 0 0 0 80 0 0 0 0 0 0 0 0 0 0 0 0 120 0 
130 0 90 0 0 110 0 0 130 60 80 0 80 80 0 0 0 0 0 0 0 0 0 0 0 0 0 0 0 0 
0 0 0 0 0 0 80 0 0 0 110 0 0 0 0 0 0 0 0 70 0 0 0 0 0 0 0 0 0 0 
0 0 70 0 0 0 110 0 0 0 100 0 50 140 70 0 0 0 0 0 0 0 0 0 0 0 140 0 0 0 
0 140 0 130 0 0 120 0 0 0 0 0 0 0 0 0 0 0 70 0 0 0 0 0 0 0 0 0 130 0 
90 0 0 60 0 0 0 0 100 0 0 100 0 120 0 140 0 70 0 0 0 0 0 0 70 0 0 0 0 0 
0 0 0 90 0 0 90 60 0 0 0 0 70 0 0 110 0 0 120 0 0 0 0 0 60 0 0 0 0 80 
0 0 0 0 0 0 0 0 70 100 0 140 0 0 70 80 80 0 0 0 0 0 0 0 60 0 0 0 0 120 
0 0 0 70 0 0 130 0 0 0 0 110 0 0 0 0 0 0 0 0 0 0 0 0 100 0 0 70 0 70 
100 50 0 50 0 0 0 60 0 0 0 0 120 120 0 0 0 0 0 0 0 0 0 0 0 0 0 0 0 0 
0 0 0 0 0 0 50 0 110 0 120 110 0 0 110 0 0 0 0 130 0 140 0 0 0 0 150 0 0 0 
0 0 0 0 0 0 0 0 0 0 0 50 0 0 0 0 0 0 70 0 0 0 0 0 0 0 0 0 0 0 
0 0 0 0 0 0 0 0 0 0 0 0 0 0 120 0 0 0 0 0 0 90 0 120 0 0 0 0 0 0 
60 0 0 0 0 0 120 0 0 0 0 0 0 0 0 0 0 0 0 0 0 0 0 0 0 140 0 0 0 0 
0 90 0 90 90 0 0 0 0 0 0 0 0 60 0 0 0 0 130 50 120 0 0 0 0 0 0 0 150 0 
0 0 140 0 0 0 0 0 0 0 0 0 0 0 0 0 0 0 0 0 0 0 0 0 0 0 0 0 0 100 
0 0 0 0 0 150 0 0 0 0 0 0 130 0 0 100 0 50 0 70 0 90 0 0 0 80 0 0 0 0 
0 0 100 0 0 0 0 0 0 0 0 0 0 80 80 0 0 140 120 0 0 0 0 0 0 0 0 0 140 0 
0 0 0 0 90 0 0 0 0 0 0 0 0 0 0 0 0 140 0 0 0 0 0 0 0 0 0 0 0 0 
0 50 130 0 0 60 0 0 130 0 0 0 0 0 50 0 0 0 60 0 0 0 130 0 0 0 100 0 0 0 
0 0 0 0 0 0 0 0 0 0 50 0 0 0 0 0 0 0 0 0 120 0 50 130 0 0 0 0 0 0 
0 0 0 0 130 0 0 100 0 0 0 0 0 0 0 0 0 80 0 0 0 0 0 0 80 0 0 0 0 0 
0 0 0 0 0 0 0 0 0 0 0 0 0 0 0 0 60 0 0 0 80 0 0 0 0 0 0 50 0 0 
0 130 0 0 0 0 140 0 0 0 0 0 0 0 0 0 80 120 0 50 70 0 0 0 0 0 0 0 0 100 
0 0 0 0 0 0 0 0 0 120 0 0 0 0 0 0 0 0 0 0 0 0 0 0 0 0 0 0 0 140 
110 0 0 0 0 0 50 0 0 60 0 0 50 0 0 0 0 0 0 0 50 0 0 0 90 0 0 0 0 0 
0 0 0 0 0 0 150 120 0 0 0 60 0 0 0 0 0 0 0 0 0 0 90 0 0 0 60 120 0 0 
0 0 0 0 110 0 0 0 0 0 0 0 90 50 0 0 0 0 0 0 0 0 0 0 0 0 0 0 0 0 
0 0 0 0 100 140 0 0 0 130 150 0 0 0 0 0 0 0 120 0 0 0 0 0 0 0 0 0 0 0 
0 0 100 0 0 0 0 0 0 0 0 0 0 0 0 0 0 0 60 0 70 0 0 0 0 0 0 0 0 0 
0 0 0 0 70 0 0 0 70 0 0 0 0 120 0 0 0 0 110 0 0 0 0 0 0 70 0 0 0 0 
0 0 0 100 0 0 0 0 0 100 0 0 0 0 120 0 0 0 110 0 0 0 120 0 0 0 0 0 0 0 
0 130 0 70 0 0 0 0 0 0 0 0 0 90 130 0 0 0 130 0 0 0 0 0 0 0 0 0 90 0 
0 0 0 0 0 0 0 0 130 0 0 0 0 0 0 0 0 0 0 0 0 0 0 80 0 0 0 0 0 0 
0 0 90 0 0 0 0 0 120 0 0 0 0 70 0 0 0 100 0 0 0 0 0 0 0 0 60 0 0 0 
0 0 0 0 150 0 0 60 0 0 0 0 0 0 0 0 60 0 0 0 0 0 60 130 80 0 0 0 0 0 
0 50 0 0 0 0 0 0 0 0 0 0 0 90 0 0 0 0 70 130 0 0 0 0 0 120 0 130 0 140 
0 0 0 0 0 0 0 0 110 0 0 0 0 0 0 110 0 0 0 0 0 0 0 60 0 140 110 0 130 0 
0 0 0 0 0 50 0 0 0 0 0 0 0 0 0 0 0 0 0 0 0 0 0 0 80 0 0 0 0 0 
0 0 0 140 0 0 70 0 0 0 0 0 0 0 0 150 0 0 0 0 0 130 0 60 0 0 80 0 0 0 
0 0 0 0 0 0 0 0 0 0 0 0 0 0 0 50 130 0 120 0 0 0 0 0 0 0 0 0 0 0 
130 0 0 0 0 0 0 0 0 0 0 140 110 0 0 110 0 0 0 0 150 0 0 90 0 80 0 70 0 0 
0 0 0 0 0 0 0 0 0 0 0 0 0 0 0 0 0 0 0 0 0 0 0 0 0 0 0 0 90 130 
60 0 0 0 0 0 0 140 0 0 0 0 0 50 0 0 0 0 0 0 0 0 0 100 0 0 0 0 0 0 
120 0 0 0 150 0 0 0 0 0 0 0 0 0 0 0 0 60 0 0 0 80 0 0 0 0 0 0 0 0 
0 0 0 0 0 130 0 0 0 100 0 0 0 0 0 0 0 0 0 0 0 150 50 0 0 0 0 0 0 0 
0 0 120 0 0 0 60 0 0 120 0 0 0 130 0 0 0 80 0 0 150 0 0 0 0 0 0 0 90 0 
120 0 0 0 0 0 0 0 110 0 0 0 0 0 0 0 50 0 120 0 150 0 0 0 0 0 0 0 0 80 
0 0 0 130 0 0 0 0 0 110 0 0 0 80 0 0 150 0 0 0 0 0 0 130 0 0 0 0 0 0 
0 100 0 0 0 0 0 0 0 130 90 0 0 50 70 0 0 0 0 100 0 0 0 110 0 0 0 120 0 0 
0 0 130 0 0 0 0 0 0 0 100 0 0 0 0 0 0 100 0 0 50 0 0 0 0 0 0 0 70 50 
0 0 0 0 0 0 0 0 0 120 0 0 0 0 0 0 0 0 0 90 0 0 0 0 0 0 0 0 0 0 
130 0 0 140 0 0 0 0 0 0 0 130 0 0 50 0 0 0 0 140 0 0 0 140 0 0 0 140 0 120 
0 0 0 130 0 0 0 70 0 0 0 0 0 130 0 0 0 140 0 0 0 0 0 0 0 0 0 0 0 0 
0 0 0 0 140 0 0 0 0 0 130 0 70 0 0 0 0 0 0 0 140 0 0 70 0 0 0 0 0 0 
0 0 90 0 0 90 0 110 0 0 0 0 0 0 0 0 0 150 150 0 0 0 110 140 0 0 150 0 0 0 
0 0 0 0 80 0 0 0 0 150 140 0 0 0 0 0 0 130 0 0 0 0 0 0 0 0 0 0 0 0 
0 80 0 0 0 0 80 0 90 0 90 130 0 0 0 140 0 60 0 0 0 0 0 0 0 0 0 0 0 0 
0 0 0 0 0 0 0 0 0 0 0 0 0 0 0 0 0 0 0 120 0 50 70 50 140 0 0 70 0 130 
150 0 0 0 50 0 80 0 0 0 0 0 0 0 110 0 130 100 0 0 0 0 0 0 110 130 0 0 0 0 
0 0 0 0 100 0 120 0 0 60 120 150 60 0 0 0 0 0 0 0 0 0 130 0 0 0 120 0 0 0 
0 0 0 0 0 0 0 0 0 100 100 0 0 130 0 0 0 0 60 0 0 110 0 90 0 0 0 0 0 0 
140 0 0 150 0 0 0 0 100 0 0 0 0 0 0 60 0 0 0 0 0 0 0 0 0 0 0 0 0 0 
0 0 0 0 0 0 60 0 130 0 0 0 0 0 0 0 0 0 0 0 0 0 120 0 0 0 0 0 0 0 
0 0 0 0 100 0 0 0 60 0 0 110 50 0 0 0 0 0 150 0 100 0 0 0 0 0 0 130 0 110 
100 0 0 0 0 0 0 150 0 0 0 0 0 140 0 0 0 0 140 0 0 0 0 0 100 120 100 0 70 0 
100 0 0 50 0 0 0 140 0 0 0 60 0 0 0 0 0 0 0 0 0 0 60 0 0 0 0 150 110 0 
0 0 90 0 0 0 0 0 0 0 0 0 0 0 0 0 0 0 0 0 0 0 0 0 60 0 0 0 0 0 
80 50 0 0 0 0 0 0 0 0 0 0 0 0 0 80 0 0 0 0 0 0 0 0 0 0 0 70 0 0 
0 0 0 90 0 150 0 0 0 0 0 0 0 0 0 0 0 0 0 0 0 150 0 60 0 0 0 130 0 0 
0 0 0 0 0 0 50 0 120 80 0 0 0 0 0 0 0 0 0 0 0 90 0 150 0 0 70 0 0 0 
50 0 0 0 0 0 0 0 0 0 0 0 130 0 0 0 0 0 0 0 70 0 0 0 60 0 90 0 0 0 
0 130 0 0 0 0 0 0 0 0 60 0 140 0 60 0 0 90 0 0 0 0 0 70 0 50 0 50 0 0 
0 0 150 0 0 0 0 60 0 90 0 0 80 0 0 0 90 0 0 0 60 0 140 0 0 0 150 0 0 0 
140 0 0 50 0 0 0 80 0 60 0 0 0 0 110 0 0 0 0 0 0 0 0 120 0 0 0 70 0 110 
0 0 0 0 0 0 0 0 0 0 0 0 0 0 0 0 0 0 0 90 0 140 130 0 0 0 0 0 0 0 
90 0 0 0 130 0 0 0 0 0 0 0 0 0 0 60 0 0 0 0 0 0 0 0 0 0 0 100 0 60 
120 0 0 0 0 0 0 0 0 0 0 0 0 0 60 0 0 0 140 0 0 0 0 0 0 0 0 0 0 0 
0 0 0 0 0 0 0 0 0 0 0 0 0 0 0 0 0 0 0 100 0 0 0 90 0 0 0 0 0 0 
0 140 0 60 0 0 0 0 0 0 0 0 0 0 0 150 50 0 80 0 0 0 110 0 0 0 0 0 0 0 
0 0 0 70 0 0 0 0 0 0 60 0 150 70 0 0 0 60 0 0 0 0 0 70 0 0 0 130 0 0 
0 0 120 0 0 0 0 0 0 0 130 0 0 90 0 0 0 0 0 0 0 60 0 120 0 0 140 50 80 0 
0 0 0 130 0 0 0 0 0 0 0 0 100 0 0 0 0 0 0 0 0 0 0 0 0 0 0 0 90 0 
0 0 0 0 0 0 0 0 0 0 110 0 0 0 0 110 80 0 0 0 0 0 0 110 0 0 0 0 0 0 
0 0 0 0 0 0 0 0 0 0 0 0 0 90 0 0 0 0 0 0 70 0 120 0 0 0 0 110 0 0 
0 0 0 120 0 0 150 0 0 150 50 0 0 0 0 0 50 0 0 0 0 80 0 0 60 130 0 0 0 0 
0 0 140 0 0 0 60 0 100 0 0 0 0 0 0 150 0 130 150 0 0 0 140 0 0 0 0 0 0 0 
0 0 0 130 0 0 50 0 60 0 0 0 0 80 0 0 0 0 0 0 0 0 140 0 0 130 0 0 100 0 
70 0 0 0 0 0 0 0 0 0 100 0 0 0 0 0 0 90 0 110 90 0 0 0 0 100 0 0 0 0 
0 0 0 0 0 0 0 0 0 0 0 0 0 0 0 0 50 60 0 0 0 60 0 0 0 120 50 150 140 0 
130 0 130 110 0 140 50 0 0 0 110 0 0 0 0 0 0 0 0 0 0 0 80 0 0 0 0 0 0 0 
0 0 0 0 0 0 0 0 0 0 0 0 0 80 120 0 0 0 0 0 0 0 0 0 0 0 0 0 0 0 
0 0 0 0 0 50 80 0 0 0 0 0 0 0 0 0 0 0 0 0 0 0 0 0 0 0 0 150 0 0 
130 0 70 140 0 0 0 150 0 0 0 0 0 0 0 0 0 0 0 80 0 0 0 60 0 0 0 120 0 0 
0 140 130 0 0 0 0 0 0 0 0 0 0 0 0 0 80 0 0 0 0 0 0 60 0 0 0 0 0 0 
0 0 0 0 0 0 0 0 0 0 0 0 0 0 0 0 0 0 0 0 0 0 0 0 0 110 0 80 0 0 
0 0 0 80 0 0 0 0 70 0 0 0 0 0 0 140 0 0 90 60 80 0 80 0 0 0 0 0 0 60 
0 0 0 0 0 0 0 0 0 70 0 0 110 0 0 0 120 0 0 120 0 100 150 0 0 0 0 50 0 0 
0 0 0 0 0 0 0 0 0 0 0 0 0 0 0 0 0 0 100 0 0 0 0 0 50 0 0 0 0 0 
0 0 0 60 140 0 0 90 0 110 0 0 0 60 60 0 130 0 0 0 0 110 0 0 0 0 0 0 0 0 
0 0 0 0 140 100 90 80 90 0 110 0 0 0 0 0 90 0 0 0 0 0 0 0 0 0 0 0 0 0 
0 0 0 0 0 110 0 0 0 0 0 0 0 100 100 0 0 0 100 60 0 0 0 0 0 60 0 0 0 0 
0 0 0 0 0 0 0 130 0 0 0 0 150 0 0 0 0 0 0 0 0 0 0 0 0 0 0 0 0 0 
0 80 0 0 0 0 0 110 0 0 140 60 120 0 0 130 0 0 0 0 110 0 0 0 0 0 0 0 0 0 
0 0 0 0 90 0 0 0 0 0 0 0 0 0 140 0 0 0 0 0 0 0 0 0 0 0 0 0 0 0 
0 0 0 0 0 0 0 0 130 120 0 0 0 0 0 0 0 0 0 0 0 0 0 0 0 0 0 0 0 0 
60 0 120 50 0 0 0 0 0 0 0 0 80 0 0 0 0 0 0 0 0 0 0 0 0 0 0 100 70 0 
0 0 0 0 70 0 0 0 100 50 0 0 0 130 0 0 0 0 0 0 0 0 0 0 0 130 50 0 0 140 
0 0 0 0 0 0 0 0 0 0 0 0 0 0 70 0 0 0 0 0 0 0 80 0 0 80 0 0 0 0 
0 0 0 110 0 0 0 0 0 0 0 0 0 0 0 120 0 0 0 0 0 150 110 0 0 0 0 0 0 0 
0 0 0 0 0 0 0 0 0 90 0 0 0 0 0 0 0 0 0 0 0 150 0 0 0 130 0 0 0 0 
0 60 0 0 0 0 0 0 0 0 0 0 0 0 0 0 0 0 0 0 0 0 0 0 0 0 120 0 0 0 
0 0 0 0 0 60 0 0 110 0 0 0 0 140 0 0 0 60 0 0 0 0 0 60 0 0 0 80 0 0 
0 0 0 0 0 70 0 0 120 0 0 60 0 120 0 0 0 120 0 0 0 100 0 0 0 0 0 0 0 0 
0 0 0 50 150 0 0 0 0 0 0 0 0 70 0 0 0 0 0 0 0 0 0 150 0 0 0 0 0 0 
0 0 100 0 0 0 60 0 0 0 0 0 0 150 0 0 0 140 0 0 80 0 0 0 0 0 0 0 0 0 
0 70 0 0 0 60 0 0 0 0 0 0 0 0 0 140 0 0 70 0 70 0 0 0 0 0 0 0 50 0 
120 0 0 100 0 0 0 0 60 0 0 0 0 0 0 0 110 0 0 0 120 110 0 0 0 0 0 0 90 0 
110 0 0 0 50 60 0 0 0 70 60 0 90 0 0 0 0 0 0 0 0 0 0 0 130 0 0 0 0 0 
0 0 0 0 0 140 0 130 0 0 0 0 0 0 0 0 0 0 0 0 90 0 0 0 50 0 0 0 70 0 
0 0 0 0 0 0 0 0 0 0 0 0 0 60 0 70 80 0 0 0 0 0 100 0 0 0 0 60 90 0 
0 60 0 0 0 0 0 50 0 60 0 0 80 0 0 100 0 0 0 0 0 0 0 0 0 0 0 0 0 0 
0 0 0 0 0 0 0 120 0 0 0 0 0 0 0 0 0 140 100 0 0 0 0 0 0 0 0 0 0 0 
0 0 0 120 0 0 0 0 0 0 0 0 0 0 120 0 0 0 0 0 0 0 0 110 140 0 0 0 60 130 
0 0 0 0 0 0 0 0 0 0 0 70 0 0 0 150 0 0 0 0 0 0 0 110 0 0 70 0 0 0 
0 0 0 0 0 0 0 0 50 0 0 0 0 0 0 130 0 0 0 0 0 0 0 0 0 0 0 0 0 0 
0 0 50 0 0 0 0 0 0 110 0 0 0 0 0 0 0 0 0 0 0 0 0 0 0 0 0 0 0 0 
0 70 70 0 0 0 130 0 0 0 0 50 0 0 0 0 0 0 0 90 100 0 0 0 70 90 0 0 0 0 
0 60 0 0 0 50 0 0 0 0 0 100 0 0 0 0 0 0 0 0 0 0 0 60 0 0 0 0 0 0 
0 0 0 0 0 0 120 0 0 0 0 0 0 0 0 130 0 0 0 0 0 0 0 110 0 0 0 0 0 0 
0 0 0 0 0 0 0 0 0 0 0 0 0 0 0 0 150 0 0 0 0 0 140 0 0 0 130 0 0 0 
0 0 0 0 70 0 0 0 60 0 0 140 140 0 0 0 0 0 0 0 0 150 0 0 0 0 0 0 0 0 
60 0 0 0 0 130 0 0 0 0 0 0 0 0 0 120 60 0 0 0 130 0 90 0 0 0 0 0 100 0 
0 0 0 0 0 0 0 0 60 0 0 0 140 150 150 110 0 50 0 0 140 0 0 0 0 0 0 0 0 0 
0 0 140 0 0 0 0 0 0 130 0 0 0 0 0 0 0 0 50 0 0 70 100 0 0 0 0 0 0 0 
0 130 0 0 0 150 60 0 0 0 0 0 0 0 0 0 0 0 0 100 0 0 130 0 140 0 0 0 0 0 
60 0 0 0 100 0 70 0 0 0 0 0 0 0 0 0 100 110 0 0 0 0 0 0 0 0 0 0 50 0 
0 0 0 0 0 0 0 0 110 0 140 0 0 0 0 0 0 0 100 0 0 0 0 0 90 90 0 0 150 120 
0 50 0 0 0 80 0 0 0 0 0 0 0 0 0 140 0 0 110 0 0 0 0 100 0 110 0 0 0 90 
0 0 0 0 90 0 70 0 0 0 0 0 0 0 0 0 0 0 0 0 0 0 0 0 90 0 0 0 0 0 
0 0 0 120 0 0 0 0 0 0 0 0 150 0 0 0 0 80 80 80 60 80 0 0 0 0 130 0 0 0 
0 0 0 0 0 90 120 0 90 0 0 0 0 0 0 0 0 0 0 0 0 0 0 0 0 0 0 0 0 0 
80 110 0 80 0 0 0 130 130 0 0 0 0 0 0 0 0 0 0 0 0 0 0 0 140 100 0 0 0 0 
0 0 0 0 0 0 0 0 0 0 0 0 0 0 0 0 0 0 0 0 0 0 0 0 0 0 120 70 0 0 
0 0 0 0 0 0 0 0 80 0 0 0 0 0 0 0 0 0 0 0 0 0 0 0 0 0 0 0 0 70 
0 0 110 0 0 0 0 0 130 100 0 0 0 0 0 0 0 0 100 0 0 60 0 0 0 0 0 0 0 0 
0 60 0 0 130 100 130 0 0 0 0 0 0 0 0 0 90 0 0 0 0 0 0 140 0 0 0 0 0 0 
130 120 0 0 60 0 0 0 0 0 90 0 0 0 0 0 0 0 0 0 120 0 0 0 0 0 0 0 0 0 
0 0 0 0 0 0 100 0 0 0 0 0 0 80 0 0 100 0 0 0 0 50 0 0 0 0 0 150 0 0 
0 0 0 0 0 0 0 0 0 0 0 0 0 70 0 0 150 0 0 0 110 0 0 0 0 110 0 80 0 0 
0 0 0 0 0 0 0 0 0 0 0 150 0 0 0 0 0 0 0 0 0 0 0 0 0 0 0 60 140 110 
0 0 0 50 80 0 0 0 0 0 60 0 140 0 0 0 0 0 0 0 0 0 80 150 0 0 0 0 80 0 
150 0 0 100 0 0 0 0 0 140 120 140 0 0 0 0 0 0 0 0 70 0 0 0 0 110 0 0 0 0 
0 0 0 0 110 60 0 0 0 0 0 0 0 0 0 0 130 0 80 0 0 0 150 120 140 80 0 0 0 0 
0 0 0 0 0 0 0 0 90 0 0 0 0 0 0 0 0 0 0 130 100 0 0 0 140 0 0 0 70 0 
140 0 0 0 0 0 0 0 0 0 0 120 0 0 0 0 0 0 0 0 0 0 0 0 0 140 0 0 0 0 
110 0 0 0 0 100 70 0 0 0 0 0 70 0 0 0 0 0 110 0 60 0 0 0 0 60 0 0 0 0 
0 0 0 0 110 0 130 0 0 0 0 0 0 120 0 0 0 0 0 0 0 0 0 110 0 0 0 0 0 0 
0 0 0 80 0 0 0 0 0 0 0 0 70 0 0 80 150 0 0 0 0 0 0 120 0 0 0 0 0 0 
120 0 0 110 0 0 0 0 0 0 0 0 0 0 0 0 0 0 0 0 0 0 0 0 0 0 0 0 0 0 
0 0 90 0 0 0 0 0 0 0 0 80 0 0 0 0 0 0 0 0 0 80 0 0 0 0 0 0 0 0 
0 0 0 130 0 0 0 0 0 0 80 0 0 0 0 0 0 0 0 0 0 110 0 0 0 0 0 0 0 0 
0 0 140 0 0 0 0 0 0 0 0 140 0 0 100 0 0 0 0 0 0 0 0 0 0 0 80 110 0 0 
0 100 0 50 0 0 0 0 0 0 0 0 0 80 90 0 0 0 0 0 0 130 100 50 0 0 0 0 50 0 
0 0 90 0 0 60 0 0 90 0 0 0 0 0 0 0 0 70 0 70 0 0 0 130 70 0 130 0 0 0 
0 80 0 0 0 0 0 0 0 0 0 0 0 0 0 100 0 0 0 0 0 0 0 0 0 0 120 0 0 0 
0 90 0 0 0 90 0 0 0 0 50 90 80 0 0 0 60 0 0 0 0 0 0 0 0 0 0 150 0 110 
0 0 0 0 0 0 0 0 50 0 0 0 0 0 0 0 0 50 0 0 0 0 0 140 0 0 0 0 0 0 
0 0 130 0 0 0 0 0 0 60 0 0 0 60 0 0 0 0 0 0 0 0 0 0 0 0 0 0 0 0 
0 0 0 0 0 0 0 0 130 0 100 100 0 120 0 0 0 50 100 0 0 0 0 150 0 120 0 0 0 0 
0 90 0 0 0 0 0 0 0 0 0 0 0 0 130 0 0 0 0 0 0 0 0 0 0 0 0 0 0 0 
0 0 0 0 0 0 0 0 140 0 0 0 0 0 0 0 110 0 0 80 0 0 0 0 150 150 0 140 0 0 
0 130 0 0 0 0 0 0 0 0 0 0 0 0 0 0 0 0 0 0 0 0 0 0 0 0 0 0 70 0 
0 0 140 0 0 0 0 0 0 0 0 0 0 0 150 0 0 0 0 0 110 0 0 0 0 0 0 0 0 0 
80 70 0 0 0 0 0 0 0 0 0 0 0 130 0 0 80 0 0 140 0 0 0 120 0 140 0 0 0 0 
100 0 0 0 0 0 0 0 80 0 0 0 0 0 0 0 0 0 0 0 0 0 0 0 50 0 0 0 0 0 
0 130 0 0 0 0 0 60 0 0 0 0 0 0 0 0 0 0 0 0 0 0 0 150 0 0 0 0 0 0 
0 0 0 0 0 0 0 0 0 0 0 0 0 0 0 0 0 0 110 0 70 0 0 130 0 0 0 0 0 0 
0 0 0 150 60 0 0 0 0 0 0 60 0 0 110 0 0 0 0 0 0 0 0 0 0 0 70 50 90 110 
0 0 0 0 0 0 130 0 0 90 0 0 0 0 0 0 0 0 0 0 0 0 0 0 0 0 0 70 0 0 
150 0 0 0 0 0 0 50 0 0 0 0 0 0 60 0 0 0 140 0 0 0 0 140 0 0 0 150 70 50 
50 0 0 0 0 0 0 0 0 0 0 0 0 90 0 0 0 0 0 0 0 0 0 0 0 120 0 0 0 0 
0 0 0 80 0 0 0 0 0 0 0 0 0 0 0 0 90 0 0 0 0 0 0 0 80 130 0 0 0 0 
0 150 0 0 0 0 0 90 0 70 0 0 70 0 0 0 0 0 140 0 130 0 0 0 0 120 0 80 0 0 
0 0 130 0 0 0 0 0 0 0 0 0 0 0 0 0 130 0 0 0 0 150 0 0 0 0 0 100 0 90 
0 0 0 0 0 0 0 0 0 0 0 0 0 100 0 0 80 0 120 0 0 0 0 0 0 0 0 70 0 0 
0 0 130 110 0 0 130 0 80 0 80 0 0 0 150 140 0 50 0 0 0 0 0 0 0 0 0 0 0 0 
0 0 110 0 0 0 0 100 0 0 0 0 0 0 0 0 0 0 0 0 0 0 0 0 0 0 0 0 0 0 
0 60 0 0 0 0 0 0 0 0 0 0 0 0 150 0 0 0 70 0 0 0 140 0 0 0 0 100 0 0 
0 90 0 0 0 0 0 0 0 0 0 90 0 0 0 0 140 0 110 0 0 0 140 0 120 0 50 0 0 0 
0 0 0 120 0 0 0 0 0 0 0 0 0 0 0 120 0 0 0 0 0 0 0 0 0 0 130 60 0 0 
0 0 0 0 0 0 140 0 130 0 0 0 80 0 0 0 0 0 0 0 0 0 0 0 0 0 0 0 150 0 
0 0 0 0 0 0 0 0 0 0 0 50 0 0 0 0 0 0 0 0 0 0 0 0 0 0 0 0 0 130 
0 0 0 90 0 0 0 0 0 0 0 0 0 0 0 0 0 0 0 0 110 60 0 0 60 0 120 0 0 0 
0 0 0 0 0 0 0 0 0 0 0 0 0 0 110 0 0 0 0 0 0 0 0 100 0 0 0 0 0 0 
0 0 0 0 0 0 0 0 0 0 0 0 0 0 0 0 0 0 60 0 0 0 0 0 0 70 0 0 0 0 
70 140 0 0 50 0 0 0 100 0 0 0 0 140 110 0 0 0 0 0 110 0 0 90 0 0 0 0 0 0 
0 0 0 0 0 0 0 0 0 80 140 0 0 0 0 0 0 0 0 0 0 0 0 0 0 0 0 0 0 0 
0 0 60 110 0 130 0 110 0 0 0 110 0 0 0 0 0 0 0 140 0 0 0 0 0 150 0 60 0 0 
0 0 0 0 0 0 0 0 0 0 0 90 0 0 0 0 0 0 0 0 0 110 0 0 0 0 0 0 130 0 
120 0 0 0 0 0 0 0 0 150 0 0 0 0 0 0 0 0 0 0 0 0 0 0 0 0 0 150 0 0 
0 0 0 130 0 0 0 0 0 0 0 0 0 0 0 0 0 0 100 0 0 0 0 0 0 0 0 0 90 0 
120 0 0 0 0 0 0 0 0 0 0 60 70 0 0 0 0 80 0 0 0 0 0 70 0 0 0 0 0 70 
100 0 50 0 0 0 0 0 140 0 0 0 0 0 0 0 0 0 110 0 0 0 0 0 120 0 0 0 150 0 
0 0 0 100 0 120 0 0 0 0 0 50 0 0 0 0 120 0 0 0 0 0 0 90 0 0 0 0 0 0 
0 0 0 0 0 0 0 0 0 0 50 0 80 0 0 0 0 0 0 0 0 80 140 0 0 110 0 110 0 0 
0 0 0 150 0 0 110 0 0 0 90 0 100 0 110 0 0 0 0 0 0 0 0 80 0 0 0 0 0 0 
0 0 0 0 0 0 60 0 0 0 0 0 0 110 100 0 0 0 0 0 0 0 150 0 0 60 0 0 0 100 
0 0 0 0 0 110 0 0 150 0 0 0 0 0 0 0 0 0 0 0 0 0 110 0 0 70 0 0 0 0 
90 0 0 0 0 0 0 0 60 0 0 0 0 0 0 0 0 0 0 0 0 0 150 0 0 0 0 0 140 0 
0 110 0 0 0 0 0 0 0 0 0 0 0 0 0 60 0 0 0 0 140 100 0 0 90 0 0 110 0 0 
0 0 0 0 0 60 150 0 0 0 0 0 0 0 0 0 50 120 0 140 0 150 100 0 0 0 0 120 0 0 
0 0 0 130 0 0 0 0 0 0 90 0 0 0 0 0 0 0 0 0 0 0 0 0 0 0 0 0 0 0 
0 0 90 0 0 140 0 0 0 0 0 0 0 0 90 0 120 0 0 0 70 0 130 0 80 0 0 0 0 0 
0 0 0 0 0 80 0 0 0 0 0 0 0 0 60 0 0 0 90 50 70 0 0 0 120 130 0 90 0 0 
0 0 0 0 0 0 90 0 0 0 0 0 0 0 120 0 0 0 0 110 110 50 0 0 0 0 0 0 0 0 
0 0 90 0 0 0 0 0 0 0 0 0 0 80 0 80 0 0 0 100 70 0 50 0 0 0 0 0 0 130 
0 0 0 0 110 110 0 0 0 0 0 70 0 0 0 0 0 0 0 0 0 0 50 0 0 50 0 0 0 90 
0 0 0 0 0 120 0 130 0 0 0 0 0 0 0 0 0 0 0 0 0 0 0 0 0 0 0 0 0 0 
0 150 0 0 80 0 0 0 0 0 0 90 0 0 0 0 0 90 60 70 110 0 0 0 0 0 0 0 0 0 
0 0 0 0 90 0 100 0 0 0 0 70 0 0 0 80 0 0 0 0 0 140 0 0 110 0 0 0 0 0 
0 150 0 150 0 0 0 0 0 0 0 0 0 0 0 0 0 130 0 0 0 80 0 50 0 60 0 0 0 0 
130 0 0 0 130 0 0 0 0 0 90 0 0 0 0 0 0 0 0 0 0 0 0 0 0 0 0 0 0 0 
0 0 0 0 0 0 0 0 0 0 0 0 0 0 0 0 0 0 0 100 0 0 50 0 0 0 0 0 0 60 
0 0 0 0 0 110 0 0 0 0 50 100 0 0 50 0 0 0 140 0 0 0 0 0 0 60 110 0 50 0 
0 0 50 0 0 0 50 0 0 0 0 0 0 0 130 0 90 0 0 0 0 0 120 0 0 0 90 50 0 0 
0 140 0 0 0 0 0 0 0 0 90 100 0 90 140 0 0 0 0 0 0 0 0 0 0 0 0 0 0 0 
0 0 0 0 0 0 150 0 0 0 0 0 0 0 0 0 0 100 0 0 0 0 0 0 0 0 0 0 0 0 
0 0 0 0 0 0 0 70 0 0 0 0 0 0 0 0 0 0 0 0 0 0 0 100 0 50 0 0 0 0 
0 100 0 0 0 130 0 0 90 0 0 0 0 0 0 50 0 0 0 0 0 0 0 0 0 140 0 0 0 0 
0 150 0 0 0 140 0 0 0 0 0 0 0 0 0 60 0 90 90 0 0 0 0 0 0 0 0 0 0 130 
0 100 0 0 120 0 0 0 0 120 0 0 0 0 0 0 0 0 0 0 0 90 130 0 140 0 0 0 0 0 
0 0 0 0 0 60 0 70 0 0 0 0 0 0 150 0 0 0 0 0 140 0 0 0 0 0 0 0 90 0 
0 0 0 0 0 0 140 0 0 0 0 0 0 110 0 50 0 0 0 0 0 150 0 0 0 0 0 0 0 0 
0 0 0 0 0 0 0 0 0 100 0 0 0 0 80 0 0 0 0 0 120 0 0 0 0 0 0 0 0 50 
0 0 0 0 0 110 0 0 0 0 0 0 0 0 0 0 0 0 0 130 0 0 0 0 0 0 0 0 0 0 
0 90 110 0 0 150 0 0 0 0 0 0 0 0 0 0 0 0 0 0 0 0 0 0 0 0 130 0 80 90 
0 0 0 0 0 0 0 0 0 80 0 70 100 0 150 0 0 0 0 80 0 0 0 0 0 0 0 0 0 0 
0 60 0 0 0 0 0 0 0 0 0 0 0 0 0 0 0 0 0 0 0 0 0 90 0 150 90 0 0 0 
0 0 120 0 0 0 100 0 0 0 0 0 0 0 90 0 0 0 120 0 0 0 0 50 0 0 140 0 0 0 
0 0 0 0 0 0 0 0 0 0 50 0 0 0 0 0 100 0 50 140 0 0 0 0 0 0 120 0 80 150 
0 130 0 0 110 0 0 90 0 0 50 140 0 0 0 0 0 0 130 0 0 0 0 0 0 0 0 0 150 0 
0 0 150 0 0 0 0 0 0 0 0 0 0 0 0 0 0 100 0 0 0 0 0 0 80 0 150 0 0 0 
0 0 70 0 0 0 0 60 0 0 0 0 0 0 0 0 0 70 0 0 0 0 0 0 0 0 130 0 0 0 
0 0 0 0 0 0 0 0 0 0 0 0 0 0 0 0 0 150 120 0 0 60 0 0 0 0 80 0 0 0 
0 0 0 0 0 50 80 0 0 0 0 0 130 0 0 50 0 0 90 0 0 0 120 0 0 0 0 0 0 0 
0 50 50 0 0 50 0 50 0 150 0 70 0 0 0 0 0 0 0 0 0 0 80 0 0 0 0 0 0 0 
0 0 0 0 0 0 0 0 0 0 90 0 0 0 0 0 0 0 0 0 0 0 0 80 0 120 0 0 0 0 
0 0 0 0 0 0 0 140 50 0 0 0 0 0 0 0 0 0 0 0 0 0 0 150 0 0 0 0 0 0 
0 0 0 0 0 140 0 0 50 0 0 0 0 0 0 0 0 0 0 0 0 0 0 0 0 0 90 0 110 0 
0 0 0 0 60 0 70 140 60 0 0 0 0 0 0 0 0 0 0 0 0 120 150 0 90 120 0 0 0 0 
0 0 0 0 0 0 0 130 90 0 0 0 0 70 0 0 0 0 110 0 80 0 0 0 0 0 0 80 0 0 
0 0 0 0 120 0 0 0 0 0 0 0 0 70 90 0 0 0 0 0 0 0 0 80 80 0 0 0 0 0 
0 0 0 0 0 0 60 0 60 0 0 0 0 140 0 0 100 90 0 0 0 0 80 0 60 0 0 0 0 0 
0 0 0 110 110 0 0 0 70 0 0 0 0 0 0 0 0 0 0 80 0 0 0 0 0 0 0 0 0 110 
0 0 0 0 120 0 0 50 0 0 130 0 0 0 0 120 80 0 0 0 0 120 70 0 0 0 0 0 0 0 
0 0 0 0 80 0 0 0 0 0 150 0 0 80 0 0 0 50 0 0 0 0 0 0 0 0 0 0 100 0 
0 130 0 0 0 0 0 80 0 0 0 130 0 110 0 130 0 0 0 0 0 0 0 0 100 0 0 0 90 150 
90 0 0 0 0 0 140 0 100 0 0 0 0 0 0 0 150 0 130 0 0 0 0 110 0 100 130 0 0 0 
0 0 100 0 60 0 80 0 0 0 50 0 0 0 120 0 0 0 0 0 0 0 0 50 0 0 140 0 0 150 
0 0 0 0 0 0 0 0 0 0 0 0 0 0 130 110 0 0 0 0 0 0 0 130 60 0 50 0 0 100 
0 0 60 0 0 0 0 0 0 150 140 0 0 0 0 0 0 0 0 100 90 0 0 0 0 130 50 0 0 0 
0 0 0 80 0 70 0 0 0 0 0 0 0 0 0 0 0 0 0 0 0 0 0 0 0 0 0 0 0 0 
0 0 130 0 0 0 0 0 0 0 0 0 0 0 0 100 0 150 0 0 0 0 0 140 0 0 0 0 0 0 
0 0 0 0 0 110 120 0 0 0 50 0 0 0 0 0 140 120 0 0 0 0 0 0 120 120 0 0 0 0 
0 90 110 100 130 0 0 0 0 0 110 0 0 0 0 0 0 0 0 0 0 100 0 0 0 0 50 150 0 0 
60 0 0 0 0 0 0 0 0 0 0 0 0 0 0 0 0 0 0 0 0 0 0 0 0 0 0 0 70 0 
140 0 0 0 130 0 0 0 0 0 0 0 150 0 0 0 0 130 50 0 120 70 0 0 50 0 0 0 0 0 
0 0 80 0 0 110 0 0 0 0 0 0 0 0 0 0 0 0 0 0 0 0 140 0 0 0 0 0 0 0 
0 140 0 0 0 0 0 0 0 0 0 0 0 0 0 0 0 0 0 0 120 0 0 0 0 0 0 0 0 0 
0 0 0 0 0 0 60 0 0 0 0 60 80 0 0 80 0 120 0 120 0 50 80 0 0 0 0 0 0 0 
0 0 0 0 0 0 0 0 0 0 0 0 120 0 0 50 0 0 0 0 0 0 0 0 0 0 0 0 0 0 
0 0 0 0 0 70 0 130 0 130 0 0 0 0 0 110 0 0 0 0 0 0 0 0 0 50 0 0 0 0 
0 90 0 0 0 120 0 0 50 110 0 0 0 0 0 70 0 0 0 0 0 0 0 110 0 150 0 0 0 0 
0 0 0 0 0 0 0 0 130 0 0 0 130 0 0 0 0 0 0 0 0 0 0 50 110 150 130 0 70 120 
0 0 110 0 0 0 0 0 0 0 0 0 0 0 0 0 0 0 100 0 0 0 0 0 0 0 0 0 0 0 
0 0 0 80 0 0 150 0 50 0 0 0 60 0 0 0 50 0 0 0 60 0 0 0 0 60 0 0 80 0 
100 0 0 0 0 0 0 0 0 80 0 0 0 0 0 0 0 0 0 0 80 0 0 120 0 0 100 0 0 0 
0 0 0 0 0 0 0 0 130 0 0 0 0 0 0 0 0 0 0 0 0 150 0 0 0 0 150 0 0 0 
0 0 0 0 0 0 110 0 0 0 0 0 0 0 0 0 0 0 110 130 80 0 0 0 110 0 0 0 0 0 
0 0 0 0 0 140 80 0 110 0 0 0 0 0 0 120 0 0 0 0 0 0 110 0 0 150 0 150 0 0 
0 0 0 0 0 0 0 50 0 0 0 0 90 0 0 0 0 0 100 0 0 50 0 0 0 0 0 0 150 0 
140 0 0 60 60 0 0 0 0 0 0 0 0 0 110 0 0 0 0 0 0 0 60 0 70 0 0 150 0 0 
110 0 0 0 0 0 0 0 0 0 100 0 0 0 0 0 50 0 0 0 0 130 0 0 0 0 70 60 130 0 
0 0 60 0 0 0 0 70 140 0 0 0 0 0 0 0 0 0 150 0 0 0 0 0 130 0 0 0 130 0 
0 70 0 0 0 0 0 0 0 70 100 90 120 0 0 0 0 0 0 0 0 0 0 0 0 120 0 0 0 0 
0 0 150 0 0 0 0 110 150 0 0 0 0 0 90 100 0 0 0 140 0 0 0 0 120 0 0 0 0 0 
0 0 0 0 0 0 0 0 0 0 0 0 0 0 0 0 0 0 0 0 0 0 0 0 0 0 0 0 80 70 
0 0 80 0 0 0 0 0 130 0 100 70 0 0 0 150 110 0 0 0 70 0 0 0 0 0 0 0 0 110 
0 0 0 110 0 90 0 0 80 0 120 0 60 0 0 0 0 0 0 80 0 0 0 0 0 0 0 0 0 0 
0 0 0 0 50 0 0 0 0 0 120 90 0 0 0 120 0 0 0 0 0 0 80 0 0 0 0 0 0 0 
110 0 0 0 0 0 0 0 80 0 0 120 0 0 0 0 0 0 0 0 0 0 0 0 100 0 0 150 0 0 
110 0 0 0 0 0 0 0 0 0 0 0 0 0 0 0 0 0 60 0 0 110 0 0 0 0 0 0 0 130 
0 0 80 0 0 0 0 0 0 0 0 0 0 0 0 0 0 0 0 0 0 130 0 0 0 0 0 0 0 0 
0 120 0 0 90 0 0 0 0 0 0 0 0 0 50 0 0 0 0 0 0 0 0 0 0 0 130 0 140 50 
0 0 0 0 0 0 0 0 0 0 140 0 0 0 0 140 0 0 0 0 60 0 0 0 0 70 0 60 90 60 
0 0 0 60 0 0 0 0 0 0 0 0 0 0 0 0 0 0 0 0 0 0 120 0 0 0 0 0 0 110 
0 0 140 0 0 0 0 0 0 0 0 0 0 0 90 0 70 0 0 0 0 0 0 0 150 70 0 0 150 0 
0 0 0 0 0 0 120 0 50 0 0 120 0 110 70 0 0 0 120 0 0 0 110 0 0 0 0 60 0 0 
110 0 0 0 0 0 0 0 0 0 0 0 0 0 50 0 0 70 0 0 0 0 0 0 0 0 140 0 100 0 
0 60 0 0 0 0 0 0 0 0 0 0 0 0 0 0 0 0 0 0 0 0 0 0 0 0 140 0 0 0 
0 0 0 0 0 0 0 110 0 0 0 0 0 0 70 0 0 0 0 0 0 0 0 0 0 0 90 0 0 0 
0 0 0 140 0 0 0 0 0 0 0 0 0 120 0 0 100 0 0 0 0 50 0 0 80 0 0 0 0 0 
0 0 0 0 0 0 0 0 0 110 0 0 0 150 0 0 0 0 0 70 0 0 0 110 0 0 0 0 0 0 
0 0 0 0 0 80 0 50 0 140 0 0 0 0 0 0 0 0 120 0 0 110 0 0 0 0 80 70 0 90 
100 0 0 0 0 0 110 0 90 0 0 0 0 0 0 0 0 0 0 0 0 0 0 0 0 70 0 0 70 140 
0 0 0 0 110 0 0 0 0 0 0 0 60 0 0 0 0 0 150 0 0 0 0 0 0 150 80 0 0 0 
0 0 0 50 60 0 100 100 0 0 0 0 140 90 0 0 0 90 0 0 0 60 0 0 0 0 0 0 0 0 
0 0 0 0 60 0 0 60 0 0 0 50 0 0 0 0 0 0 50 0 0 60 0 90 80 70 0 0 0 0 
0 0 0 0 0 0 0 0 0 0 0 0 0 0 0 0 80 0 0 100 0 0 0 0 0 0 0 0 0 0 
60 0 130 0 50 0 0 0 0 0 0 0 0 0 80 0 0 0 0 0 0 0 0 0 0 0 0 0 0 0 
0 0 0 0 0 0 0 0 0 0 0 0 0 0 0 0 0 0 0 0 0 0 130 0 0 0 80 0 150 0 
0 0 0 0 70 0 0 140 50 0 0 0 0 0 50 0 150 0 0 0 150 0 100 0 0 0 0 0 0 0 
50 0 110 0 0 0 0 0 90 0 0 0 0 0 0 0 150 0 0 0 0 110 130 0 0 0 0 140 140 0 
0 0 0 110 0 130 0 0 0 120 0 0 0 0 0 0 0 0 0 0 0 0 0 0 0 0 0 0 0 0 
0 0 0 120 0 0 0 0 0 80 0 60 0 0 0 0 0 0 0 0 0 0 0 0 150 0 0 0 0 0 
0 0 0 0 0 0 150 130 0 0 0 80 80 0 0 0 0 0 0 0 0 0 140 0 0 80 0 0 0 0 
0 0 0 0 0 0 0 0 0 0 0 0 120 70 0 0 0 110 0 0 0 0 0 0 0 0 0 0 0 0 
80 80 0 0 0 0 0 0 0 0 0 0 0 0 0 0 0 0 0 0 0 0 0 0 0 0 0 0 0 0 
120 0 0 0 0 0 0 0 140 70 0 0 0 0 0 0 150 0 0 0 0 0 0 0 0 70 0 0 0 0 
0 0 0 0 140 0 0 0 0 0 0 0 0 0 0 0 0 0 0 0 0 0 50 0 0 0 110 0 0 0 
0 0 0 0 130 70 0 0 0 80 0 0 0 0 0 0 110 0 130 0 90 0 0 140 0 0 0 0 0 0 
0 0 0 0 0 0 0 140 0 0 0 90 0 0 0 0 0 0 0 0 0 0 140 0 60 0 0 0 0 0 
0 0 0 0 0 0 0 0 0 0 0 150 0 0 0 0 0 100 0 0 0 80 110 0 0 0 0 0 0 120 
150 0 0 0 0 100 0 0 0 0 120 0 0 0 0 0 0 60 0 0 0 0 0 0 90 0 0 0 0 0 
0 0 0 0 0 0 140 0 0 0 0 0 0 0 0 0 0 0 0 0 0 0 0 0 0 0 100 0 0 0 
0 0 0 0 0 130 0 0 0 100 0 0 0 0 140 0 130 0 0 0 0 120 0 0 0 0 70 0 0 0 
0 140 0 110 0 140 0 0 0 0 0 140 0 50 0 100 0 0 0 0 100 0 0 0 0 0 0 0 0 0 
0 0 0 90 0 0 0 0 0 100 0 0 0 0 0 0 0 0 0 0 0 0 0 0 0 0 100 0 0 0 
0 0 120 0 0 0 0 100 0 0 0 0 0 110 0 0 0 80 0 0 0 0 0 0 0 60 0 0 0 80 
0 0 0 0 0 0 0 0 0 0 0 0 0 0 0 80 0 0 0 0 0 0 0 0 0 0 120 0 0 0 
0 0 0 0 0 0 140 0 70 90 0 0 0 0 130 0 0 80 0 0 0 0 140 0 150 0 0 60 0 0 
0 0 0 0 0 0 0 0 0 0 0 0 0 0 0 0 100 0 0 0 0 0 0 0 0 0 0 90 0 0 
0 0 0 150 0 0 0 60 60 0 0 0 0 0 0 0 0 0 0 0 0 0 0 0 0 0 0 0 0 0 
90 0 0 0 0 0 0 0 0 0 0 0 0 0 0 0 0 0 0 0 0 0 0 0 110 130 0 0 0 120 
0 0 50 0 110 0 0 50 0 0 0 0 0 0 90 0 0 0 0 130 0 0 0 0 0 0 0 0 0 80 
0 0 130 110 0 0 0 0 0 0 0 0 70 0 0 0 0 0 100 0 0 0 0 0 0 0 0 0 0 0 
0 0 0 0 150 0 0 80 0 0 0 0 0 0 0 0 0 0 0 0 0 0 0 0 0 0 0 0 0 0 
0 0 0 0 0 0 50 0 0 0 0 0 0 0 90 110 130 150 0 0 130 0 0 0 0 0 0 0 0 0 
0 0 0 0 0 0 0 0 0 0 0 0 0 0 50 0 0 0 110 0 0 150 0 70 0 60 0 60 0 0 
0 100 0 0 0 0 0 90 70 0 0 0 0 0 140 0 0 130 0 0 0 0 0 0 0 0 0 0 0 0 
0 0 0 0 50 0 0 0 0 0 0 100 60 0 0 0 0 0 0 0 0 0 0 0 0 90 0 0 0 0 
0 0 0 0 0 0 0 0 0 130 0 70 0 0 0 0 0 0 0 0 100 0 0 0 110 0 50 0 0 0 
0 0 0 130 130 0 0 0 0 60 0 0 0 0 0 0 0 0 0 0 0 0 0 0 0 0 0 0 0 0 
0 0 140 0 0 0 0 0 0 0 0 0 110 0 60 0 0 0 0 0 0 0 0 0 0 0 0 140 0 0 
0 0 0 0 0 0 90 0 0 0 0 110 0 90 0 0 0 0 0 0 0 0 50 0 120 0 0 0 0 0 
0 0 0 0 0 0 0 0 80 60 0 0 0 0 0 0 0 0 0 0 0 0 0 0 70 0 130 0 0 0 
0 0 0 0 0 0 0 0 0 0 0 0 110 0 80 0 0 0 0 130 0 0 0 0 60 0 80 0 0 0 
0 0 100 0 0 0 0 0 0 0 0 130 0 0 0 0 0 0 0 0 0 0 0 0 0 0 0 90 0 0 
0 0 100 0 0 0 0 100 90 0 0 0 0 150 130 0 100 0 0 0 100 0 0 0 0 0 0 100 0 0 
0 0 0 0 140 0 0 110 90 130 0 0 0 0 0 0 0 0 90 0 0 0 0 0 60 0 100 0 0 130 
0 0 0 0 130 110 0 0 0 0 0 0 0 0 0 0 90 0 0 0 100 0 90 0 0 0 0 0 0 0 
0 0 0 0 0 0 0 0 0 0 0 0 0 0 60 0 0 0 0 0 0 0 0 0 70 0 0 0 0 0 
150 0 0 0 0 0 0 0 130 0 0 0 0 0 110 0 0 0 0 0 110 0 0 0 0 0 0 0 0 0 
0 0 0 0 0 90 0 0 60 0 0 0 0 0 0 0 0 140 0 0 130 0 0 0 120 0 0 0 0 0 
0 0 0 0 0 150 90 0 0 0 0 0 0 0 0 0 0 0 0 0 0 0 140 0 0 0 0 150 0 70 
0 110 0 0 0 0 0 60 0 150 0 0 0 0 0 0 0 0 0 0 0 0 0 90 0 0 0 0 0 0 
0 0 0 60 120 90 0 0 0 0 0 110 0 0 0 0 0 0 0 0 0 0 0 0 0 140 0 0 0 0 
140 0 0 0 0 0 0 0 0 0 0 0 0 90 0 0 0 120 0 0 0 0 0 0 50 0 0 130 0 150 
0 0 0 0 0 0 0 0 0 0 0 0 0 0 0 0 0 70 0 0 0 0 0 0 140 0 0 0 0 0 
0 0 0 0 0 0 0 0 0 0 0 0 0 0 0 0 0 0 0 0 0 0 0 0 0 0 110 0 0 130 
0 0 0 0 0 0 140 0 110 0 0 0 0 0 0 0 0 0 0 0 0 0 0 0 110 110 0 0 100 100 
0 0 0 0 0 80 0 120 0 0 0 0 0 0 0 0 150 130 0 120 0 0 0 0 0 0 0 0 0 0 
0 0 150 0 0 0 0 90 0 0 0 0 0 0 0 0 120 0 0 0 0 0 100 0 0 0 0 50 70 0 
0 140 0 0 0 0 0 0 0 0 0 0 0 0 0 0 0 0 0 0 0 0 0 0 0 0 110 0 0 0 
0 60 100 0 90 0 90 0 0 0 0 0 0 0 0 0 0 0 0 0 0 0 0 80 0 0 0 0 0 0 
0 150 110 140 0 0 140 0 0 60 0 0 0 0 0 0 0 0 0 0 0 0 0 110 0 0 0 0 0 0 
0 0 0 70 0 0 0 0 0 0 0 0 0 0 0 0 0 0 0 0 0 0 120 0 0 0 70 0 110 0 
0 0 0 0 0 0 0 0 0 0 0 0 0 90 50 0 0 0 0 110 60 0 50 0 0 0 130 0 0 0 
0 0 70 0 0 0 0 0 0 0 0 0 0 0 0 0 130 0 100 60 0 0 0 0 0 0 0 0 0 120 
0 0 0 0 140 70 110 0 140 0 0 0 0 0 80 0 0 0 0 0 0 0 0 140 0 0 0 70 0 0 
80 0 0 0 0 0 140 0 0 0 0 0 0 0 0 130 0 0 0 0 0 0 0 0 0 0 0 0 0 0 
0 0 0 110 0 0 0 0 0 0 0 0 0 0 0 0 0 60 100 0 0 0 0 0 0 0 0 0 0 0 
0 0 0 120 0 0 0 0 0 0 0 0 0 0 0 0 0 80 0 150 0 0 0 0 0 0 0 0 0 0 
0 0 0 110 0 150 0 0 0 0 0 0 0 0 0 0 130 0 0 0 0 0 0 0 0 0 0 0 0 0 
0 70 0 0 110 0 0 0 0 0 0 0 120 0 0 0 0 0 110 140 0 0 70 0 60 110 0 0 0 0 
0 0 130 0 0 90 0 0 0 0 0 0 0 0 150 0 0 0 0 50 0 0 0 0 0 0 0 0 0 80 
0 0 0 0 0 0 0 0 0 0 0 0 150 0 0 0 0 140 0 0 0 0 0 0 120 120 150 0 0 0 
150 0 0 0 0 0 0 0 0 0 0 150 0 110 0 0 140 0 0 0 0 0 0 60 0 0 0 0 0 130 
0 0 0 0 0 0 0 130 0 0 0 0 0 0 0 0 0 0 0 0 60 0 0 0 0 0 130 0 100 0 
0 0 0 0 0 0 0 0 0 0 140 0 150 0 0 0 0 0 0 0 0 0 0 0 0 0 0 0 0 0 
0 80 0 0 0 0 0 0 0 0 0 0 0 0 0 0 0 0 0 0 0 90 0 0 0 0 0 0 0 0 
0 0 0 100 0 0 0 0 0 0 100 0 0 0 0 0 0 0 0 0 0 110 0 80 0 0 0 0 0 0 
0 0 0 0 0 0 140 0 0 0 0 0 0 0 0 0 0 60 0 0 0 0 0 0 0 0 0 50 0 0 
0 0 0 60 0 110 0 140 0 0 0 0 0 0 0 0 0 0 0 0 0 0 100 0 0 0 0 0 0 0 
0 0 0 0 0 0 0 0 50 120 0 80 0 0 0 0 0 0 0 140 0 0 0 0 0 0 0 90 0 0 
0 0 0 0 0 0 0 0 0 0 0 0 60 0 0 0 0 0 0 0 0 0 0 140 0 0 0 0 0 0 
0 0 0 0 0 0 0 0 0 110 0 0 0 120 0 70 0 0 0 0 0 0 110 110 120 120 140 0 0 0 
0 50 0 0 0 0 0 0 120 0 140 0 0 0 0 0 0 0 0 80 0 0 0 0 0 0 80 0 0 0 
0 0 0 0 0 0 0 0 0 0 0 0 0 100 0 0 0 0 0 0 0 0 0 0 100 0 0 0 0 130 
80 0 0 0 0 110 140 0 0 90 0 0 0 0 140 0 0 0 0 0 140 0 70 0 0 100 0 0 0 0 
0 0 0 0 0 80 50 0 0 0 0 0 70 0 0 0 0 0 0 0 0 0 0 0 0 0 0 0 0 0 
0 80 0 0 0 110 0 0 60 0 0 0 0 0 0 0 0 0 50 0 80 0 0 0 0 0 50 80 110 0 
0 0 0 0 0 60 70 140 0 50 80 0 0 70 0 0 0 0 0 130 0 0 0 0 70 0 0 0 0 0 
120 0 0 0 0 0 0 0 60 0 0 0 140 120 0 0 110 0 0 150 110 0 0 0 0 0 0 0 0 0 
80 0 0 0 90 60 60 0 0 0 60 0 0 0 0 0 100 60 0 0 0 0 0 0 0 0 0 0 150 0 
0 0 0 0 0 0 0 0 0 130 0 140 0 0 0 0 0 130 140 0 0 0 110 0 130 0 0 120 0 120 
0 80 50 0 0 0 0 130 0 0 0 0 0 0 0 0 0 120 0 0 0 150 110 110 0 0 0 0 0 0 
50 0 0 0 0 0 150 0 50 0 0 0 90 0 0 0 0 0 100 0 0 0 0 0 60 0 0 0 80 0 
0 0 0 0 0 0 0 0 110 0 0 90 0 150 0 70 0 0 0 0 0 90 0 0 120 0 150 50 0 0 
100 80 0 0 90 0 0 0 0 0 0 120 0 0 0 70 0 0 0 60 0 0 0 130 0 0 0 0 0 0 
0 0 0 0 50 120 0 0 0 0 0 0 0 50 0 0 0 0 0 0 0 0 0 0 0 0 0 0 0 0 
0 130 0 110 60 0 0 0 0 0 0 0 0 0 0 0 60 100 0 0 0 100 0 120 0 0 130 0 0 0 
0 0 0 0 0 0 0 80 0 0 0 0 0 0 0 0 130 0 0 0 0 0 0 0 0 0 0 0 0 0 
0 0 0 0 0 0 0 0 80 0 0 0 0 140 70 0 0 0 0 0 0 0 0 0 0 60 0 0 0 0 
0 0 0 70 0 0 0 0 0 0 0 120 0 0 0 0 0 0 0 0 0 0 0 0 0 0 0 0 0 150 
80 100 0 0 0 0 0 0 0 90 0 0 0 140 0 0 0 130 0 0 0 130 0 0 0 100 0 0 0 0 
0 0 140 0 0 0 0 0 0 0 0 0 0 70 0 150 0 0 0 0 0 0 0 0 0 0 0 50 0 120 
0 0 60 0 0 0 0 0 0 0 0 0 130 0 140 70 150 0 0 0 0 0 70 100 0 0 0 50 0 0 
0 80 0 0 0 0 0 0 80 0 120 0 0 0 0 0 100 0 150 0 0 80 0 0 0 0 0 0 0 0 
0 90 0 0 0 0 150 80 90 0 0 0 0 50 0 0 0 0 0 0 0 90 0 100 0 0 0 0 0 0 
0 0 0 0 0 50 0 0 0 0 0 0 0 0 0 0 0 0 0 70 0 0 60 100 0 150 0 0 0 130 
60 0 0 0 0 0 60 0 0 0 150 0 0 0 0 0 0 0 0 0 130 140 150 80 0 0 0 0 0 100 
0 110 0 0 120 100 0 0 0 0 0 0 0 0 0 0 0 0 100 0 0 0 0 0 100 0 120 0 0 0 
110 150 50 0 0 0 0 0 0 0 0 0 0 0 0 0 0 0 0 0 0 0 0 90 130 0 90 0 0 70 
70 0 0 110 0 0 0 0 0 80 0 50 0 0 0 0 0 0 50 110 0 0 0 70 0 140 0 0 0 0 
50 0 0 110 0 0 130 100 0 110 0 0 0 0 0 0 0 0 0 0 0 0 0 0 0 0 120 0 0 0 
0 140 0 140 100 0 0 0 0 0 0 0 0 0 0 0 0 150 0 0 0 0 0 0 0 140 0 0 140 0 
0 0 0 0 50 0 0 0 0 0 70 0 0 0 0 0 0 0 0 0 0 0 0 0 0 150 0 0 0 0 
0 0 0 0 0 0 0 0 0 0 0 0 150 0 0 0 0 0 0 0 0 0 0 0 0 0 0 0 50 0 
0 0 0 0 0 0 0 80 0 0 0 0 100 0 0 0 0 0 100 150 0 0 0 130 0 70 0 0 0 0 
0 0 0 0 80 0 0 0 0 0 0 0 0 0 0 0 110 60 0 0 0 110 130 0 0 0 110 0 0 0 
0 50 0 0 0 100 0 0 0 0 0 0 0 0 80 0 0 150 0 0 0 0 0 0 0 80 100 0 0 0 
0 0 0 0 0 0 0 0 150 0 110 0 0 0 0 0 70 0 0 0 120 0 0 0 0 0 0 0 0 0 
0 0 0 0 0 0 0 0 60 0 120 150 70 0 0 70 0 0 0 0 0 70 0 0 0 150 110 0 0 0 
0 90 0 0 0 90 0 0 110 0 0 150 0 0 0 0 0 0 0 0 0 120 0 120 0 0 0 0 90 0 
0 0 0 0 0 0 140 0 0 50 120 0 0 0 0 0 0 80 0 0 0 0 150 0 0 100 100 0 0 0 
0 80 0 0 0 0 0 0 0 0 0 0 150 0 0 0 0 0 0 0 0 0 90 0 0 130 0 0 0 150 
0 0 70 0 0 0 0 0 0 0 0 70 0 0 0 0 90 0 0 0 0 60 110 0 0 130 0 0 130 0 
0 0 120 80 0 0 0 0 130 0 0 140 0 0 0 0 0 0 0 90 140 120 0 0 110 0 0 0 0 0 
0 0 0 0 0 0 80 0 0 0 0 60 0 0 0 0 80 0 0 0 0 50 0 0 0 0 0 0 0 0 
0 0 0 0 0 0 90 0 0 0 0 150 90 150 0 0 0 0 150 0 0 0 0 90 0 0 0 80 0 80 
60 0 0 100 140 0 0 50 0 0 0 0 0 0 0 0 0 0 0 140 0 120 0 0 0 0 0 0 0 60 
0 70 150 0 0 0 0 0 0 0 60 0 0 0 130 0 0 0 60 0 0 0 150 130 0 0 0 0 70 0 
0 0 0 90 0 0 0 0 0 130 0 130 0 0 0 0 80 0 0 0 90 50 0 0 100 0 0 0 110 0 
0 0 0 130 0 0 0 0 0 0 0 100 140 100 0 0 0 0 0 0 0 0 0 0 0 0 0 130 0 0 
0 0 0 150 0 0 0 0 100 0 0 0 0 0 0 0 0 0 0 0 0 0 0 0 0 0 0 0 0 0 
0 0 0 80 0 0 0 0 0 100 110 0 0 50 0 0 0 0 0 0 0 0 0 0 0 0 0 0 0 0 
0 0 0 0 0 0 0 70 0 0 130 0 0 0 0 120 0 0 0 0 0 0 50 110 100 0 60 0 0 0 
0 0 0 0 0 0 120 140 0 0 0 0 0 0 0 0 90 0 0 0 0 0 0 0 0 0 0 0 0 150 
0 0 0 0 0 0 0 0 0 0 0 0 0 0 0 0 0 0 90 0 0 0 0 130 0 140 90 0 0 0 
0 140 0 90 80 0 0 0 50 0 0 0 0 0 50 0 0 130 0 0 0 0 0 0 0 0 0 0 0 0 
130 0 90 0 0 0 150 0 0 0 0 0 0 0 0 130 50 0 0 0 0 90 0 0 60 0 0 0 0 100 
0 0 0 0 140 0 140 130 0 0 0 0 0 140 0 0 0 0 0 0 0 0 0 50 0 0 0 0 0 50 
140 0 0 0 0 0 0 0 0 0 0 0 0 0 0 0 80 0 0 0 0 140 0 0 80 0 0 0 0 0 
0 60 0 0 0 0 0 0 0 0 0 0 0 50 80 0 0 0 0 120 0 0 0 0 0 0 80 0 70 0 
60 0 0 0 0 0 0 0 0 0 0 0 0 0 0 0 0 0 0 120 0 0 0 0 0 0 150 0 100 0 
150 0 0 0 0 0 0 0 80 0 0 100 0 0 0 0 120 100 0 0 0 0 0 110 110 0 0 0 130 0 
0 80 0 0 0 0 0 0 0 0 0 80 0 0 0 130 0 0 130 0 0 0 0 0 0 0 0 0 0 0 
0 130 0 0 0 0 0 130 0 0 0 0 120 0 0 80 0 0 0 0 0 0 0 140 0 0 0 0 0 0 
0 0 0 0 0 0 0 0 0 0 90 0 0 0 0 0 90 0 0 0 60 0 0 0 0 0 0 0 100 50 
0 0 0 0 0 0 0 0 0 0 0 0 0 0 0 0 60 0 0 0 0 0 0 120 0 0 0 0 0 0 
150 0 0 0 0 0 0 70 60 0 0 0 120 0 0 0 0 0 0 110 60 0 0 0 0 0 0 150 0 50 
0 0 0 0 0 0 0 0 0 0 0 0 0 0 0 90 0 0 0 90 0 0 0 0 0 0 0 0 0 0 
0 0 120 0 0 0 0 0 0 50 0 50 120 0 0 0 0 0 0 130 110 0 0 0 0 100 0 0 0 0 
0 0 0 0 60 0 130 0 150 0 0 0 0 110 0 120 0 0 0 150 0 0 130 0 0 0 50 0 0 0 
0 0 0 0 120 0 150 0 0 0 0 0 0 0 0 0 0 0 130 0 0 0 0 0 120 90 0 0 0 70 
0 0 0 0 0 130 0 0 0 0 0 0 0 0 0 0 0 0 0 0 0 50 0 0 0 0 0 0 0 0 
0 0 70 0 0 0 0 0 70 50 0 0 0 0 0 0 0 0 0 0 0 0 0 0 0 0 0 0 0 0 
0 0 0 50 0 80 0 0 0 0 0 0 0 0 70 0 0 0 0 0 0 50 0 60 0 0 0 0 80 0 
0 90 0 0 0 0 0 0 0 90 130 50 0 0 0 0 0 0 0 0 140 0 0 0 0 80 0 0 0 0 
0 0 110 0 0 0 0 0 0 0 0 0 0 0 0 0 0 0 0 130 0 0 0 120 0 0 0 0 0 150 
0 100 0 150 0 0 0 0 0 0 140 0 130 0 0 80 0 0 0 50 0 0 70 0 0 0 0 0 0 0 
0 0 0 150 0 0 0 0 0 0 0 0 0 0 0 0 0 50 0 0 110 0 0 0 100 0 0 0 0 0 
0 0 0 50 0 0 0 0 0 0 0 0 0 0 110 0 0 0 0 0 0 0 140 0 110 0 0 0 0 0 
0 80 0 0 0 0 0 0 0 0 0 0 0 0 0 0 80 120 0 0 0 0 0 0 0 0 0 0 0 0 
0 0 0 130 0 80 140 0 0 0 0 0 0 80 0 80 0 0 120 0 70 0 0 0 0 0 120 0 0 0 
0 0 0 0 130 120 0 0 150 0 140 0 0 0 0 0 0 60 70 0 0 0 60 0 0 0 0 0 0 0 
0 0 120 0 0 0 0 0 0 0 0 0 0 0 140 0 100 0 0 50 0 110 120 0 0 0 0 0 0 110 
0 0 0 0 0 150 0 70 110 0 0 0 0 0 0 50 0 0 0 120 0 0 0 130 0 0 0 0 140 0 
0 0 140 0 0 0 0 0 0 0 0 60 0 0 110 0 0 0 140 0 0 0 110 0 0 0 0 0 120 0 
0 150 0 0 0 0 0 0 0 0 0 0 0 0 0 0 0 0 0 80 0 0 0 0 0 0 0 0 0 0 
0 0 0 0 0 0 0 0 0 110 0 0 0 0 0 0 0 140 0 0 0 0 0 0 0 0 0 0 0 0 
0 0 100 0 0 0 0 0 0 0 0 0 120 0 0 0 0 0 0 0 0 0 0 0 0 0 0 0 0 0 
0 0 130 0 0 0 80 0 0 0 140 0 0 0 80 0 0 70 0 0 100 80 0 0 0 0 0 110 0 0 
0 0 0 80 0 0 0 0 0 120 0 0 60 0 0 0 150 80 50 0 0 50 0 0 0 0 0 0 0 100 
60 0 0 0 0 0 60 0 0 140 0 0 0 50 0 90 120 0 0 0 0 0 0 90 0 0 0 0 100 0 
0 90 0 0 0 0 0 0 0 0 0 70 0 0 0 0 0 90 0 0 0 0 0 0 0 80 110 150 110 110 
0 150 0 0 0 0 0 0 0 0 0 110 0 0 0 0 0 0 50 0 0 0 0 0 0 0 0 0 0 0 
0 130 0 0 0 0 130 0 0 0 0 0 0 0 0 80 0 0 0 140 110 0 0 0 0 0 0 0 0 0 
0 80 0 100 0 120 0 0 0 130 0 0 0 0 0 0 0 0 0 0 0 0 0 0 0 0 0 0 0 0 
130 0 0 0 0 0 0 0 80 0 0 50 0 0 0 0 0 0 0 0 0 130 110 0 0 0 140 0 0 0 
0 150 0 0 0 0 0 0 0 0 0 0 0 0 0 0 0 0 0 0 80 50 0 0 0 0 0 0 0 0 
90 50 0 0 70 0 0 0 0 150 0 0 0 0 0 0 0 60 0 0 0 0 0 0 0 0 0 0 0 0 
0 0 0 0 0 0 0 0 0 80 0 0 0 0 0 110 0 0 0 0 0 0 0 0 0 0 0 0 0 0 
0 0 0 130 0 0 0 0 0 0 140 0 90 0 0 0 0 0 0 0 0 0 130 0 80 0 0 0 0 0 
0 0 0 0 0 0 0 0 140 0 0 0 0 0 110 0 140 0 70 0 50 0 0 0 0 0 0 0 0 0 
130 0 130 0 0 60 0 0 0 0 0 0 0 0 0 0 0 0 0 140 0 70 0 0 150 0 0 0 0 0 
0 0 0 0 0 0 0 0 0 0 0 0 0 0 0 0 0 0 130 0 0 0 0 130 0 0 0 0 0 0 
0 0 0 0 50 0 0 0 0 0 0 0 0 70 90 0 0 100 70 0 0 0 0 0 0 0 70 0 0 0 
0 0 60 0 0 0 0 0 0 0 0 0 50 0 0 0 0 140 0 0 0 0 0 0 0 60 0 0 0 0 
0 0 0 0 0 0 0 0 0 0 0 90 70 0 0 110 0 0 0 0 0 0 0 0 80 0 0 0 0 0 
100 0 0 0 100 0 0 0 0 0 0 0 0 0 0 90 70 0 0 0 0 60 90 0 0 0 80 0 140 0 
0 0 100 0 0 0 0 0 0 0 0 0 0 0 120 70 0 0 0 0 0 0 0 0 0 0 0 140 0 0 
0 0 0 0 150 0 0 0 50 0 0 0 60 0 0 0 0 0 0 80 0 0 0 0 0 0 0 60 0 0 
0 0 0 0 0 0 110 0 0 0 150 0 0 0 0 0 0 0 0 0 0 0 150 0 0 0 0 0 0 0 
0 0 0 0 0 90 0 0 0 150 0 0 0 0 0 0 0 70 0 0 0 0 0 0 0 60 0 0 0 110 
0 140 0 0 0 0 70 0 0 0 50 0 0 0 0 0 0 0 0 0 150 0 0 60 0 0 0 0 0 0 
0 0 0 0 0 0 0 0 0 0 0 0 0 0 0 0 0 0 150 0 0 60 0 0 0 0 0 0 0 0 
0 0 140 0 0 0 70 0 140 0 120 0 0 0 0 130 0 0 90 0 0 0 0 0 0 0 110 140 0 0 
0 0 80 0 0 50 0 100 0 0 0 80 0 0 0 0 0 150 0 0 0 50 0 0 0 0 0 110 0 0 
0 140 0 0 0 0 0 0 0 0 0 0 0 0 140 0 0 0 0 0 100 0 0 90 130 70 0 150 70 0
---------------------
 
Processing cost   (0 -- non-optional machine)
Rows: sequential for each operation of each part; Columns: correspond to machine number
0 17 0 0 0 0 0 0 19 0 19 16 0 0 0 20 0 0 0 0 0 0 0 0 0 0 0 17 0 0 
0 0 0 20 20 0 0 0 0 0 0 0 0 0 0 13 0 0 0 0 0 0 12 0 0 0 0 0 0 0 
0 0 0 0 0 0 0 0 20 0 13 0 0 0 0 0 0 0 20 0 19 0 0 0 0 0 0 0 11 0 
14 0 0 19 0 16 0 0 0 0 0 0 15 0 0 0 0 0 0 0 10 0 0 0 15 18 0 0 0 20 
0 0 0 0 19 0 0 0 0 0 17 0 19 0 0 0 10 0 14 0 0 14 0 0 0 0 20 0 0 16 
0 20 16 0 0 0 0 17 0 0 0 10 0 12 0 0 11 20 0 0 0 0 0 0 0 0 14 0 0 0 
0 0 19 0 0 0 0 0 17 0 20 0 0 0 0 0 0 19 0 0 0 0 0 0 0 0 0 0 0 0 
0 0 15 0 0 0 0 0 15 18 0 0 0 13 0 20 0 0 0 12 0 0 10 0 0 0 0 0 0 0 
17 0 0 11 0 0 0 0 0 0 0 0 0 17 0 20 0 0 0 0 0 0 19 0 0 20 0 0 0 0 
0 0 0 15 0 0 0 0 0 0 0 0 0 0 0 0 15 0 0 0 0 0 0 0 0 0 0 0 0 0 
0 0 0 0 0 0 0 15 0 18 0 0 0 0 0 0 0 0 0 0 0 0 0 19 0 0 0 0 0 20 
0 0 0 0 19 0 0 0 0 0 0 0 0 0 0 0 0 0 0 0 0 0 13 10 0 0 0 0 0 0 
19 0 19 0 0 0 0 0 0 0 0 0 0 0 0 0 13 0 0 12 0 0 0 0 0 0 0 0 0 0 
0 0 0 18 0 0 0 0 0 0 0 0 0 0 0 0 0 0 0 0 15 0 0 0 0 0 0 0 0 0 
17 0 18 14 0 0 0 0 0 0 0 0 0 0 0 0 0 0 0 0 0 13 0 0 0 0 0 0 0 10 
0 0 19 11 19 0 0 0 16 0 0 0 0 0 0 0 0 0 0 0 18 19 0 0 0 0 19 0 13 0 
12 0 19 10 0 0 0 14 0 18 0 0 12 10 0 0 0 10 0 0 0 0 0 0 0 0 0 0 0 0 
0 0 0 0 0 0 0 0 0 19 0 0 0 11 0 17 0 0 10 0 14 0 15 0 0 0 0 0 0 0 
0 0 18 0 0 0 0 0 0 0 0 19 0 14 0 0 0 17 0 11 0 0 0 0 0 0 0 0 0 0 
0 0 0 0 12 0 0 0 0 0 0 0 0 10 0 0 0 0 0 0 0 12 16 0 16 0 0 0 18 0 
0 0 0 0 0 0 0 0 0 18 16 0 10 0 0 0 0 0 0 20 0 0 0 0 0 0 0 0 18 0 
0 0 12 0 15 0 0 0 0 0 0 0 0 0 0 0 0 19 0 0 0 0 0 0 10 0 0 19 0 0 
0 0 0 0 0 12 0 10 0 0 0 0 0 0 0 18 0 0 0 0 0 0 0 0 0 0 0 0 0 0 
0 0 19 0 0 0 0 11 0 0 0 0 0 0 16 0 0 0 0 0 20 0 0 0 0 0 13 0 0 0 
16 18 0 0 0 0 0 0 0 0 0 0 0 0 0 0 0 0 11 0 0 0 0 0 0 0 15 0 0 0 
0 0 0 0 0 0 0 0 0 0 16 0 0 0 0 0 0 0 0 0 0 0 0 0 0 0 0 12 0 0 
13 0 0 0 18 0 16 0 0 17 0 0 13 0 0 0 0 0 11 0 0 10 0 0 0 0 0 0 11 0 
0 17 0 0 0 0 0 0 0 0 0 0 0 0 0 0 0 0 0 0 10 0 0 16 0 0 0 0 20 0 
0 16 0 0 0 0 0 0 0 0 0 0 0 0 16 0 0 0 0 0 0 0 0 13 0 11 13 0 0 12 
0 20 0 17 0 0 0 0 0 0 0 0 0 0 0 0 0 0 0 0 0 0 0 14 0 0 0 0 0 0 
0 15 13 0 0 0 0 0 0 0 17 0 0 12 0 0 0 17 0 0 0 0 0 0 0 0 0 0 0 0 
0 0 0 0 0 0 0 0 0 0 0 0 0 0 0 0 0 0 0 0 0 0 0 0 0 0 0 0 19 20 
0 0 19 0 0 0 0 0 0 13 0 0 0 0 0 0 0 0 0 0 16 0 0 0 0 0 0 0 0 0 
0 0 0 0 0 0 16 0 12 0 0 0 11 16 0 17 0 0 0 0 12 15 0 0 17 0 0 0 0 0 
0 0 0 0 0 0 0 16 19 0 0 0 0 13 19 0 0 0 0 16 0 16 0 0 0 0 0 0 12 0 
0 0 0 14 0 0 0 0 18 0 0 0 0 0 0 15 0 0 0 0 10 0 0 0 0 0 15 0 17 0 
17 0 0 16 0 0 0 0 20 0 20 16 17 0 0 14 0 0 0 13 0 0 0 0 0 0 0 0 0 0 
0 14 0 0 0 0 14 0 0 0 11 0 0 0 0 0 11 0 0 0 16 0 0 0 0 0 0 0 0 0 
0 0 13 0 0 0 0 0 0 0 0 0 0 0 0 0 0 0 0 16 15 0 0 0 19 0 17 0 0 14 
0 0 0 0 14 0 0 0 0 11 0 0 18 10 0 0 0 11 0 15 0 0 0 0 12 0 0 0 0 0 
0 0 0 0 0 0 0 0 0 0 15 0 0 20 0 0 0 0 0 0 0 0 0 0 0 0 0 0 0 0 
0 0 0 0 0 0 0 0 0 0 0 0 0 0 0 0 14 20 0 0 12 0 0 0 10 0 20 0 0 11 
16 0 0 0 0 0 0 0 0 10 0 0 10 0 0 0 0 15 0 0 0 0 0 0 15 0 0 0 0 0 
0 0 0 0 0 20 0 0 0 0 0 0 0 0 0 0 0 0 10 20 10 0 0 0 0 0 0 0 0 0 
18 0 0 19 0 0 0 0 0 0 18 0 10 0 0 0 0 0 18 0 0 0 0 0 0 0 0 0 0 0 
0 17 0 0 0 0 18 19 0 16 0 0 0 0 0 0 10 0 0 0 20 0 19 0 0 0 0 0 0 0 
0 0 0 0 0 17 11 20 0 19 0 13 0 0 0 0 0 0 0 11 0 0 0 0 20 0 0 0 0 0 
0 12 0 17 0 0 0 0 0 0 0 0 0 0 0 0 0 0 0 20 0 0 13 0 0 0 19 0 0 0 
0 0 0 0 0 0 0 18 0 0 0 0 0 18 0 0 0 0 0 0 13 0 15 0 18 0 0 0 0 0 
0 0 0 0 0 0 0 0 0 15 0 19 0 0 0 12 0 0 0 0 0 12 0 16 0 0 0 0 0 0 
0 0 0 0 0 0 0 19 0 0 0 0 0 0 0 0 11 0 0 0 0 0 0 0 0 12 0 0 0 0 
10 0 15 10 16 0 0 0 0 13 0 0 0 0 0 0 11 0 0 0 0 0 0 0 0 0 15 0 17 0 
0 13 0 0 14 0 0 18 0 0 0 0 0 0 0 0 13 0 0 0 0 17 0 15 0 0 0 0 0 0 
0 0 0 0 0 0 0 0 0 0 0 0 0 0 0 0 0 0 20 0 0 13 0 0 0 14 0 0 12 0 
0 18 0 0 0 0 15 16 0 0 0 0 0 0 0 20 0 0 0 0 19 0 0 0 15 0 0 0 0 0 
0 0 0 0 0 0 0 0 0 16 0 0 0 18 11 0 0 0 0 0 0 0 0 0 0 0 0 0 0 11 
0 0 0 0 18 0 0 0 0 0 0 0 0 0 0 0 0 0 0 0 0 0 0 0 0 0 0 0 17 0 
0 0 0 0 0 0 10 0 0 0 0 0 0 0 0 0 0 0 0 0 0 0 13 0 0 0 0 15 0 0 
0 0 0 0 0 0 0 0 0 0 0 20 0 0 11 0 0 0 0 0 0 0 0 13 0 0 0 16 0 0 
0 0 0 16 11 0 0 0 0 10 0 0 0 0 0 0 0 0 13 14 0 0 14 0 17 0 0 13 0 0 
0 0 0 12 13 0 0 0 20 0 19 0 0 0 0 0 0 0 0 0 0 0 0 14 0 11 0 0 0 0 
0 0 0 0 0 19 0 0 0 17 0 13 0 0 0 0 0 0 0 0 0 0 0 0 0 0 0 0 0 0 
0 17 0 0 0 0 0 0 0 0 0 0 0 0 0 19 0 0 0 0 0 0 0 16 0 0 14 0 0 0 
0 0 0 0 0 0 0 0 0 0 0 16 10 0 0 0 18 0 14 18 0 13 0 0 0 0 15 0 0 0 
17 0 18 0 0 0 0 0 0 17 0 0 0 0 0 0 0 14 0 0 11 0 0 0 0 0 0 0 0 0 
0 0 0 0 0 15 0 0 0 0 0 0 0 0 0 0 18 0 15 0 0 0 13 0 0 0 16 12 0 0 
0 0 0 0 0 0 0 0 0 12 0 0 0 0 0 0 0 19 17 0 0 0 0 0 0 0 12 0 0 0 
0 0 10 14 0 0 0 0 0 0 13 0 0 0 0 0 20 0 0 0 0 0 0 15 0 0 0 14 0 0 
0 15 0 0 0 0 11 0 0 0 0 0 14 0 0 0 0 0 0 0 0 0 19 0 0 0 0 0 0 0 
0 0 0 0 0 0 0 0 0 0 0 0 0 0 0 18 0 0 0 0 0 0 0 0 0 0 0 0 12 0 
15 0 15 0 0 11 0 0 15 17 17 0 17 20 0 0 0 0 0 0 0 0 0 0 0 0 0 0 0 0 
0 0 0 0 0 0 18 0 0 0 19 0 0 0 0 0 0 0 0 18 0 0 0 0 0 0 0 0 0 0 
0 0 17 0 0 0 19 0 0 0 11 0 18 10 16 0 0 0 0 0 0 0 0 0 0 0 20 0 0 0 
0 16 0 16 0 0 13 0 0 0 0 0 0 0 0 0 0 0 10 0 0 0 0 0 0 0 0 0 11 0 
14 0 0 15 0 0 0 0 15 0 0 18 0 16 0 17 0 20 0 0 0 0 0 0 19 0 0 0 0 0 
0 0 0 14 0 0 16 17 0 0 0 0 16 0 0 15 0 0 17 0 0 0 0 0 13 0 0 0 0 14 
0 0 0 0 0 0 0 0 11 13 0 16 0 0 14 17 11 0 0 0 0 0 0 0 14 0 0 0 0 10 
0 0 0 11 0 0 19 0 0 0 0 19 0 0 0 0 0 0 0 0 0 0 0 0 16 0 0 19 0 11 
16 19 0 15 0 0 0 11 0 0 0 0 15 12 0 0 0 0 0 0 0 0 0 0 0 0 0 0 0 0 
0 0 0 0 0 0 14 0 19 0 18 19 0 0 17 0 0 0 0 13 0 10 0 0 0 0 18 0 0 0 
0 0 0 0 0 0 0 0 0 0 0 12 0 0 0 0 0 0 13 0 0 0 0 0 0 0 0 0 0 0 
0 0 0 0 0 0 0 0 0 0 0 0 0 0 12 0 0 0 0 0 0 16 0 10 0 0 0 0 0 0 
20 0 0 0 0 0 15 0 0 0 0 0 0 0 0 0 0 0 0 0 0 0 0 0 0 13 0 0 0 0 
0 13 0 13 19 0 0 0 0 0 0 0 0 11 0 0 0 0 14 18 19 0 0 0 0 0 0 0 17 0 
0 0 11 0 0 0 0 0 0 0 0 0 0 0 0 0 0 0 0 0 0 0 0 0 0 0 0 0 0 12 
0 0 0 0 0 11 0 0 0 0 0 0 15 0 0 14 0 15 0 10 0 20 0 0 0 18 0 0 0 0 
0 0 14 0 0 0 0 0 0 0 0 0 0 15 16 0 0 15 10 0 0 0 0 0 0 0 0 0 11 0 
0 0 0 0 20 0 0 0 0 0 0 0 0 0 0 0 0 17 0 0 0 0 0 0 0 0 0 0 0 0 
0 15 15 0 0 14 0 0 17 0 0 0 0 0 12 0 0 0 15 0 0 0 12 0 0 0 16 0 0 0 
0 0 0 0 0 0 0 0 0 0 16 0 0 0 0 0 0 0 0 0 12 0 12 20 0 0 0 0 0 0 
0 0 0 0 19 0 0 18 0 0 0 0 0 0 0 0 0 17 0 0 0 0 0 0 18 0 0 0 0 0 
0 0 0 0 0 0 0 0 0 0 0 0 0 0 0 0 20 0 0 0 16 0 0 0 0 0 0 16 0 0 
0 13 0 0 0 0 12 0 0 0 0 0 0 0 0 0 10 11 0 13 11 0 0 0 0 0 0 0 0 19 
0 0 0 0 0 0 0 0 0 18 0 0 0 0 0 0 0 0 0 0 0 0 0 0 0 0 0 0 0 14 
10 0 0 0 0 0 11 0 0 14 0 0 12 0 0 0 0 0 0 0 19 0 0 0 17 0 0 0 0 0 
0 0 0 0 0 0 19 13 0 0 0 14 0 0 0 0 0 0 0 0 0 0 16 0 0 0 19 12 0 0 
0 0 0 0 11 0 0 0 0 0 0 0 15 14 0 0 0 0 0 0 0 0 0 0 0 0 0 0 0 0 
0 0 0 0 19 16 0 0 0 14 15 0 0 0 0 0 0 0 18 0 0 0 0 0 0 0 0 0 0 0 
0 0 11 0 0 0 0 0 0 0 0 0 0 0 0 0 0 0 19 0 13 0 0 0 0 0 0 0 0 0 
0 0 0 0 13 0 0 0 12 0 0 0 0 11 0 0 0 0 17 0 0 0 0 0 0 18 0 0 0 0 
0 0 0 15 0 0 0 0 0 18 0 0 0 0 16 0 0 0 12 0 0 0 13 0 0 0 0 0 0 0 
0 11 0 10 0 0 0 0 0 0 0 0 0 16 18 0 0 0 15 0 0 0 0 0 0 0 0 0 18 0 
0 0 0 0 0 0 0 0 11 0 0 0 0 0 0 0 0 0 0 0 0 0 0 17 0 0 0 0 0 0 
0 0 13 0 0 0 0 0 12 0 0 0 0 11 0 0 0 10 0 0 0 0 0 0 0 0 15 0 0 0 
0 0 0 0 19 0 0 17 0 0 0 0 0 0 0 0 12 0 0 0 0 0 18 13 20 0 0 0 0 0 
0 17 0 0 0 0 0 0 0 0 0 0 0 13 0 0 0 0 18 10 0 0 0 0 0 19 0 12 0 15 
0 0 0 0 0 0 0 0 10 0 0 0 0 0 0 19 0 0 0 0 0 0 0 10 0 11 19 0 17 0 
0 0 0 0 0 13 0 0 0 0 0 0 0 0 0 0 0 0 0 0 0 0 0 0 12 0 0 0 0 0 
0 0 0 14 0 0 11 0 0 0 0 0 0 0 0 19 0 0 0 0 0 13 0 19 0 0 12 0 0 0 
0 0 0 0 0 0 0 0 0 0 0 0 0 0 0 14 17 0 16 0 0 0 0 0 0 0 0 0 0 0 
16 0 0 0 0 0 0 0 0 0 0 20 20 0 0 13 0 0 0 0 13 0 0 11 0 20 0 12 0 0 
0 0 0 0 0 0 0 0 0 0 0 0 0 0 0 0 0 0 0 0 0 0 0 0 0 0 0 0 11 13 
20 0 0 0 0 0 0 13 0 0 0 0 0 11 0 0 0 0 0 0 0 0 0 13 0 0 0 0 0 0 
20 0 0 0 18 0 0 0 0 0 0 0 0 0 0 0 0 11 0 0 0 18 0 0 0 0 0 0 0 0 
0 0 0 0 0 14 0 0 0 12 0 0 0 0 0 0 0 0 0 0 0 20 13 0 0 0 0 0 0 0 
0 0 16 0 0 0 11 0 0 19 0 0 0 19 0 0 0 10 0 0 14 0 0 0 0 0 0 0 20 0 
13 0 0 0 0 0 0 0 13 0 0 0 0 0 0 0 18 0 19 0 15 0 0 0 0 0 0 0 0 20 
0 0 0 11 0 0 0 0 0 19 0 0 0 19 0 0 20 0 0 0 0 0 0 10 0 0 0 0 0 0 
0 17 0 0 0 0 0 0 0 11 10 0 0 12 10 0 0 0 0 13 0 0 0 10 0 0 0 18 0 0 
0 0 16 0 0 0 0 0 0 0 20 0 0 0 0 0 0 17 0 0 16 0 0 0 0 0 0 0 12 16 
0 0 0 0 0 0 0 0 0 14 0 0 0 0 0 0 0 0 0 16 0 0 0 0 0 0 0 0 0 0 
20 0 0 18 0 0 0 0 0 0 0 17 0 0 16 0 0 0 0 16 0 0 0 10 0 0 0 14 0 12 
0 0 0 14 0 0 0 17 0 0 0 0 0 19 0 0 0 13 0 0 0 0 0 0 0 0 0 0 0 0 
0 0 0 0 14 0 0 0 0 0 11 0 14 0 0 0 0 0 0 0 20 0 0 15 0 0 0 0 0 0 
0 0 14 0 0 16 0 10 0 0 0 0 0 0 0 0 0 18 20 0 0 0 14 12 0 0 12 0 0 0 
0 0 0 0 18 0 0 0 0 11 20 0 0 0 0 0 0 12 0 0 0 0 0 0 0 0 0 0 0 0 
0 19 0 0 0 0 10 0 17 0 14 16 0 0 0 17 0 15 0 0 0 0 0 0 0 0 0 0 0 0 
0 0 0 0 0 0 0 0 0 0 0 0 0 0 0 0 0 0 0 15 0 13 19 11 19 0 0 16 0 11 
15 0 0 0 11 0 11 0 0 0 0 0 0 0 17 0 20 17 0 0 0 0 0 0 14 13 0 0 0 0 
0 0 0 0 15 0 10 0 0 12 11 16 19 0 0 0 0 0 0 0 0 0 12 0 0 0 18 0 0 0 
0 0 0 0 0 0 0 0 0 11 12 0 0 15 0 0 0 0 20 0 0 14 0 16 0 0 0 0 0 0 
13 0 0 14 0 0 0 0 20 0 0 0 0 0 0 16 0 0 0 0 0 0 0 0 0 0 0 0 0 0 
0 0 0 0 0 0 19 0 16 0 0 0 0 0 0 0 0 0 0 0 0 0 12 0 0 0 0 0 0 0 
0 0 0 0 16 0 0 0 13 0 0 18 17 0 0 0 0 0 18 0 12 0 0 0 0 0 0 10 0 12 
19 0 0 0 0 0 0 18 0 0 0 0 0 11 0 0 0 0 13 0 0 0 0 0 12 16 11 0 19 0 
18 0 0 20 0 0 0 12 0 0 0 20 0 0 0 0 0 0 0 0 0 0 18 0 0 0 0 16 15 0 
0 0 17 0 0 0 0 0 0 0 0 0 0 0 0 0 0 0 0 0 0 0 0 0 13 0 0 0 0 0 
13 20 0 0 0 0 0 0 0 0 0 0 0 0 0 11 0 0 0 0 0 0 0 0 0 0 0 11 0 0 
0 0 0 11 0 17 0 0 0 0 0 0 0 0 0 0 0 0 0 0 0 19 0 16 0 0 0 12 0 0 
0 0 0 0 0 0 18 0 16 15 0 0 0 0 0 0 0 0 0 0 0 15 0 14 0 0 18 0 0 0 
14 0 0 0 0 0 0 0 0 0 0 0 14 0 0 0 0 0 0 0 12 0 0 0 13 0 20 0 0 0 
0 12 0 0 0 0 0 0 0 0 15 0 20 0 16 0 0 18 0 0 0 0 0 13 0 11 0 11 0 0 
0 0 10 0 0 0 0 14 0 16 0 0 13 0 0 0 19 0 0 0 19 0 12 0 0 0 17 0 0 0 
15 0 0 18 0 0 0 19 0 14 0 0 0 0 16 0 0 0 0 0 0 0 0 17 0 0 0 10 0 10 
0 0 0 0 0 0 0 0 0 0 0 0 0 0 0 0 0 0 0 10 0 15 16 0 0 0 0 0 0 0 
10 0 0 0 20 0 0 0 0 0 0 0 0 0 0 14 0 0 0 0 0 0 0 0 0 0 0 12 0 12 
10 0 0 0 0 0 0 0 0 0 0 0 0 0 10 0 0 0 11 0 0 0 0 0 0 0 0 0 0 0 
0 0 0 0 0 0 0 0 0 0 0 0 0 0 0 0 0 0 0 11 0 0 0 14 0 0 0 0 0 0 
0 19 0 15 0 0 0 0 0 0 0 0 0 0 0 20 11 0 12 0 0 0 10 0 0 0 0 0 0 0 
0 0 0 11 0 0 0 0 0 0 10 0 16 12 0 0 0 16 0 0 0 0 0 11 0 0 0 10 0 0 
0 0 20 0 0 0 0 0 0 0 20 0 0 10 0 0 0 0 0 0 0 15 0 11 0 0 18 19 20 0 
0 0 0 13 0 0 0 0 0 0 0 0 17 0 0 0 0 0 0 0 0 0 0 0 0 0 0 0 14 0 
0 0 0 0 0 0 0 0 0 0 14 0 0 0 0 10 20 0 0 0 0 0 0 14 0 0 0 0 0 0 
0 0 0 0 0 0 0 0 0 0 0 0 0 10 0 0 0 0 0 0 16 0 19 0 0 0 0 11 0 0 
0 0 0 11 0 0 15 0 0 12 13 0 0 0 0 0 20 0 0 0 0 16 0 0 17 12 0 0 0 0 
0 0 19 0 0 0 12 0 14 0 0 0 0 0 0 17 0 14 10 0 0 0 14 0 0 0 0 0 0 0 
0 0 0 14 0 0 20 0 13 0 0 0 0 19 0 0 0 0 0 0 0 0 10 0 0 11 0 0 20 0 
10 0 0 0 0 0 0 0 0 0 18 0 0 0 0 0 0 15 0 15 16 0 0 0 0 17 0 0 0 0 
0 0 0 0 0 0 0 0 0 0 0 0 0 0 0 0 18 16 0 0 0 13 0 0 0 14 17 16 12 0 
15 0 16 18 0 18 19 0 0 0 13 0 0 0 0 0 0 0 0 0 0 0 13 0 0 0 0 0 0 0 
0 0 0 0 0 0 0 0 0 0 0 0 0 16 15 0 0 0 0 0 0 0 0 0 0 0 0 0 0 0 
0 0 0 0 0 11 12 0 0 0 0 0 0 0 0 0 0 0 0 0 0 0 0 0 0 0 0 11 0 0 
16 0 16 13 0 0 0 12 0 0 0 0 0 0 0 0 0 0 0 14 0 0 0 11 0 0 0 19 0 0 
0 19 14 0 0 0 0 0 0 0 0 0 0 0 0 0 16 0 0 0 0 0 0 19 0 0 0 0 0 0 
0 0 0 0 0 0 0 0 0 0 0 0 0 0 0 0 0 0 0 0 0 0 0 0 0 18 0 16 0 0 
0 0 0 11 0 0 0 0 14 0 0 0 0 0 0 20 0 0 20 16 12 0 15 0 0 0 0 0 0 12 
0 0 0 0 0 0 0 0 0 20 0 0 10 0 0 0 18 0 0 16 0 13 20 0 0 0 0 19 0 0 
0 0 0 0 0 0 0 0 0 0 0 0 0 0 0 0 0 0 12 0 0 0 0 0 15 0 0 0 0 0 
0 0 0 15 14 0 0 12 0 14 0 0 0 20 14 0 13 0 0 0 0 12 0 0 0 0 0 0 0 0 
0 0 0 0 15 16 13 20 13 0 10 0 0 0 0 0 18 0 0 0 0 0 0 0 0 0 0 0 0 0 
0 0 0 0 0 18 0 0 0 0 0 0 0 19 15 0 0 0 13 16 0 0 0 0 0 18 0 0 0 0 
0 0 0 0 0 0 0 17 0 0 0 0 15 0 0 0 0 0 0 0 0 0 0 0 0 0 0 0 0 0 
0 20 0 0 0 0 0 15 0 0 12 12 14 0 0 14 0 0 0 0 11 0 0 0 0 0 0 0 0 0 
0 0 0 0 14 0 0 0 0 0 0 0 0 0 17 0 0 0 0 0 0 0 0 0 0 0 0 0 0 0 
0 0 0 0 0 0 0 0 18 10 0 0 0 0 0 0 0 0 0 0 0 0 0 0 0 0 0 0 0 0 
15 0 15 15 0 0 0 0 0 0 0 0 12 0 0 0 0 0 0 0 0 0 0 0 0 0 0 10 17 0 
0 0 0 0 10 0 0 0 16 20 0 0 0 13 0 0 0 0 0 0 0 0 0 0 0 13 16 0 0 11 
0 0 0 0 0 0 0 0 0 0 0 0 0 0 10 0 0 0 0 0 0 0 15 0 0 20 0 0 0 0 
0 0 0 19 0 0 0 0 0 0 0 0 0 0 0 12 0 0 0 0 0 13 13 0 0 0 0 0 0 0 
0 0 0 0 0 0 0 0 0 16 0 0 0 0 0 0 0 0 0 0 0 10 0 0 0 14 0 0 0 0 
0 10 0 0 0 0 0 0 0 0 0 0 0 0 0 0 0 0 0 0 0 0 0 0 0 0 15 0 0 0 
0 0 0 0 0 16 0 0 19 0 0 0 0 17 0 0 0 11 0 0 0 0 0 16 0 0 0 10 0 0 
0 0 0 0 0 18 0 0 15 0 0 11 0 20 0 0 0 12 0 0 0 18 0 0 0 0 0 0 0 0 
0 0 0 16 20 0 0 0 0 0 0 0 0 15 0 0 0 0 0 0 0 0 0 16 0 0 0 0 0 0 
0 0 20 0 0 0 13 0 0 0 0 0 0 11 0 0 0 19 0 0 17 0 0 0 0 0 0 0 0 0 
0 10 0 0 0 20 0 0 0 0 0 0 0 0 0 14 0 0 16 0 11 0 0 0 0 0 0 0 14 0 
17 0 0 20 0 0 0 0 18 0 0 0 0 0 0 0 10 0 0 0 17 17 0 0 0 0 0 0 13 0 
19 0 0 0 11 19 0 0 0 10 14 0 12 0 0 0 0 0 0 0 0 0 0 0 13 0 0 0 0 0 
0 0 0 0 0 13 0 12 0 0 0 0 0 0 0 0 0 0 0 0 16 0 0 0 15 0 0 0 14 0 
0 0 0 0 0 0 0 0 0 0 0 0 0 11 0 13 12 0 0 0 0 0 14 0 0 0 0 14 11 0 
0 12 0 0 0 0 0 12 0 19 0 0 11 0 0 14 0 0 0 0 0 0 0 0 0 0 0 0 0 0 
0 0 0 0 0 0 0 18 0 0 0 0 0 0 0 0 0 10 15 0 0 0 0 0 0 0 0 0 0 0 
0 0 0 17 0 0 0 0 0 0 0 0 0 0 16 0 0 0 0 0 0 0 0 13 18 0 0 0 10 19 
0 0 0 0 0 0 0 0 0 0 0 11 0 0 0 20 0 0 0 0 0 0 0 10 0 0 20 0 0 0 
0 0 0 0 0 0 0 0 12 0 0 0 0 0 0 13 0 0 0 0 0 0 0 0 0 0 0 0 0 0 
0 0 12 0 0 0 0 0 0 14 0 0 0 0 0 0 0 0 0 0 0 0 0 0 0 0 0 0 0 0 
0 20 20 0 0 0 18 0 0 0 0 20 0 0 0 0 0 0 0 11 19 0 0 0 13 15 0 0 0 0 
0 16 0 0 0 12 0 0 0 0 0 15 0 0 0 0 0 0 0 0 0 0 0 15 0 0 0 0 0 0 
0 0 0 0 0 0 19 0 0 0 0 0 0 0 0 10 0 0 0 0 0 0 0 19 0 0 0 0 0 0 
0 0 0 0 0 0 0 0 0 0 0 0 0 0 0 0 18 0 0 0 0 0 19 0 0 0 12 0 0 0 
0 0 0 0 14 0 0 0 19 0 0 13 18 0 0 0 0 0 0 0 0 18 0 0 0 0 0 0 0 0 
19 0 0 0 0 20 0 0 0 0 0 0 0 0 0 20 18 0 0 0 12 0 13 0 0 0 0 0 17 0 
0 0 0 0 0 0 0 0 15 0 0 0 13 12 17 15 0 15 0 0 12 0 0 0 0 0 0 0 0 0 
0 0 19 0 0 0 0 0 0 17 0 0 0 0 0 0 0 0 12 0 0 10 20 0 0 0 0 0 0 0 
0 16 0 0 0 10 10 0 0 0 0 0 0 0 0 0 0 0 0 14 0 0 13 0 10 0 0 0 0 0 
10 0 0 0 13 0 20 0 0 0 0 0 0 0 0 0 14 11 0 0 0 0 0 0 0 0 0 0 10 0 
0 0 0 0 0 0 0 0 12 0 19 0 0 0 0 0 0 0 11 0 0 0 0 0 20 18 0 0 18 13 
0 11 0 0 0 10 0 0 0 0 0 0 0 0 0 14 0 0 13 0 0 0 0 16 0 16 0 0 0 20 
0 0 0 0 10 0 11 0 0 0 0 0 0 0 0 0 0 0 0 0 0 0 0 0 17 0 0 0 0 0 
0 0 0 11 0 0 0 0 0 0 0 0 19 0 0 0 0 18 11 19 20 13 0 0 0 0 20 0 0 0 
0 0 0 0 0 14 15 0 15 0 0 0 0 0 0 0 0 0 0 0 0 0 0 0 0 0 0 0 0 0 
16 15 0 18 0 0 0 17 16 0 0 0 0 0 0 0 0 0 0 0 0 0 0 0 20 10 0 0 0 0 
0 0 0 0 0 0 0 0 0 0 0 0 0 0 0 0 0 0 0 0 0 0 0 0 0 0 16 18 0 0 
0 0 0 0 0 0 0 0 11 0 0 0 0 0 0 0 0 0 0 0 0 0 0 0 0 0 0 0 0 16 
0 0 12 0 0 0 0 0 20 19 0 0 0 0 0 0 0 0 12 0 0 16 0 0 0 0 0 0 0 0 
0 11 0 0 20 20 12 0 0 0 0 0 0 0 0 0 18 0 0 0 0 0 0 15 0 0 0 0 0 0 
10 13 0 0 13 0 0 0 0 0 11 0 0 0 0 0 0 0 0 0 13 0 0 0 0 0 0 0 0 0 
0 0 0 0 0 0 20 0 0 0 0 0 0 20 0 0 19 0 0 0 0 14 0 0 0 0 0 10 0 0 
0 0 0 0 0 0 0 0 0 0 0 0 0 19 0 0 15 0 0 0 11 0 0 0 0 16 0 12 0 0 
0 0 0 0 0 0 0 0 0 0 0 10 0 0 0 0 0 0 0 0 0 0 0 0 0 0 0 15 12 11 
0 0 0 18 12 0 0 0 0 0 17 0 14 0 0 0 0 0 0 0 0 0 15 15 0 0 0 0 15 0 
17 0 0 16 0 0 0 0 0 16 17 17 0 0 0 0 0 0 0 0 11 0 0 0 0 20 0 0 0 0 
0 0 0 0 12 11 0 0 0 0 0 0 0 0 0 0 10 0 19 0 0 0 10 12 18 18 0 0 0 0 
0 0 0 0 0 0 0 0 18 0 0 0 0 0 0 0 0 0 0 19 20 0 0 0 11 0 0 0 12 0 
13 0 0 0 0 0 0 0 0 0 0 14 0 0 0 0 0 0 0 0 0 0 0 0 0 13 0 0 0 0 
19 0 0 0 0 15 12 0 0 0 0 0 15 0 0 0 0 0 12 0 12 0 0 0 0 11 0 0 0 0 
0 0 0 0 11 0 19 0 0 0 0 0 0 19 0 0 0 0 0 0 0 0 0 16 0 0 0 0 0 0 
0 0 0 13 0 0 0 0 0 0 0 0 16 0 0 19 15 0 0 0 0 0 0 13 0 0 0 0 0 0 
13 0 0 12 0 0 0 0 0 0 0 0 0 0 0 0 0 0 0 0 0 0 0 0 0 0 0 0 0 0 
0 0 17 0 0 0 0 0 0 0 0 18 0 0 0 0 0 0 0 0 0 18 0 0 0 0 0 0 0 0 
0 0 0 20 0 0 0 0 0 0 20 0 0 0 0 0 0 0 0 0 0 19 0 0 0 0 0 0 0 0 
0 0 16 0 0 0 0 0 0 0 0 18 0 0 11 0 0 0 0 0 0 0 0 0 0 0 17 11 0 0 
0 10 0 12 0 0 0 0 0 0 0 0 0 16 19 0 0 0 0 0 0 10 11 14 0 0 0 0 11 0 
0 0 11 0 0 10 0 0 12 0 0 0 0 0 0 0 0 15 0 12 0 0 0 12 10 0 19 0 0 0 
0 11 0 0 0 0 0 0 0 0 0 0 0 0 0 13 0 0 0 0 0 0 0 0 0 0 14 0 0 0 
0 19 0 0 0 19 0 0 0 0 19 12 14 0 0 0 16 0 0 0 0 0 0 0 0 0 0 16 0 12 
0 0 0 0 0 0 0 0 18 0 0 0 0 0 0 0 0 12 0 0 0 0 0 14 0 0 0 0 0 0 
0 0 17 0 0 0 0 0 0 11 0 0 0 19 0 0 0 0 0 0 0 0 0 0 0 0 0 0 0 0 
0 0 0 0 0 0 0 0 19 0 12 14 0 16 0 0 0 16 12 0 0 0 0 11 0 16 0 0 0 0 
0 16 0 0 0 0 0 0 0 0 0 0 0 0 13 0 0 0 0 0 0 0 0 0 0 0 0 0 0 0 
0 0 0 0 0 0 0 0 11 0 0 0 0 0 0 0 19 0 0 18 0 0 0 0 12 13 0 17 0 0 
0 15 0 0 0 0 0 0 0 0 0 0 0 0 0 0 0 0 0 0 0 0 0 0 0 0 0 0 18 0 
0 0 11 0 0 0 0 0 0 0 0 0 0 0 12 0 0 0 0 0 13 0 0 0 0 0 0 0 0 0 
16 17 0 0 0 0 0 0 0 0 0 0 0 17 0 0 18 0 0 13 0 0 0 18 0 12 0 0 0 0 
11 0 0 0 0 0 0 0 17 0 0 0 0 0 0 0 0 0 0 0 0 0 0 0 10 0 0 0 0 0 
0 17 0 0 0 0 0 10 0 0 0 0 0 0 0 0 0 0 0 0 0 0 0 17 0 0 0 0 0 0 
0 0 0 0 0 0 0 0 0 0 0 0 0 0 0 0 0 0 12 0 15 0 0 11 0 0 0 0 0 0 
0 0 0 16 17 0 0 0 0 0 0 13 0 0 12 0 0 0 0 0 0 0 0 0 0 0 12 18 18 15 
0 0 0 0 0 0 10 0 0 20 0 0 0 0 0 0 0 0 0 0 0 0 0 0 0 0 0 16 0 0 
13 0 0 0 0 0 0 13 0 0 0 0 0 0 17 0 0 0 13 0 0 0 0 14 0 0 0 12 18 12 
17 0 0 0 0 0 0 0 0 0 0 0 0 19 0 0 0 0 0 0 0 0 0 0 0 19 0 0 0 0 
0 0 0 14 0 0 0 0 0 0 0 0 0 0 0 0 17 0 0 0 0 0 0 0 19 16 0 0 0 0 
0 10 0 0 0 0 0 16 0 19 0 0 11 0 0 0 0 0 10 0 13 0 0 0 0 17 0 17 0 0 
0 0 10 0 0 0 0 0 0 0 0 0 0 0 0 0 19 0 0 0 0 17 0 0 0 0 0 12 0 18 
0 0 0 0 0 0 0 0 0 0 0 0 0 12 0 0 12 0 20 0 0 0 0 0 0 0 0 12 0 0 
0 0 14 17 0 0 16 0 16 0 19 0 0 0 14 13 0 20 0 0 0 0 0 0 0 0 0 0 0 0 
0 0 10 0 0 0 0 17 0 0 0 0 0 0 0 0 0 0 0 0 0 0 0 0 0 0 0 0 0 0 
0 10 0 0 0 0 0 0 0 0 0 0 0 0 10 0 0 0 15 0 0 0 13 0 0 0 0 12 0 0 
0 19 0 0 0 0 0 0 0 0 0 16 0 0 0 0 11 0 13 0 0 0 11 0 12 0 15 0 0 0 
0 0 0 17 0 0 0 0 0 0 0 0 0 0 0 11 0 0 0 0 0 0 0 0 0 0 14 20 0 0 
0 0 0 0 0 0 14 0 13 0 0 0 13 0 0 0 0 0 0 0 0 0 0 0 0 0 0 0 17 0 
0 0 0 0 0 0 0 0 0 0 0 15 0 0 0 0 0 0 0 0 0 0 0 0 0 0 0 0 0 16 
0 0 0 17 0 0 0 0 0 0 0 0 0 0 0 0 0 0 0 0 14 11 0 0 19 0 10 0 0 0 
0 0 0 0 0 0 0 0 0 0 0 0 0 0 10 0 0 0 0 0 0 0 0 19 0 0 0 0 0 0 
0 0 0 0 0 0 0 0 0 0 0 0 0 0 0 0 0 0 16 0 0 0 0 0 0 10 0 0 0 0 
12 14 0 0 13 0 0 0 17 0 0 0 0 11 18 0 0 0 0 0 17 0 0 19 0 0 0 0 0 0 
0 0 0 0 0 0 0 0 0 20 14 0 0 0 0 0 0 0 0 0 0 0 0 0 0 0 0 0 0 0 
0 0 17 19 0 15 0 12 0 0 0 19 0 0 0 0 0 0 0 17 0 0 0 0 0 11 0 20 0 0 
0 0 0 0 0 0 0 0 0 0 0 11 0 0 0 0 0 0 0 0 0 16 0 0 0 0 0 0 11 0 
13 0 0 0 0 0 0 0 0 18 0 0 0 0 0 0 0 0 0 0 0 0 0 0 0 0 0 13 0 0 
0 0 0 19 0 0 0 0 0 0 0 0 0 0 0 0 0 0 10 0 0 0 0 0 0 0 0 0 18 0 
10 0 0 0 0 0 0 0 0 0 0 19 19 0 0 0 0 12 0 0 0 0 0 13 0 0 0 0 0 19 
15 0 19 0 0 0 0 0 19 0 0 0 0 0 0 0 0 0 14 0 0 0 0 0 19 0 0 0 14 0 
0 0 0 20 0 14 0 0 0 0 0 20 0 0 0 0 18 0 0 0 0 0 0 17 0 0 0 0 0 0 
0 0 0 0 0 0 0 0 0 0 18 0 15 0 0 0 0 0 0 0 0 18 13 0 0 19 0 17 0 0 
0 0 0 15 0 0 17 0 0 0 10 0 20 0 10 0 0 0 0 0 0 0 0 16 0 0 0 0 0 0 
0 0 0 0 0 0 19 0 0 0 0 0 0 13 16 0 0 0 0 0 0 0 19 0 0 13 0 0 0 18 
0 0 0 0 0 18 0 0 18 0 0 0 0 0 0 0 0 0 0 0 0 0 11 0 0 10 0 0 0 0 
11 0 0 0 0 0 0 0 15 0 0 0 0 0 0 0 0 0 0 0 0 0 14 0 0 0 0 0 13 0 
0 18 0 0 0 0 0 0 0 0 0 0 0 0 0 16 0 0 0 0 16 15 0 0 11 0 0 20 0 0 
0 0 0 0 0 16 10 0 0 0 0 0 0 0 0 0 13 15 0 15 0 18 10 0 0 0 0 12 0 0 
0 0 0 12 0 0 0 0 0 0 12 0 0 0 0 0 0 0 0 0 0 0 0 0 0 0 0 0 0 0 
0 0 14 0 0 13 0 0 0 0 0 0 0 0 10 0 14 0 0 0 11 0 14 0 18 0 0 0 0 0 
0 0 0 0 0 13 0 0 0 0 0 0 0 0 19 0 0 0 19 18 18 0 0 0 16 10 0 17 0 0 
0 0 0 0 0 0 18 0 0 0 0 0 0 0 18 0 0 0 0 16 20 13 0 0 0 0 0 0 0 0 
0 0 14 0 0 0 0 0 0 0 0 0 0 16 0 10 0 0 0 11 12 0 20 0 0 0 0 0 0 14 
0 0 0 0 20 18 0 0 0 0 0 18 0 0 0 0 0 0 0 0 0 0 10 0 0 13 0 0 0 10 
0 0 0 0 0 16 0 15 0 0 0 0 0 0 0 0 0 0 0 0 0 0 0 0 0 0 0 0 0 0 
0 19 0 0 18 0 0 0 0 0 0 13 0 0 0 0 0 19 19 20 16 0 0 0 0 0 0 0 0 0 
0 0 0 0 19 0 12 0 0 0 0 10 0 0 0 16 0 0 0 0 0 14 0 0 17 0 0 0 0 0 
0 11 0 12 0 0 0 0 0 0 0 0 0 0 0 0 0 18 0 0 0 19 0 15 0 18 0 0 0 0 
12 0 0 0 10 0 0 0 0 0 10 0 0 0 0 0 0 0 0 0 0 0 0 0 0 0 0 0 0 0 
0 0 0 0 0 0 0 0 0 0 0 0 0 0 0 0 0 0 0 18 0 0 12 0 0 0 0 0 0 10 
0 0 0 0 0 12 0 0 0 0 20 19 0 0 19 0 0 0 11 0 0 0 0 0 0 20 12 0 12 0 
0 0 10 0 0 0 11 0 0 0 0 0 0 0 18 0 14 0 0 0 0 0 16 0 0 0 13 18 0 0 
0 16 0 0 0 0 0 0 0 0 16 18 0 18 19 0 0 0 0 0 0 0 0 0 0 0 0 0 0 0 
0 0 0 0 0 0 15 0 0 0 0 0 0 0 0 0 0 19 0 0 0 0 0 0 0 0 0 0 0 0 
0 0 0 0 0 0 0 12 0 0 0 0 0 0 0 0 0 0 0 0 0 0 0 15 0 15 0 0 0 0 
0 14 0 0 0 19 0 0 11 0 0 0 0 0 0 19 0 0 0 0 0 0 0 0 0 17 0 0 0 0 
0 20 0 0 0 18 0 0 0 0 0 0 0 0 0 10 0 15 17 0 0 0 0 0 0 0 0 0 0 12 
0 18 0 0 10 0 0 0 0 19 0 0 0 0 0 0 0 0 0 0 0 16 20 0 10 0 0 0 0 0 
0 0 0 0 0 15 0 11 0 0 0 0 0 0 18 0 0 0 0 0 14 0 0 0 0 0 0 0 20 0 
0 0 0 0 0 0 10 0 0 0 0 0 0 18 0 20 0 0 0 0 0 11 0 0 0 0 0 0 0 0 
0 0 0 0 0 0 0 0 0 11 0 0 0 0 10 0 0 0 0 0 15 0 0 0 0 0 0 0 0 15 
0 0 0 0 0 19 0 0 0 0 0 0 0 0 0 0 0 0 0 13 0 0 0 0 0 0 0 0 0 0 
0 10 13 0 0 15 0 0 0 0 0 0 0 0 0 0 0 0 0 0 0 0 0 0 0 0 12 0 11 19 
0 0 0 0 0 0 0 0 0 14 0 14 15 0 15 0 0 0 0 19 0 0 0 0 0 0 0 0 0 0 
0 16 0 0 0 0 0 0 0 0 0 0 0 0 0 0 0 0 0 0 0 0 0 10 0 12 11 0 0 0 
0 0 15 0 0 0 13 0 0 0 0 0 0 0 14 0 0 0 20 0 0 0 0 17 0 0 14 0 0 0 
0 0 0 0 0 0 0 0 0 0 19 0 0 0 0 0 18 0 15 17 0 0 0 0 0 0 14 0 16 19 
0 16 0 0 14 0 0 19 0 0 17 12 0 0 0 0 0 0 11 0 0 0 0 0 0 0 0 0 13 0 
0 0 18 0 0 0 0 0 0 0 0 0 0 0 0 0 0 11 0 0 0 0 0 0 12 0 14 0 0 0 
0 0 17 0 0 0 0 17 0 0 0 0 0 0 0 0 0 11 0 0 0 0 0 0 0 0 13 0 0 0 
0 0 0 0 0 0 0 0 0 0 0 0 0 0 0 0 0 12 11 0 0 14 0 0 0 0 16 0 0 0 
0 0 0 0 0 13 14 0 0 0 0 0 15 0 0 20 0 0 19 0 0 0 17 0 0 0 0 0 0 0 
0 19 20 0 0 20 0 14 0 17 0 12 0 0 0 0 0 0 0 0 0 0 13 0 0 0 0 0 0 0 
0 0 0 0 0 0 0 0 0 0 16 0 0 0 0 0 0 0 0 0 0 0 0 16 0 17 0 0 0 0 
0 0 0 0 0 0 0 20 20 0 0 0 0 0 0 0 0 0 0 0 0 0 0 11 0 0 0 0 0 0 
0 0 0 0 0 13 0 0 12 0 0 0 0 0 0 0 0 0 0 0 0 0 0 0 0 0 19 0 19 0 
0 0 0 0 20 0 11 20 20 0 0 0 0 0 0 0 0 0 0 0 0 19 10 0 14 14 0 0 0 0 
0 0 0 0 0 0 0 11 13 0 0 0 0 17 0 0 0 0 10 0 15 0 0 0 0 0 0 18 0 0 
0 0 0 0 12 0 0 0 0 0 0 0 0 10 11 0 0 0 0 0 0 0 0 14 18 0 0 0 0 0 
0 0 0 0 0 0 12 0 16 0 0 0 0 20 0 0 19 20 0 0 0 0 18 0 17 0 0 0 0 0 
0 0 0 10 15 0 0 0 19 0 0 0 0 0 0 0 0 0 0 16 0 0 0 0 0 0 0 0 0 20 
0 0 0 0 17 0 0 12 0 0 10 0 0 0 0 15 10 0 0 0 0 18 17 0 0 0 0 0 0 0 
0 0 0 0 12 0 0 0 0 0 11 0 0 12 0 0 0 18 0 0 0 0 0 0 0 0 0 0 13 0 
0 17 0 0 0 0 0 20 0 0 0 10 0 17 0 16 0 0 0 0 0 0 0 0 18 0 0 0 10 15 
20 0 0 0 0 0 18 0 19 0 0 0 0 0 0 0 14 0 10 0 0 0 0 20 0 20 18 0 0 0 
0 0 11 0 11 0 14 0 0 0 14 0 0 0 11 0 0 0 0 0 0 0 0 10 0 0 10 0 0 18 
0 0 0 0 0 0 0 0 0 0 0 0 0 0 15 19 0 0 0 0 0 0 0 17 17 0 16 0 0 12 
0 0 18 0 0 0 0 0 0 12 15 0 0 0 0 0 0 0 0 20 19 0 0 0 0 13 18 0 0 0 
0 0 0 13 0 10 0 0 0 0 0 0 0 0 0 0 0 0 0 0 0 0 0 0 0 0 0 0 0 0 
0 0 15 0 0 0 0 0 0 0 0 0 0 0 0 18 0 20 0 0 0 0 0 19 0 0 0 0 0 0 
0 0 0 0 0 18 20 0 0 0 13 0 0 0 0 0 16 17 0 0 0 0 0 0 19 12 0 0 0 0 
0 13 10 20 18 0 0 0 0 0 16 0 0 0 0 0 0 0 0 0 0 11 0 0 0 0 19 17 0 0 
12 0 0 0 0 0 0 0 0 0 0 0 0 0 0 0 0 0 0 0 0 0 0 0 0 0 0 0 14 0 
16 0 0 0 11 0 0 0 0 0 0 0 16 0 0 0 0 10 15 0 13 13 0 0 10 0 0 0 0 0 
0 0 10 0 0 19 0 0 0 0 0 0 0 0 0 0 0 0 0 0 0 0 20 0 0 0 0 0 0 0 
0 13 0 0 0 0 0 0 0 0 0 0 0 0 0 0 0 0 0 0 18 0 0 0 0 0 0 0 0 0 
0 0 0 0 0 0 11 0 0 0 0 19 20 0 0 16 0 15 0 10 0 10 12 0 0 0 0 0 0 0 
0 0 0 0 0 0 0 0 0 0 0 0 10 0 0 13 0 0 0 0 0 0 0 0 0 0 0 0 0 0 
0 0 0 0 0 18 0 10 0 17 0 0 0 0 0 14 0 0 0 0 0 0 0 0 0 20 0 0 0 0 
0 11 0 0 0 19 0 0 12 19 0 0 0 0 0 19 0 0 0 0 0 0 0 10 0 19 0 0 0 0 
0 0 0 0 0 0 0 0 15 0 0 0 16 0 0 0 0 0 0 0 0 0 0 19 17 16 14 0 12 13 
0 0 13 0 0 0 0 0 0 0 0 0 0 0 0 0 0 0 14 0 0 0 0 0 0 0 0 0 0 0 
0 0 0 10 0 0 15 0 15 0 0 0 12 0 0 0 12 0 0 0 18 0 0 0 0 15 0 0 14 0 
19 0 0 0 0 0 0 0 0 17 0 0 0 0 0 0 0 0 0 0 15 0 0 13 0 0 16 0 0 0 
0 0 0 0 0 0 0 0 10 0 0 0 0 0 0 0 0 0 0 0 0 20 0 0 0 0 14 0 0 0 
0 0 0 0 0 0 13 0 0 0 0 0 0 0 0 0 0 0 20 18 19 0 0 0 16 0 0 0 0 0 
0 0 0 0 0 20 19 0 17 0 0 0 0 0 0 12 0 0 0 0 0 0 12 0 0 11 0 13 0 0 
0 0 0 0 0 0 0 13 0 0 0 0 11 0 0 0 0 0 14 0 0 17 0 0 0 0 0 0 19 0 
14 0 0 16 16 0 0 0 0 0 0 0 0 0 16 0 0 0 0 0 0 0 12 0 14 0 0 13 0 0 
12 0 0 0 0 0 0 0 0 0 12 0 0 0 0 0 13 0 0 0 0 19 0 0 0 0 16 11 20 0 
0 0 19 0 0 0 0 16 18 0 0 0 0 0 0 0 0 0 20 0 0 0 0 0 18 0 0 0 16 0 
0 17 0 0 0 0 0 0 0 15 13 11 11 0 0 0 0 0 0 0 0 0 0 0 0 15 0 0 0 0 
0 0 11 0 0 0 0 11 12 0 0 0 0 0 14 15 0 0 0 17 0 0 0 0 11 0 0 0 0 0 
0 0 0 0 0 0 0 0 0 0 0 0 0 0 0 0 0 0 0 0 0 0 0 0 0 0 0 0 12 18 
0 0 10 0 0 0 0 0 14 0 10 13 0 0 0 17 19 0 0 0 18 0 0 0 0 0 0 0 0 15 
0 0 0 20 0 19 0 0 10 0 14 0 12 0 0 0 0 0 0 16 0 0 0 0 0 0 0 0 0 0 
0 0 0 0 10 0 0 0 0 0 18 17 0 0 0 16 0 0 0 0 0 0 17 0 0 0 0 0 0 0 
10 0 0 0 0 0 0 0 11 0 0 17 0 0 0 0 0 0 0 0 0 0 0 0 10 0 0 19 0 0 
17 0 0 0 0 0 0 0 0 0 0 0 0 0 0 0 0 0 15 0 0 19 0 0 0 0 0 0 0 10 
0 0 15 0 0 0 0 0 0 0 0 0 0 0 0 0 0 0 0 0 0 14 0 0 0 0 0 0 0 0 
0 20 0 0 11 0 0 0 0 0 0 0 0 0 16 0 0 0 0 0 0 0 0 0 0 0 12 0 11 10 
0 0 0 0 0 0 0 0 0 0 18 0 0 0 0 18 0 0 0 0 19 0 0 0 0 20 0 19 11 13 
0 0 0 12 0 0 0 0 0 0 0 0 0 0 0 0 0 0 0 0 0 0 20 0 0 0 0 0 0 17 
0 0 10 0 0 0 0 0 0 0 0 0 0 0 19 0 17 0 0 0 0 0 0 0 15 14 0 0 19 0 
0 0 0 0 0 0 20 0 11 0 0 10 0 16 16 0 0 0 10 0 0 0 16 0 0 0 0 17 0 0 
19 0 0 0 0 0 0 0 0 0 0 0 0 0 12 0 0 19 0 0 0 0 0 0 0 0 12 0 15 0 
0 10 0 0 0 0 0 0 0 0 0 0 0 0 0 0 0 0 0 0 0 0 0 0 0 0 13 0 0 0 
0 0 0 0 0 0 0 18 0 0 0 0 0 0 15 0 0 0 0 0 0 0 0 0 0 0 10 0 0 0 
0 0 0 15 0 0 0 0 0 0 0 0 0 19 0 0 14 0 0 0 0 15 0 0 18 0 0 0 0 0 
0 0 0 0 0 0 0 0 0 20 0 0 0 15 0 0 0 0 0 15 0 0 0 11 0 0 0 0 0 0 
0 0 0 0 0 19 0 16 0 12 0 0 0 0 0 0 0 0 18 0 0 12 0 0 0 0 19 12 0 10 
19 0 0 0 0 0 12 0 15 0 0 0 0 0 0 0 0 0 0 0 0 0 0 0 0 14 0 0 15 16 
0 0 0 0 16 0 0 0 0 0 0 0 18 0 0 0 0 0 15 0 0 0 0 0 0 18 12 0 0 0 
0 0 0 13 12 0 13 14 0 0 0 0 18 14 0 0 0 18 0 0 0 19 0 0 0 0 0 0 0 0 
0 0 0 0 10 0 0 20 0 0 0 20 0 0 0 0 0 0 13 0 0 16 0 18 20 14 0 0 0 0 
0 0 0 0 0 0 0 0 0 0 0 0 0 0 0 0 11 0 0 15 0 0 0 0 0 0 0 0 0 0 
13 0 10 0 14 0 0 0 0 0 0 0 0 0 17 0 0 0 0 0 0 0 0 0 0 0 0 0 0 0 
0 0 0 0 0 0 0 0 0 0 0 0 0 0 0 0 0 0 0 0 0 0 15 0 0 0 16 0 17 0 
0 0 0 0 13 0 0 20 14 0 0 0 0 0 12 0 11 0 0 0 20 0 13 0 0 0 0 0 0 0 
10 0 14 0 0 0 0 0 17 0 0 0 0 0 0 0 10 0 0 0 0 16 18 0 0 0 0 19 10 0 
0 0 0 18 0 10 0 0 0 20 0 0 0 0 0 0 0 0 0 0 0 0 0 0 0 0 0 0 0 0 
0 0 0 19 0 0 0 0 0 18 0 17 0 0 0 0 0 0 0 0 0 0 0 0 17 0 0 0 0 0 
0 0 0 0 0 0 20 15 0 0 0 12 18 0 0 0 0 0 0 0 0 0 15 0 0 14 0 0 0 0 
0 0 0 0 0 0 0 0 0 0 0 0 16 17 0 0 0 18 0 0 0 0 0 0 0 0 0 0 0 0 
11 10 0 0 0 0 0 0 0 0 0 0 0 0 0 0 0 0 0 0 0 0 0 0 0 0 0 0 0 0 
14 0 0 0 0 0 0 0 19 12 0 0 0 0 0 0 14 0 0 0 0 0 0 0 0 12 0 0 0 0 
0 0 0 0 15 0 0 0 0 0 0 0 0 0 0 0 0 0 0 0 0 0 10 0 0 0 19 0 0 0 
0 0 0 0 13 19 0 0 0 15 0 0 0 0 0 0 16 0 17 0 14 0 0 18 0 0 0 0 0 0 
0 0 0 0 0 0 0 16 0 0 0 19 0 0 0 0 0 0 0 0 0 0 19 0 15 0 0 0 0 0 
0 0 0 0 0 0 0 0 0 0 0 20 0 0 0 0 0 13 0 0 0 18 20 0 0 0 0 0 0 15 
10 0 0 0 0 13 0 0 0 0 18 0 0 0 0 0 0 10 0 0 0 0 0 0 14 0 0 0 0 0 
0 0 0 0 0 0 18 0 0 0 0 0 0 0 0 0 0 0 0 0 0 0 0 0 0 0 11 0 0 0 
0 0 0 0 0 20 0 0 0 10 0 0 0 0 14 0 12 0 0 0 0 10 0 0 0 0 17 0 0 0 
0 19 0 16 0 10 0 0 0 0 0 10 0 11 0 10 0 0 0 0 14 0 0 0 0 0 0 0 0 0 
0 0 0 18 0 0 0 0 0 14 0 0 0 0 0 0 0 0 0 0 0 0 0 0 0 0 10 0 0 0 
0 0 11 0 0 0 0 12 0 0 0 0 0 12 0 0 0 20 0 0 0 0 0 0 0 14 0 0 0 18 
0 0 0 0 0 0 0 0 0 0 0 0 0 0 0 17 0 0 0 0 0 0 0 0 0 0 19 0 0 0 
0 0 0 0 0 0 15 0 10 19 0 0 0 0 10 0 0 18 0 0 0 0 20 0 18 0 0 17 0 0 
0 0 0 0 0 0 0 0 0 0 0 0 0 0 0 0 18 0 0 0 0 0 0 0 0 0 0 19 0 0 
0 0 0 17 0 0 0 20 12 0 0 0 0 0 0 0 0 0 0 0 0 0 0 0 0 0 0 0 0 0 
15 0 0 0 0 0 0 0 0 0 0 0 0 0 0 0 0 0 0 0 0 0 0 0 16 17 0 0 0 20 
0 0 16 0 19 0 0 18 0 0 0 0 0 0 10 0 0 0 0 16 0 0 0 0 0 0 0 0 0 19 
0 0 15 16 0 0 0 0 0 0 0 0 14 0 0 0 0 0 18 0 0 0 0 0 0 0 0 0 0 0 
0 0 0 0 20 0 0 16 0 0 0 0 0 0 0 0 0 0 0 0 0 0 0 0 0 0 0 0 0 0 
0 0 0 0 0 0 15 0 0 0 0 0 0 0 16 18 13 19 0 0 14 0 0 0 0 0 0 0 0 0 
0 0 0 0 0 0 0 0 0 0 0 0 0 0 10 0 0 0 10 0 0 16 0 15 0 19 0 20 0 0 
0 16 0 0 0 0 0 10 17 0 0 0 0 0 18 0 0 19 0 0 0 0 0 0 0 0 0 0 0 0 
0 0 0 0 20 0 0 0 0 0 0 15 12 0 0 0 0 0 0 0 0 0 0 0 0 11 0 0 0 0 
0 0 0 0 0 0 0 0 0 20 0 14 0 0 0 0 0 0 0 0 14 0 0 0 15 0 10 0 0 0 
0 0 0 17 12 0 0 0 0 18 0 0 0 0 0 0 0 0 0 0 0 0 0 0 0 0 0 0 0 0 
0 0 10 0 0 0 0 0 0 0 0 0 15 0 19 0 0 0 0 0 0 0 0 0 0 0 0 20 0 0 
0 0 0 0 0 0 17 0 0 0 0 11 0 10 0 0 0 0 0 0 0 0 17 0 11 0 0 0 0 0 
0 0 0 0 0 0 0 0 20 17 0 0 0 0 0 0 0 0 0 0 0 0 0 0 10 0 15 0 0 0 
0 0 0 0 0 0 0 0 0 0 0 0 13 0 19 0 0 0 0 14 0 0 0 0 15 0 19 0 0 0 
0 0 10 0 0 0 0 0 0 0 0 14 0 0 0 0 0 0 0 0 0 0 0 0 0 0 0 13 0 0 
0 0 18 0 0 0 0 20 15 0 0 0 0 14 17 0 15 0 0 0 12 0 0 0 0 0 0 19 0 0 
0 0 0 0 16 0 0 19 16 16 0 0 0 0 0 0 0 0 14 0 0 0 0 0 18 0 15 0 0 13 
0 0 0 0 13 17 0 0 0 0 0 0 0 0 0 0 10 0 0 0 20 0 19 0 0 0 0 0 0 0 
0 0 0 0 0 0 0 0 0 0 0 0 0 0 16 0 0 0 0 0 0 0 0 0 11 0 0 0 0 0 
12 0 0 0 0 0 0 0 14 0 0 0 0 0 15 0 0 0 0 0 16 0 0 0 0 0 0 0 0 0 
0 0 0 0 0 14 0 0 18 0 0 0 0 0 0 0 0 15 0 0 11 0 0 0 20 0 0 0 0 0 
0 0 0 0 0 19 20 0 0 0 0 0 0 0 0 0 0 0 0 0 0 0 17 0 0 0 0 18 0 14 
0 14 0 0 0 0 0 18 0 13 0 0 0 0 0 0 0 0 0 0 0 0 0 15 0 0 0 0 0 0 
0 0 0 13 13 16 0 0 0 0 0 20 0 0 0 0 0 0 0 0 0 0 0 0 0 15 0 0 0 0 
15 0 0 0 0 0 0 0 0 0 0 0 0 13 0 0 0 17 0 0 0 0 0 0 10 0 0 10 0 15 
0 0 0 0 0 0 0 0 0 0 0 0 0 0 0 0 0 13 0 0 0 0 0 0 13 0 0 0 0 0 
0 0 0 0 0 0 0 0 0 0 0 0 0 0 0 0 0 0 0 0 0 0 0 0 0 0 19 0 0 20 
0 0 0 0 0 0 13 0 18 0 0 0 0 0 0 0 0 0 0 0 0 0 0 0 16 11 0 0 18 13 
0 0 0 0 0 16 0 20 0 0 0 0 0 0 0 0 10 15 0 16 0 0 0 0 0 0 0 0 0 0 
0 0 17 0 0 0 0 10 0 0 0 0 0 0 0 0 14 0 0 0 0 0 10 0 0 0 0 15 12 0 
0 14 0 0 0 0 0 0 0 0 0 0 0 0 0 0 0 0 0 0 0 0 0 0 0 0 15 0 0 0 
0 14 19 0 14 0 20 0 0 0 0 0 0 0 0 0 0 0 0 0 0 0 0 10 0 0 0 0 0 0 
0 20 13 18 0 0 20 0 0 13 0 0 0 0 0 0 0 0 0 0 0 0 0 13 0 0 0 0 0 0 
0 0 0 13 0 0 0 0 0 0 0 0 0 0 0 0 0 0 0 0 0 0 19 0 0 0 11 0 20 0 
0 0 0 0 0 0 0 0 0 0 0 0 0 14 19 0 0 0 0 14 16 0 20 0 0 0 18 0 0 0 
0 0 14 0 0 0 0 0 0 0 0 0 0 0 0 0 19 0 20 17 0 0 0 0 0 0 0 0 0 16 
0 0 0 0 20 15 16 0 14 0 0 0 0 0 20 0 0 0 0 0 0 0 0 14 0 0 0 10 0 0 
12 0 0 0 0 0 14 0 0 0 0 0 0 0 0 11 0 0 0 0 0 0 0 0 0 0 0 0 0 0 
0 0 0 18 0 0 0 0 0 0 0 0 0 0 0 0 0 11 16 0 0 0 0 0 0 0 0 0 0 0 
0 0 0 20 0 0 0 0 0 0 0 0 0 0 0 0 0 11 0 10 0 0 0 0 0 0 0 0 0 0 
0 0 0 13 0 14 0 0 0 0 0 0 0 0 0 0 18 0 0 0 0 0 0 0 0 0 0 0 0 0 
0 18 0 0 18 0 0 0 0 0 0 0 11 0 0 0 0 0 14 11 0 0 18 0 18 20 0 0 0 0 
0 0 16 0 0 15 0 0 0 0 0 0 0 0 19 0 0 0 0 11 0 0 0 0 0 0 0 0 0 10 
0 0 0 0 0 0 0 0 0 0 0 0 12 0 0 0 0 15 0 0 0 0 0 0 13 13 18 0 0 0 
20 0 0 0 0 0 0 0 0 0 0 18 0 12 0 0 12 0 0 0 0 0 0 10 0 0 0 0 0 17 
0 0 0 0 0 0 0 19 0 0 0 0 0 0 0 0 0 0 0 0 11 0 0 0 0 0 16 0 11 0 
0 0 0 0 0 0 0 0 0 0 15 0 19 0 0 0 0 0 0 0 0 0 0 0 0 0 0 0 0 0 
0 13 0 0 0 0 0 0 0 0 0 0 0 0 0 0 0 0 0 0 0 14 0 0 0 0 0 0 0 0 
0 0 0 19 0 0 0 0 0 0 18 0 0 0 0 0 0 0 0 0 0 11 0 12 0 0 0 0 0 0 
0 0 0 0 0 0 17 0 0 0 0 0 0 0 0 0 0 16 0 0 0 0 0 0 0 0 0 14 0 0 
0 0 0 14 0 11 0 17 0 0 0 0 0 0 0 0 0 0 0 0 0 0 11 0 0 0 0 0 0 0 
0 0 0 0 0 0 0 0 12 12 0 16 0 0 0 0 0 0 0 17 0 0 0 0 0 0 0 11 0 0 
0 0 0 0 0 0 0 0 0 0 0 0 14 0 0 0 0 0 0 0 0 0 0 20 0 0 0 0 0 0 
0 0 0 0 0 0 0 0 0 13 0 0 0 10 0 20 0 0 0 0 0 0 16 17 14 13 15 0 0 0 
0 13 0 0 0 0 0 0 19 0 13 0 0 0 0 0 0 0 0 10 0 0 0 0 0 0 14 0 0 0 
0 0 0 0 0 0 0 0 0 0 0 0 0 15 0 0 0 0 0 0 0 0 0 0 10 0 0 0 0 16 
13 0 0 0 0 15 12 0 0 11 0 0 0 0 11 0 0 0 0 0 14 0 12 0 0 10 0 0 0 0 
0 0 0 0 0 10 11 0 0 0 0 0 11 0 0 0 0 0 0 0 0 0 0 0 0 0 0 0 0 0 
0 15 0 0 0 20 0 0 14 0 0 0 0 0 0 0 0 0 14 0 16 0 0 0 0 0 11 20 10 0 
0 0 0 0 0 13 13 19 0 17 14 0 0 20 0 0 0 0 0 20 0 0 0 0 10 0 0 0 0 0 
16 0 0 0 0 0 0 0 11 0 0 0 16 14 0 0 13 0 0 10 18 0 0 0 0 0 0 0 0 0 
11 0 0 0 15 17 18 0 0 0 19 0 0 0 0 0 19 11 0 0 0 0 0 0 0 0 0 0 17 0 
0 0 0 0 0 0 0 0 0 11 0 14 0 0 0 0 0 16 19 0 0 0 17 0 17 0 0 20 0 16 
0 14 12 0 0 0 0 11 0 0 0 0 0 0 0 0 0 11 0 0 0 19 14 14 0 0 0 0 0 0 
18 0 0 0 0 0 12 0 14 0 0 0 19 0 0 0 0 0 15 0 0 0 0 0 20 0 0 0 13 0 
0 0 0 0 0 0 0 0 19 0 0 20 0 12 0 18 0 0 0 0 0 20 0 0 18 0 13 19 0 0 
18 18 0 0 16 0 0 0 0 0 0 15 0 0 0 14 0 0 0 19 0 0 0 10 0 0 0 0 0 0 
0 0 0 0 16 19 0 0 0 0 0 0 0 13 0 0 0 0 0 0 0 0 0 0 0 0 0 0 0 0 
0 13 0 15 13 0 0 0 0 0 0 0 0 0 0 0 16 20 0 0 0 15 0 12 0 0 11 0 0 0 
0 0 0 0 0 0 0 11 0 0 0 0 0 0 0 0 15 0 0 0 0 0 0 0 0 0 0 0 0 0 
0 0 0 0 0 0 0 0 15 0 0 0 0 12 19 0 0 0 0 0 0 0 0 0 0 12 0 0 0 0 
0 0 0 11 0 0 0 0 0 0 0 12 0 0 0 0 0 0 0 0 0 0 0 0 0 0 0 0 0 15 
11 14 0 0 0 0 0 0 0 11 0 0 0 12 0 0 0 16 0 0 0 19 0 0 0 17 0 0 0 0 
0 0 15 0 0 0 0 0 0 0 0 0 0 16 0 18 0 0 0 0 0 0 0 0 0 0 0 10 0 11 
0 0 19 0 0 0 0 0 0 0 0 0 17 0 13 10 18 0 0 0 0 0 12 10 0 0 0 18 0 0 
0 11 0 0 0 0 0 0 20 0 15 0 0 0 0 0 15 0 20 0 0 10 0 0 0 0 0 0 0 0 
0 12 0 0 0 0 17 10 10 0 0 0 0 11 0 0 0 0 0 0 0 20 0 18 0 0 0 0 0 0 
0 0 0 0 0 17 0 0 0 0 0 0 0 0 0 0 0 0 0 15 0 0 19 17 0 18 0 0 0 11 
20 0 0 0 0 0 10 0 0 0 10 0 0 0 0 0 0 0 0 0 17 12 11 15 0 0 0 0 0 13 
0 10 0 0 15 12 0 0 0 0 0 0 0 0 0 0 0 0 19 0 0 0 0 0 19 0 19 0 0 0 
20 14 15 0 0 0 0 0 0 0 0 0 0 0 0 0 0 0 0 0 0 0 0 20 13 0 15 0 0 20 
15 0 0 15 0 0 0 0 0 10 0 15 0 0 0 0 0 0 10 13 0 0 0 10 0 13 0 0 0 0 
12 0 0 14 0 0 14 14 0 15 0 0 0 0 0 0 0 0 0 0 0 0 0 0 0 0 15 0 0 0 
0 14 0 12 20 0 0 0 0 0 0 0 0 0 0 0 0 13 0 0 0 0 0 0 0 11 0 0 15 0 
0 0 0 0 16 0 0 0 0 0 13 0 0 0 0 0 0 0 0 0 0 0 0 0 0 13 0 0 0 0 
0 0 0 0 0 0 0 0 0 0 0 0 15 0 0 0 0 0 0 0 0 0 0 0 0 0 0 0 12 0 
0 0 0 0 0 0 0 17 0 0 0 0 18 0 0 0 0 0 14 16 0 0 0 10 0 19 0 0 0 0 
0 0 0 0 17 0 0 0 0 0 0 0 0 0 0 0 18 16 0 0 0 20 19 0 0 0 14 0 0 0 
0 20 0 0 0 19 0 0 0 0 0 0 0 0 14 0 0 13 0 0 0 0 0 0 0 16 11 0 0 0 
0 0 0 0 0 0 0 0 16 0 14 0 0 0 0 0 20 0 0 0 19 0 0 0 0 0 0 0 0 0 
0 0 0 0 0 0 0 0 12 0 16 19 19 0 0 14 0 0 0 0 0 11 0 0 0 20 20 0 0 0 
0 20 0 0 0 13 0 0 17 0 0 15 0 0 0 0 0 0 0 0 0 11 0 19 0 0 0 0 12 0 
0 0 0 0 0 0 11 0 0 10 19 0 0 0 0 0 0 18 0 0 0 0 16 0 0 12 20 0 0 0 
0 15 0 0 0 0 0 0 0 0 0 0 15 0 0 0 0 0 0 0 0 0 10 0 0 19 0 0 0 15 
0 0 11 0 0 0 0 0 0 0 0 16 0 0 0 0 13 0 0 0 0 19 16 0 0 19 0 0 16 0 
0 0 13 13 0 0 0 0 17 0 0 12 0 0 0 0 0 0 0 11 10 10 0 0 17 0 0 0 0 0 
0 0 0 0 0 0 17 0 0 0 0 15 0 0 0 0 12 0 0 0 0 13 0 0 0 0 0 0 0 0 
0 0 0 0 0 0 16 0 0 0 0 12 18 17 0 0 0 0 15 0 0 0 0 19 0 0 0 12 0 11 
13 0 0 14 11 0 0 13 0 0 0 0 0 0 0 0 0 0 0 14 0 18 0 0 0 0 0 0 0 16 
0 15 20 0 0 0 0 0 0 0 20 0 0 0 16 0 0 0 20 0 0 0 10 13 0 0 0 0 16 0 
0 0 0 20 0 0 0 0 0 18 0 13 0 0 0 0 11 0 0 0 18 18 0 0 15 0 0 0 17 0 
0 0 0 16 0 0 0 0 0 0 0 18 20 20 0 0 0 0 0 0 0 0 0 0 0 0 0 17 0 0 
0 0 0 20 0 0 0 0 17 0 0 0 0 0 0 0 0 0 0 0 0 0 0 0 0 0 0 0 0 0 
0 0 0 18 0 0 0 0 0 19 14 0 0 20 0 0 0 0 0 0 0 0 0 0 0 0 0 0 0 0 
0 0 0 0 0 0 0 19 0 0 19 0 0 0 0 16 0 0 0 0 0 0 18 14 19 0 11 0 0 0 
0 0 0 0 0 0 10 12 0 0 0 0 0 0 0 0 17 0 0 0 0 0 0 0 0 0 0 0 0 11 
0 0 0 0 0 0 0 0 0 0 0 0 0 0 0 0 0 0 19 0 0 0 0 18 0 17 18 0 0 0 
0 18 0 16 12 0 0 0 16 0 0 0 0 0 14 0 0 19 0 0 0 0 0 0 0 0 0 0 0 0 
15 0 14 0 0 0 11 0 0 0 0 0 0 0 0 13 13 0 0 0 0 19 0 0 16 0 0 0 0 11 
0 0 0 0 16 0 15 13 0 0 0 0 0 19 0 0 0 0 0 0 0 0 0 16 0 0 0 0 0 13 
14 0 0 0 0 0 0 0 0 0 0 0 0 0 0 0 14 0 0 0 0 18 0 0 16 0 0 0 0 0 
0 17 0 0 0 0 0 0 0 0 0 0 0 15 19 0 0 0 0 20 0 0 0 0 0 0 15 0 11 0 
16 0 0 0 0 0 0 0 0 0 0 0 0 0 0 0 0 0 0 15 0 0 0 0 0 0 14 0 14 0 
18 0 0 0 0 0 0 0 15 0 0 19 0 0 0 0 13 18 0 0 0 0 0 13 14 0 0 0 16 0 
0 14 0 0 0 0 0 0 0 0 0 13 0 0 0 12 0 0 17 0 0 0 0 0 0 0 0 0 0 0 
0 16 0 0 0 0 0 14 0 0 0 0 17 0 0 20 0 0 0 0 0 0 0 12 0 0 0 0 0 0 
0 0 0 0 0 0 0 0 0 0 14 0 0 0 0 0 12 0 0 0 19 0 0 0 0 0 0 0 13 19 
0 0 0 0 0 0 0 0 0 0 0 0 0 0 0 0 19 0 0 0 0 0 0 19 0 0 0 0 0 0 
15 0 0 0 0 0 0 10 20 0 0 0 18 0 0 0 0 0 0 14 13 0 0 0 0 0 0 19 0 14 
0 0 0 0 0 0 0 0 0 0 0 0 0 0 0 16 0 0 0 12 0 0 0 0 0 0 0 0 0 0 
0 0 18 0 0 0 0 0 0 11 0 12 20 0 0 0 0 0 0 19 17 0 0 0 0 13 0 0 0 0 
0 0 0 0 17 0 16 0 17 0 0 0 0 18 0 12 0 0 0 13 0 0 17 0 0 0 11 0 0 0 
0 0 0 0 19 0 16 0 0 0 0 0 0 0 0 0 0 0 11 0 0 0 0 0 16 15 0 0 0 14 
0 0 0 0 0 20 0 0 0 0 0 0 0 0 0 0 0 0 0 0 0 19 0 0 0 0 0 0 0 0 
0 0 15 0 0 0 0 0 13 17 0 0 0 0 0 0 0 0 0 0 0 0 0 0 0 0 0 0 0 0 
0 0 0 19 0 12 0 0 0 0 0 0 0 0 19 0 0 0 0 0 0 18 0 20 0 0 0 0 19 0 
0 18 0 0 0 0 0 0 0 20 11 19 0 0 0 0 0 0 0 0 17 0 0 0 0 19 0 0 0 0 
0 0 14 0 0 0 0 0 0 0 0 0 0 0 0 0 0 0 0 11 0 0 0 10 0 0 0 0 0 11 
0 16 0 17 0 0 0 0 0 0 12 0 15 0 0 17 0 0 0 12 0 0 20 0 0 0 0 0 0 0 
0 0 0 10 0 0 0 0 0 0 0 0 0 0 0 0 0 10 0 0 20 0 0 0 16 0 0 0 0 0 
0 0 0 15 0 0 0 0 0 0 0 0 0 0 16 0 0 0 0 0 0 0 16 0 15 0 0 0 0 0 
0 17 0 0 0 0 0 0 0 0 0 0 0 0 0 0 19 15 0 0 0 0 0 0 0 0 0 0 0 0 
0 0 0 19 0 10 14 0 0 0 0 0 0 18 0 16 0 0 19 0 16 0 0 0 0 0 11 0 0 0 
0 0 0 0 11 12 0 0 13 0 14 0 0 0 0 0 0 13 13 0 0 0 15 0 0 0 0 0 0 0 
0 0 16 0 0 0 0 0 0 0 0 0 0 0 18 0 13 0 0 11 0 12 17 0 0 0 0 0 0 15 
0 0 0 0 0 13 0 17 10 0 0 0 0 0 0 16 0 0 0 15 0 0 0 19 0 0 0 0 13 0 
0 0 13 0 0 0 0 0 0 0 0 19 0 0 16 0 0 0 13 0 0 0 20 0 0 0 0 0 13 0 
0 18 0 0 0 0 0 0 0 0 0 0 0 0 0 0 0 0 0 10 0 0 0 0 0 0 0 0 0 0 
0 0 0 0 0 0 0 0 0 11 0 0 0 0 0 0 0 19 0 0 0 0 0 0 0 0 0 0 0 0 
0 0 17 0 0 0 0 0 0 0 0 0 13 0 0 0 0 0 0 0 0 0 0 0 0 0 0 0 0 0 
0 0 15 0 0 0 16 0 0 0 17 0 0 0 11 0 0 10 0 0 10 18 0 0 0 0 0 17 0 0 
0 0 0 19 0 0 0 0 0 16 0 0 11 0 0 0 12 10 14 0 0 10 0 0 0 0 0 0 0 13 
16 0 0 0 0 0 12 0 0 19 0 0 0 17 0 20 14 0 0 0 0 0 0 15 0 0 0 0 13 0 
0 18 0 0 0 0 0 0 0 0 0 10 0 0 0 0 0 17 0 0 0 0 0 0 0 12 14 15 17 12 
0 14 0 0 0 0 0 0 0 0 0 11 0 0 0 0 0 0 11 0 0 0 0 0 0 0 0 0 0 0 
0 12 0 0 0 0 17 0 0 0 0 0 0 0 0 14 0 0 0 13 11 0 0 0 0 0 0 0 0 0 
0 11 0 19 0 17 0 0 0 12 0 0 0 0 0 0 0 0 0 0 0 0 0 0 0 0 0 0 0 0 
10 0 0 0 0 0 0 0 11 0 0 11 0 0 0 0 0 0 0 0 0 19 18 0 0 0 13 0 0 0 
0 20 0 0 0 0 0 0 0 0 0 0 0 0 0 0 0 0 0 0 15 13 0 0 0 0 0 0 0 0 
11 19 0 0 12 0 0 0 0 13 0 0 0 0 0 0 0 11 0 0 0 0 0 0 0 0 0 0 0 0 
0 0 0 0 0 0 0 0 0 17 0 0 0 0 0 13 0 0 0 0 0 0 0 0 0 0 0 0 0 0 
0 0 0 16 0 0 0 0 0 0 11 0 16 0 0 0 0 0 0 0 0 0 19 0 11 0 0 0 0 0 
0 0 0 0 0 0 0 0 18 0 0 0 0 0 18 0 17 0 20 0 15 0 0 0 0 0 0 0 0 0 
14 0 16 0 0 15 0 0 0 0 0 0 0 0 0 0 0 0 0 10 0 19 0 0 11 0 0 0 0 0 
0 0 0 0 0 0 0 0 0 0 0 0 0 0 0 0 0 0 20 0 0 0 0 20 0 0 0 0 0 0 
0 0 0 0 10 0 0 0 0 0 0 0 0 17 18 0 0 19 18 0 0 0 0 0 0 0 10 0 0 0 
0 0 16 0 0 0 0 0 0 0 0 0 12 0 0 0 0 12 0 0 0 0 0 0 0 16 0 0 0 0 
0 0 0 0 0 0 0 0 0 0 0 14 14 0 0 10 0 0 0 0 0 0 0 0 11 0 0 0 0 0 
10 0 0 0 15 0 0 0 0 0 0 0 0 0 0 12 19 0 0 0 0 18 11 0 0 0 16 0 10 0 
0 0 14 0 0 0 0 0 0 0 0 0 0 0 10 10 0 0 0 0 0 0 0 0 0 0 0 19 0 0 
0 0 0 0 17 0 0 0 11 0 0 0 20 0 0 0 0 0 0 18 0 0 0 0 0 0 0 19 0 0 
0 0 0 0 0 0 14 0 0 0 19 0 0 0 0 0 0 0 0 0 0 0 10 0 0 0 0 0 0 0 
0 0 0 0 0 20 0 0 0 13 0 0 0 0 0 0 0 11 0 0 0 0 0 0 0 16 0 0 0 16 
0 16 0 0 0 0 16 0 0 0 19 0 0 0 0 0 0 0 0 0 14 0 0 17 0 0 0 0 0 0 
0 0 0 0 0 0 0 0 0 0 0 0 0 0 0 0 0 0 19 0 0 14 0 0 0 0 0 0 0 0 
0 0 18 0 0 0 16 0 19 0 14 0 0 0 0 10 0 0 13 0 0 0 0 0 0 0 20 12 0 0 
0 0 19 0 0 15 0 11 0 0 0 12 0 0 0 0 0 15 0 0 0 10 0 0 0 0 0 12 0 0 
0 10 0 0 0 0 0 0 0 0 0 0 0 0 18 0 0 0 0 0 11 0 0 17 18 16 0 12 19 0
---------------------
 
Distance between cells
Rows and Columns: correspond to cell number
0 95 234 105 84 315 172 301 91 154 417 284 
95 0 294 245 380 225 369 85 193 153 241 498 
234 294 0 448 357 56 100 162 173 348 219 116 
105 245 448 0 363 327 410 225 265 60 461 464 
84 380 357 363 0 65 51 414 256 213 145 446 
315 225 56 327 65 0 499 189 70 249 245 486 
172 369 100 410 51 499 0 445 74 496 73 154 
301 85 162 225 414 189 445 0 460 351 346 275 
91 193 173 265 256 70 74 460 0 334 351 178 
154 153 348 60 213 249 496 351 334 0 221 324 
417 241 219 461 145 245 73 346 351 221 0 356 
284 498 116 464 446 486 154 275 178 324 356 0
---------------------
 
Distribution of machines in cells   (1 -- if machine m is distributed in cell u;0 -- else) 
Rows: correspond to cell number; Columns: correspond to machine number
1 1 1 0 0 0 0 0 0 0 0 0 0 0 0 0 0 0 0 0 0 0 0 0 0 0 0 0 0 0 
0 0 0 1 1 1 0 0 0 0 0 0 0 0 0 0 0 0 0 0 0 0 0 0 0 0 0 0 0 0 
0 0 0 0 0 0 1 1 0 0 0 0 0 0 0 0 0 0 0 0 0 0 0 0 0 0 0 0 0 0 
0 0 0 0 0 0 0 0 1 1 1 0 0 0 0 0 0 0 0 0 0 0 0 0 0 0 0 0 0 0 
0 0 0 0 0 0 0 0 0 0 0 1 1 1 0 0 0 0 0 0 0 0 0 0 0 0 0 0 0 0 
0 0 0 0 0 0 0 0 0 0 0 0 0 0 1 1 0 0 0 0 0 0 0 0 0 0 0 0 0 0 
0 0 0 0 0 0 0 0 0 0 0 0 0 0 0 0 1 1 0 0 0 0 0 0 0 0 0 0 0 0 
0 0 0 0 0 0 0 0 0 0 0 0 0 0 0 0 0 0 1 1 1 0 0 0 0 0 0 0 0 0 
0 0 0 0 0 0 0 0 0 0 0 0 0 0 0 0 0 0 0 0 0 1 1 1 0 0 0 0 0 0 
0 0 0 0 0 0 0 0 0 0 0 0 0 0 0 0 0 0 0 0 0 0 0 0 1 1 0 0 0 0 
0 0 0 0 0 0 0 0 0 0 0 0 0 0 0 0 0 0 0 0 0 0 0 0 0 0 1 1 0 0 
0 0 0 0 0 0 0 0 0 0 0 0 0 0 0 0 0 0 0 0 0 0 0 0 0 0 0 0 1 1
---------------------
 
