Number of operations for each part
2 6 5 4 5 5 4 8 5 10 4 7 6 6 6 7 10 5 4 4 2 9 2 7 4 8 6 9 8 7 5 6 8 2 2 6 8 4 9 6 8 3 4 6 10 6 2 6 10 6 8 10 10 5 10 3 7 6 10 4 5 10 10 6 4 5 7 9 7 5 7 10 6 5 2 2 10 4 4 9 8 4 3 10 8 3 7 3 5 2 7 7 4 9 4 2 6 6 9 2 9 7 6 3 2 10 3 7 8 4
---------------------
 
Processing time   (0 -- non-optional machine)
Rows: sequential for each operation of each part; Columns: correspond to machine number
0 0 60 0 0 110 0 0 60 0 0 140 0 100 0 0 0 0 0 50 0 0 0 0 0 0 0 0 110 0 
0 0 0 90 0 0 130 0 0 110 0 0 0 0 0 50 0 0 0 0 80 0 0 130 0 0 0 130 130 0 
0 0 0 60 0 90 0 0 0 0 0 80 0 0 0 130 0 0 50 140 0 0 90 0 0 0 140 0 0 0 
0 0 0 0 0 0 0 0 110 70 0 0 0 150 0 0 0 0 0 0 0 0 0 0 0 0 100 80 0 0 
0 0 0 0 120 0 0 0 0 100 0 0 0 140 110 0 140 0 0 0 0 90 50 0 0 120 0 0 0 0 
0 0 0 120 0 0 140 0 0 0 100 0 0 0 0 80 0 0 100 0 0 0 150 0 0 0 150 0 0 100 
0 0 0 0 0 0 0 0 0 70 0 0 0 0 0 120 0 90 110 100 0 100 0 0 0 0 0 0 0 0 
0 0 0 120 130 70 0 0 0 0 80 0 0 0 0 0 0 0 0 50 0 0 80 0 0 0 0 50 0 60 
0 130 0 0 0 0 0 130 130 0 0 0 90 0 120 130 0 0 0 90 0 0 0 0 0 0 0 110 0 0 
0 0 0 0 0 130 50 0 0 0 100 0 0 0 0 0 0 0 130 110 0 0 0 0 0 0 90 0 0 0 
0 90 0 0 70 0 0 0 0 0 70 0 0 0 0 0 130 0 70 0 0 0 0 60 0 0 0 0 0 0 
0 0 0 0 0 0 0 0 0 0 140 0 0 0 0 0 0 0 0 90 0 0 0 0 0 140 0 0 0 0 
0 150 0 0 0 0 0 0 0 0 0 0 0 0 90 0 0 0 0 0 0 0 0 0 0 0 130 0 0 0 
0 0 0 0 0 0 0 0 0 0 0 0 0 0 0 0 0 0 0 0 0 0 60 130 0 0 0 0 0 0 
0 0 0 0 0 0 0 0 0 0 0 0 0 60 150 0 0 0 0 0 0 0 0 0 0 0 0 0 0 0 
0 0 0 0 0 0 110 0 150 0 0 0 0 50 0 0 0 0 0 0 0 150 0 110 0 60 0 0 0 0 
0 70 0 0 0 0 0 0 0 60 0 0 0 0 0 0 0 0 0 0 0 120 120 0 0 0 0 0 0 0 
0 0 0 130 140 0 0 80 0 0 0 0 0 0 0 0 0 0 60 60 0 0 0 0 0 100 0 150 0 130 
0 0 0 0 0 0 0 0 90 0 0 0 0 0 0 0 150 0 0 0 0 0 0 0 0 0 0 0 0 0 
0 0 0 130 0 0 50 0 0 70 0 0 0 0 50 0 0 0 0 110 0 0 0 80 0 0 0 0 0 100 
0 80 0 0 0 0 0 0 0 0 0 0 0 0 0 0 0 0 0 0 0 0 0 100 0 0 0 0 0 0 
0 0 0 0 0 0 0 0 0 80 0 0 0 120 0 0 0 0 0 0 0 100 0 0 0 130 0 70 0 0 
0 0 0 0 0 0 0 0 0 0 0 0 0 0 0 0 0 0 0 0 0 80 0 0 120 0 0 0 70 0 
0 0 0 0 0 0 0 0 0 0 0 0 0 0 0 0 0 0 0 0 0 140 0 0 0 0 60 50 0 0 
0 0 0 0 110 0 0 0 0 0 0 0 0 0 80 0 0 0 0 0 0 0 0 0 0 0 0 0 0 150 
80 110 0 80 0 0 0 50 70 0 0 150 0 0 0 60 0 0 0 0 0 0 0 0 0 0 0 110 0 0 
0 0 0 140 0 0 0 0 0 80 0 0 0 0 150 0 0 0 0 90 100 120 0 0 0 0 0 0 0 0 
0 0 0 0 0 0 0 0 110 150 0 0 0 0 0 0 0 0 0 0 0 0 0 0 0 0 100 0 140 150 
80 0 0 0 150 0 110 0 0 0 0 0 0 0 0 0 0 0 0 0 0 0 0 0 0 0 0 0 0 80 
0 0 100 0 0 0 100 0 0 0 0 0 0 0 0 0 0 140 0 150 0 0 0 0 0 140 0 0 0 0 
0 0 0 0 150 0 0 0 0 0 0 0 0 0 50 110 0 0 110 0 0 0 0 0 80 0 120 0 80 150 
0 70 50 0 0 140 0 0 0 0 0 0 0 0 0 0 0 0 0 0 0 0 0 0 0 150 100 0 0 0 
0 0 0 120 0 0 0 80 70 150 0 0 0 0 0 0 0 0 0 0 0 0 0 0 70 0 0 0 0 0 
0 0 140 0 0 0 0 90 0 0 0 0 0 0 0 0 0 130 0 0 0 0 0 0 0 0 70 0 0 0 
0 0 0 0 0 120 0 80 0 0 130 0 0 0 0 90 0 70 0 0 0 0 150 0 0 0 0 0 90 120 
0 0 0 110 0 0 0 0 0 0 0 0 0 130 0 0 0 0 0 90 0 0 0 0 140 0 80 0 0 0 
0 0 0 0 0 0 0 0 0 0 0 0 80 0 0 110 0 70 0 0 0 0 0 60 0 0 120 140 120 0 
0 0 0 0 0 0 0 0 0 0 130 0 120 0 0 0 0 0 0 0 60 0 0 0 0 0 0 0 0 0 
110 0 0 0 0 0 70 0 0 0 0 0 0 0 0 0 0 0 0 0 0 0 0 0 0 0 0 0 0 0 
0 0 0 50 0 0 0 0 0 0 0 0 110 0 0 50 0 0 110 80 0 80 0 0 0 0 0 0 0 0 
0 0 130 0 0 0 60 0 0 0 0 0 0 0 0 0 0 0 0 0 60 0 0 0 0 0 0 0 0 130 
0 0 80 0 0 0 0 0 0 0 0 0 100 0 0 0 0 0 0 0 0 0 0 0 0 0 100 0 0 0 
50 0 0 0 0 0 0 90 0 0 0 0 0 0 60 0 0 0 0 0 0 0 130 140 130 0 0 0 0 0 
0 110 0 130 0 0 0 0 0 0 0 0 0 0 0 0 0 50 50 0 0 130 0 0 0 0 0 0 0 0 
0 0 0 70 0 0 0 0 0 0 0 0 0 0 0 0 130 0 0 90 140 0 0 130 0 0 0 0 0 0 
0 0 0 0 0 0 0 70 0 0 0 0 0 0 0 0 150 0 0 0 0 0 0 0 0 0 0 0 0 0 
0 50 0 0 90 0 0 150 0 0 0 0 0 0 0 0 0 0 0 0 0 50 0 0 0 0 0 0 0 0 
50 0 0 0 0 0 80 0 0 0 0 0 0 0 0 0 0 0 70 0 60 0 0 70 0 0 0 0 0 0 
0 0 0 0 80 0 0 0 140 120 0 0 0 0 0 0 0 0 0 0 0 150 0 0 0 0 0 0 0 0 
0 0 110 0 0 0 0 0 0 0 70 0 0 0 0 0 0 0 70 130 0 0 120 0 0 0 0 0 0 0 
0 0 0 0 0 0 0 90 0 0 0 0 150 110 0 0 0 0 0 0 0 0 0 0 0 70 140 0 0 0 
0 0 0 60 0 150 0 0 60 0 0 0 0 0 90 0 0 0 110 0 0 0 0 0 0 110 100 0 60 0 
0 0 0 0 0 0 50 0 0 0 0 0 0 50 0 0 0 0 0 0 0 130 0 0 0 0 0 0 0 0 
0 0 0 0 0 0 0 0 0 0 0 0 0 0 0 0 0 100 0 0 0 0 0 0 140 0 0 0 0 0 
0 70 0 60 0 0 100 0 0 0 0 0 0 110 0 0 0 100 0 0 0 0 0 0 0 0 0 0 0 0 
0 0 0 0 0 0 0 0 0 0 0 140 0 0 0 0 0 0 100 70 0 0 0 0 0 0 0 0 0 0 
0 0 0 80 0 0 0 0 0 0 0 0 0 0 0 0 0 0 90 0 0 0 140 0 0 0 0 0 0 0 
140 0 0 0 0 0 80 0 0 0 0 150 0 0 0 0 130 0 0 0 0 0 130 0 0 50 0 80 0 0 
0 0 0 0 0 0 0 0 0 0 0 0 0 110 0 0 0 0 0 0 0 0 90 70 0 0 0 0 0 0 
0 0 0 70 0 0 0 0 0 0 0 0 90 0 0 0 110 0 0 0 0 120 0 0 0 0 0 0 0 0 
0 0 0 0 0 0 90 0 0 0 0 120 0 0 0 120 0 110 140 0 0 0 0 0 0 110 0 0 150 0 
0 0 0 0 0 0 0 0 0 0 0 0 140 100 0 0 0 50 140 0 0 0 0 150 0 80 0 0 0 60 
0 140 0 0 0 0 0 0 0 0 0 0 0 0 0 140 0 0 80 0 0 0 0 0 80 0 90 0 0 0 
0 0 0 0 0 140 90 0 60 0 0 0 0 140 0 50 0 0 0 0 140 0 0 0 0 0 0 120 0 0 
0 0 80 0 140 0 0 0 0 0 0 0 0 0 0 140 0 0 0 0 0 0 0 0 80 130 0 0 0 0 
0 0 0 0 0 0 120 0 140 0 0 0 130 0 0 0 100 0 100 0 0 0 80 120 0 0 0 0 0 0 
0 100 0 0 0 0 0 0 70 0 50 70 0 60 0 0 0 0 0 110 130 0 80 0 0 0 0 0 0 0 
0 0 0 150 0 0 0 0 120 120 0 140 0 0 0 130 60 0 80 130 0 0 0 0 0 0 0 0 0 0 
0 0 130 0 0 0 0 110 0 0 0 0 80 0 0 0 0 0 0 0 0 0 0 0 0 0 0 0 0 0 
0 0 0 0 100 0 0 0 0 0 0 0 0 0 0 0 0 0 130 0 0 110 0 0 0 60 110 0 0 0 
0 100 0 100 0 0 50 0 0 0 0 0 80 0 0 0 0 0 0 0 0 110 0 0 0 0 0 0 0 50 
0 0 110 0 0 0 0 0 0 0 0 0 0 60 0 0 0 0 0 0 130 0 150 0 0 120 140 0 0 0 
0 0 0 70 50 0 0 0 0 0 0 80 0 100 0 0 0 0 0 0 150 0 0 0 0 0 0 0 0 0 
0 0 0 0 0 0 0 140 150 0 0 0 0 0 0 0 0 0 0 0 0 0 0 0 150 0 0 0 110 0 
140 0 140 0 0 130 0 0 0 0 0 150 0 0 130 0 0 0 70 0 0 50 0 0 0 0 0 0 0 50 
0 0 0 0 150 0 0 0 0 0 90 140 0 90 0 0 0 0 100 0 120 0 0 0 0 70 0 0 0 100 
0 0 0 0 0 0 0 100 0 0 0 0 0 0 0 60 0 0 0 0 0 0 0 0 0 0 0 0 0 0 
0 0 0 0 0 0 110 0 0 0 0 0 0 0 0 0 0 0 0 0 0 0 130 0 0 0 0 0 0 0 
0 0 100 0 0 0 0 0 0 0 0 0 0 0 0 50 0 0 150 0 0 0 0 50 0 0 0 140 0 130 
120 150 0 0 0 0 0 0 0 0 0 0 0 0 0 0 0 0 110 0 0 0 100 0 0 100 0 110 0 0 
0 120 0 0 60 0 0 0 0 0 90 110 100 0 0 80 0 0 0 0 0 0 0 0 0 0 0 0 0 0 
0 0 0 0 0 0 0 0 0 0 0 0 0 0 0 0 0 0 0 0 0 70 0 0 110 0 0 0 0 0 
0 0 0 0 0 0 0 90 0 0 0 0 0 0 0 0 70 0 0 0 90 0 0 50 0 0 0 0 90 0 
0 0 0 0 90 120 0 0 0 0 0 150 0 0 50 0 0 0 0 0 0 60 0 0 0 0 0 0 0 0 
0 0 0 0 0 0 0 0 100 0 90 0 0 0 0 0 0 0 0 0 0 0 0 60 0 0 0 120 0 0 
0 0 0 110 0 0 0 0 50 0 0 0 0 0 0 0 120 0 100 0 0 0 0 50 0 0 0 120 50 0 
0 110 0 0 0 0 60 0 0 0 0 0 0 0 0 100 0 0 0 0 0 0 60 0 0 50 0 0 70 0 
110 0 0 100 0 90 0 0 0 0 140 0 0 0 110 0 0 0 0 0 0 0 0 80 130 0 0 0 0 0 
0 0 130 140 0 0 70 0 0 0 0 0 0 0 0 0 0 0 0 0 0 0 0 0 0 0 0 0 0 0 
0 0 0 0 0 0 0 0 0 0 70 0 0 0 0 0 0 0 0 60 0 0 0 0 0 0 0 0 0 0 
90 0 80 0 0 0 0 0 0 0 0 0 0 0 0 0 0 0 0 0 0 0 0 0 0 0 60 0 0 0 
0 100 0 0 0 0 0 0 0 0 0 0 0 0 0 0 0 0 70 0 0 0 0 0 0 0 0 0 0 0 
0 0 0 0 90 150 0 0 0 0 100 0 140 0 0 0 0 0 0 0 0 0 0 0 0 0 0 100 0 0 
0 0 130 0 0 0 100 0 0 0 0 0 90 100 0 0 0 0 0 0 0 0 0 0 0 0 90 0 90 0 
0 0 0 0 0 0 0 0 0 0 0 0 100 0 0 0 0 0 0 0 100 0 0 0 0 0 0 0 0 0 
0 0 50 0 0 0 0 0 0 0 0 0 0 140 0 0 150 0 0 0 0 0 150 0 0 0 0 0 70 60 
0 0 0 0 0 0 0 150 50 0 0 0 0 0 0 0 0 0 0 0 0 0 0 0 100 0 50 0 0 50 
60 0 0 0 0 0 0 0 0 0 60 0 0 0 0 150 0 0 0 0 140 0 70 0 80 0 80 0 0 0 
0 0 0 0 0 0 0 0 0 100 0 0 0 0 0 0 80 0 0 0 0 80 0 0 0 0 0 0 0 0 
0 0 0 80 0 80 0 0 0 110 0 0 0 0 0 0 0 0 0 0 80 0 0 0 0 50 0 100 0 0 
0 0 0 0 0 0 0 70 0 0 0 0 0 140 0 0 0 0 0 80 80 0 0 0 0 0 0 0 0 0 
0 0 0 0 0 110 0 0 80 0 0 0 0 0 150 0 0 0 0 0 110 0 0 0 0 0 140 0 100 0 
0 0 0 0 0 0 0 0 80 0 0 0 0 80 0 0 120 0 0 140 0 0 70 0 0 110 0 0 70 120 
0 0 0 0 0 0 0 0 0 0 0 0 90 0 130 0 0 0 0 150 0 0 0 0 0 0 0 120 0 0 
0 0 0 150 0 0 0 0 0 0 0 0 0 0 0 0 0 0 0 0 0 0 0 0 0 120 0 0 0 0 
0 0 150 110 0 0 0 0 0 120 0 0 130 0 0 0 0 0 0 0 0 0 0 0 0 0 0 0 0 0 
0 50 130 0 100 0 0 0 0 0 0 0 0 0 130 0 0 0 0 0 0 70 0 110 150 0 0 0 0 0 
0 0 0 0 120 90 0 0 0 0 0 0 0 0 0 0 0 0 0 90 0 0 0 0 0 0 0 0 0 0 
0 0 0 0 0 0 50 0 0 0 0 0 120 0 0 100 0 0 0 0 0 0 0 0 0 0 0 0 0 0 
0 0 0 0 0 0 0 0 0 0 0 60 0 80 0 80 0 100 90 0 0 150 0 110 0 0 0 0 0 0 
0 100 0 120 110 0 0 0 0 0 0 80 0 0 0 0 0 0 0 0 0 140 0 70 0 0 0 0 0 0 
0 0 0 0 0 120 0 50 50 0 0 0 0 0 0 0 0 140 0 0 0 0 0 0 0 0 0 0 0 100 
0 0 0 0 0 0 0 0 0 0 0 0 90 0 0 80 0 0 0 0 110 0 0 60 0 0 0 0 0 110 
0 0 0 0 150 130 0 0 0 0 0 90 0 90 0 0 0 0 0 0 0 0 0 0 0 130 0 140 70 0 
0 0 0 0 0 0 0 0 0 0 0 0 130 0 0 0 0 0 150 0 60 0 0 0 0 0 0 0 0 0 
0 0 0 0 0 0 90 90 120 0 0 0 0 0 50 0 0 120 0 0 0 0 0 0 0 0 120 0 70 0 
0 80 0 0 0 0 0 0 0 0 0 0 130 60 0 0 0 0 0 0 0 0 0 0 150 130 0 0 0 0 
0 120 0 0 0 130 0 90 0 110 0 0 0 150 0 0 110 0 0 0 0 80 0 80 0 0 0 0 0 0 
0 0 50 130 0 0 70 0 0 0 0 0 0 0 0 0 0 0 0 0 0 140 0 0 0 0 0 0 0 0 
0 60 0 0 0 0 0 100 0 0 0 0 0 150 0 140 0 130 0 0 0 0 0 70 0 0 50 0 0 0 
80 0 0 0 0 0 60 0 0 0 0 0 0 80 0 0 0 0 80 0 0 0 0 0 0 0 0 0 0 70 
0 0 60 0 0 150 0 0 0 120 0 0 0 60 0 60 0 0 0 0 0 0 0 0 0 0 0 0 0 0 
0 0 0 0 0 0 0 0 110 0 0 0 140 0 0 0 0 0 0 0 0 0 70 0 0 0 0 0 0 0 
0 0 0 0 0 0 0 0 150 0 130 0 0 0 110 0 0 0 0 0 0 110 0 0 0 0 0 0 0 0 
0 50 0 80 0 0 0 150 0 0 0 100 0 0 0 0 0 0 130 0 0 70 0 0 80 0 0 70 0 0 
60 0 0 0 0 0 0 0 0 0 0 0 90 0 0 0 0 70 100 0 0 0 0 0 0 0 0 90 0 0 
70 0 0 0 0 0 0 0 0 0 0 90 0 0 140 140 0 0 50 90 0 0 0 0 0 140 0 0 150 0 
0 0 0 0 0 0 0 0 0 0 0 0 0 0 90 80 0 0 0 0 0 100 0 0 0 0 0 0 80 0 
0 0 0 0 110 0 60 0 0 0 0 0 0 0 150 0 0 0 0 0 0 0 0 70 0 0 0 0 0 110 
0 0 0 50 110 0 0 0 0 0 0 0 0 0 110 70 0 0 0 0 0 0 0 0 0 0 0 0 0 0 
0 0 0 110 0 0 0 0 130 0 70 0 0 0 0 0 0 0 0 0 0 100 0 0 90 0 0 0 0 0 
0 0 70 0 0 0 0 60 0 0 0 50 0 130 0 0 0 0 110 0 0 0 0 140 0 150 0 0 0 0 
100 80 0 0 0 0 0 120 0 0 0 0 0 0 0 0 0 0 0 0 0 0 0 0 0 0 0 0 0 0 
0 140 0 110 0 0 130 140 0 0 0 0 90 0 0 0 0 0 130 0 0 0 0 0 60 0 0 0 0 0 
70 0 0 0 0 0 0 0 0 0 0 100 100 0 100 0 0 0 0 50 0 80 0 0 0 0 100 0 0 60 
0 0 140 0 0 100 0 0 0 0 120 0 70 0 0 0 0 0 0 0 0 0 0 0 0 0 0 0 0 0 
0 0 0 0 0 0 0 0 0 0 0 0 0 0 0 0 0 0 0 0 0 0 0 0 80 150 0 0 0 0 
0 0 0 0 0 0 0 0 80 0 0 0 0 0 140 0 0 70 0 100 60 0 70 90 0 0 70 0 0 0 
150 0 100 100 0 0 120 0 0 0 0 0 0 0 0 0 0 0 0 0 0 150 0 110 0 0 0 80 80 0 
0 0 0 110 0 70 0 0 0 0 0 0 0 0 0 110 150 0 0 0 0 0 0 0 0 0 0 0 0 0 
0 90 150 0 0 0 130 0 0 0 0 0 0 130 0 110 0 0 0 0 80 0 0 0 0 0 0 0 0 0 
0 0 70 0 0 140 0 0 0 0 0 0 130 100 0 120 0 0 0 0 0 0 0 0 110 0 0 0 0 0 
0 110 0 0 0 0 0 0 0 0 110 110 140 0 0 0 0 0 0 0 0 0 90 0 0 0 70 80 0 0 
0 0 0 0 0 0 0 0 0 120 60 0 0 0 0 0 0 150 0 0 70 70 0 150 0 0 140 60 0 0 
0 0 0 0 0 0 0 0 0 0 0 50 0 0 0 0 0 0 0 0 0 0 0 0 0 0 0 0 50 0 
0 0 0 50 0 0 0 0 0 120 0 0 0 0 0 0 0 0 60 0 0 0 0 150 0 0 0 0 0 0 
0 110 0 0 0 60 0 120 0 0 130 0 0 0 0 0 0 70 0 0 70 0 0 0 60 0 0 0 0 0 
0 0 0 0 0 50 0 0 0 0 0 0 0 90 0 0 130 0 0 0 0 0 0 0 0 120 0 0 0 0 
0 130 0 0 0 0 0 0 0 0 0 0 0 0 0 0 0 0 0 0 0 0 0 0 0 0 0 0 150 150 
0 150 0 0 0 0 0 0 0 0 0 0 0 90 0 0 0 0 0 0 0 0 0 0 0 0 0 0 0 0 
0 0 0 0 0 0 0 0 0 80 0 0 0 0 0 0 0 0 0 90 140 0 0 0 0 0 0 0 0 0 
140 0 0 0 50 0 0 0 0 0 0 0 0 0 0 0 0 0 0 0 0 0 0 0 0 0 120 0 0 0 
0 0 150 120 0 0 0 0 0 0 0 0 0 0 0 0 110 0 0 0 0 0 0 0 110 80 0 90 0 0 
0 0 0 0 0 0 0 120 0 130 0 100 120 0 0 0 0 0 80 0 0 0 0 0 0 0 0 0 0 80 
0 60 0 0 0 0 0 0 0 0 0 0 60 0 0 0 0 0 0 0 0 0 120 0 0 0 0 0 0 0 
0 0 0 0 0 0 0 0 70 0 0 0 0 0 0 0 0 0 0 0 0 0 110 0 0 0 60 0 0 0 
0 0 0 140 0 0 0 120 0 0 0 0 0 0 130 0 0 0 0 0 0 0 0 0 70 0 0 0 0 0 
0 0 0 0 0 0 0 0 0 0 0 0 0 0 0 60 0 0 0 130 0 0 0 0 0 0 0 0 0 0 
80 150 0 0 0 0 0 0 0 0 0 0 0 0 0 50 0 0 0 0 0 0 0 0 0 0 0 0 0 0 
0 90 150 0 0 0 0 0 0 0 0 0 0 0 0 0 0 0 0 0 0 0 0 0 0 0 0 0 0 0 
120 0 0 0 0 70 0 0 150 0 0 110 0 0 120 0 0 140 90 0 0 0 0 0 0 0 140 0 0 0 
0 0 0 0 0 0 0 0 0 0 0 0 0 0 100 0 0 0 110 0 0 0 0 0 100 0 0 0 50 130 
0 60 0 0 0 0 0 130 0 80 0 0 0 0 0 0 0 0 0 50 0 0 0 80 0 0 0 0 0 0 
0 80 0 0 0 0 0 0 0 0 0 0 130 0 0 90 0 0 130 0 0 0 0 130 0 0 0 0 0 0 
0 0 0 60 0 0 0 0 0 0 0 0 100 0 0 0 0 0 0 90 0 0 60 0 0 0 0 0 0 0 
0 0 0 0 0 150 0 0 0 0 110 0 0 0 140 0 0 0 0 140 70 0 0 110 0 0 0 0 0 0 
0 0 0 60 0 0 0 70 0 0 0 0 120 60 0 0 0 0 80 0 0 0 0 0 0 0 150 0 0 130 
120 0 0 0 0 50 0 0 0 0 130 0 150 60 0 0 0 0 0 150 120 0 0 0 100 0 0 0 0 0 
0 0 150 0 130 50 0 0 0 0 0 0 0 0 0 0 0 0 0 0 0 0 0 0 0 0 0 0 130 0 
80 0 0 0 0 0 0 80 110 80 0 0 0 0 0 0 0 0 0 0 110 0 0 0 0 0 0 0 0 0 
0 0 0 0 0 0 0 0 0 0 0 0 0 0 0 0 0 0 0 0 80 0 0 0 0 0 0 0 0 120 
0 0 0 0 0 0 0 0 0 0 0 0 150 0 0 0 0 0 0 0 0 0 0 0 0 0 100 0 0 0 
0 0 0 90 0 0 0 120 0 60 0 0 70 140 0 0 0 0 110 0 0 0 0 0 0 80 0 0 0 110 
140 0 50 0 0 0 80 0 100 0 0 0 0 0 0 0 0 120 0 0 0 0 0 60 0 150 0 0 0 0 
0 0 0 0 0 0 0 0 0 0 0 0 0 0 0 0 0 100 0 140 0 0 0 140 0 0 0 0 0 0 
0 0 0 0 0 0 0 0 0 0 0 0 0 0 0 0 0 0 0 0 0 0 0 150 0 0 80 0 0 0 
0 130 90 80 0 0 0 0 0 60 100 110 0 0 0 0 0 0 0 0 0 0 0 0 0 0 0 0 0 0 
0 0 0 0 0 0 0 130 0 150 50 80 0 0 0 0 0 0 0 0 0 0 0 0 0 0 60 0 0 0 
90 110 0 0 130 0 0 0 130 130 0 0 0 0 0 0 0 0 70 0 0 0 0 0 0 130 100 0 0 0 
0 0 0 0 0 0 0 0 0 0 0 0 110 0 0 70 0 0 0 0 0 130 0 100 0 0 0 0 0 0 
0 140 0 0 0 0 0 0 120 0 0 60 0 0 0 0 0 50 0 0 0 0 0 0 110 0 0 0 0 0 
0 70 0 0 0 60 0 0 0 0 0 0 0 100 0 0 100 110 0 0 0 0 0 90 0 0 0 0 0 0 
0 0 0 0 150 0 0 0 0 100 0 0 0 0 0 150 0 130 120 0 50 130 0 150 0 0 0 0 0 0 
0 0 0 150 0 0 0 110 0 0 0 0 0 0 90 0 0 0 140 0 0 120 0 0 0 0 90 0 70 0 
0 0 0 0 0 0 0 0 110 0 0 0 0 0 0 0 0 0 0 0 0 0 100 0 0 0 120 0 110 0 
0 0 100 0 0 0 0 70 0 0 0 0 0 0 0 0 0 110 0 0 0 0 0 0 0 0 0 0 0 0 
0 0 0 0 0 0 0 0 0 0 0 0 0 0 0 0 100 0 0 0 0 0 90 0 0 0 150 0 0 0 
0 0 110 0 120 0 120 0 0 0 130 0 0 0 0 0 0 0 50 140 110 140 0 0 0 0 0 0 0 0 
0 0 0 0 50 0 0 0 0 0 0 130 0 0 0 120 100 0 0 0 0 0 0 0 0 0 0 0 0 0 
130 0 0 0 0 0 0 0 120 0 140 0 0 50 0 0 0 0 0 0 0 70 60 0 0 0 0 80 0 0 
110 0 0 0 0 140 0 0 0 0 0 0 140 0 120 0 50 0 0 0 0 0 0 0 0 0 0 0 50 60 
0 0 0 60 0 0 0 0 120 0 130 0 0 0 0 0 110 0 0 0 80 80 100 0 60 0 0 0 0 0 
0 0 0 0 0 0 0 0 0 100 0 0 0 0 0 0 0 0 70 0 60 0 0 60 0 0 70 0 100 60 
0 0 0 0 0 0 0 0 0 150 0 0 0 0 0 0 0 0 0 0 90 0 0 0 0 0 0 0 0 0 
140 0 130 0 0 0 0 0 0 120 0 0 0 150 0 0 0 60 120 150 0 0 0 0 0 0 0 0 0 0 
150 0 0 0 0 0 0 0 0 130 0 0 0 0 0 0 0 0 0 0 0 0 0 0 0 0 0 0 0 0 
0 0 0 0 0 0 100 0 50 0 0 60 0 150 0 0 0 80 0 0 0 90 0 50 0 0 0 0 0 0 
0 90 0 0 0 0 0 0 60 0 0 0 120 0 0 0 0 0 0 100 0 0 0 70 0 0 0 0 0 0 
0 0 0 0 0 0 0 0 0 0 0 80 0 0 110 0 0 0 70 0 0 0 0 0 140 0 0 0 0 0 
60 0 90 140 0 0 0 130 70 0 0 0 110 0 0 0 0 0 0 90 0 0 0 0 0 70 0 0 0 0 
0 0 100 60 0 0 0 140 0 0 0 0 0 60 0 0 0 130 0 0 90 70 0 0 0 0 80 0 0 0 
0 0 0 0 0 0 0 0 0 0 0 0 100 90 0 0 0 0 140 0 0 0 130 0 0 0 0 0 0 120 
0 0 0 0 0 0 0 0 0 110 0 120 0 60 0 0 0 70 0 0 0 150 0 100 0 0 0 80 0 0 
0 0 0 0 0 110 0 80 120 130 0 0 0 0 0 0 0 130 0 0 0 0 0 0 0 60 0 0 140 0 
70 130 0 0 0 0 0 0 0 0 0 90 0 0 70 0 0 0 110 0 0 130 50 0 0 0 0 0 0 0 
0 0 0 0 0 130 0 0 0 0 0 0 50 0 0 0 0 130 0 0 0 0 0 0 0 0 0 0 0 0 
0 0 0 0 0 0 0 0 0 60 0 70 0 0 0 0 0 130 0 0 0 0 0 90 0 0 0 0 0 0 
0 0 0 0 0 0 0 0 0 0 120 0 0 0 0 0 0 100 0 90 0 0 0 80 0 0 0 0 0 0 
0 0 0 0 0 0 140 0 0 0 100 0 0 0 0 0 0 0 0 0 0 0 0 0 0 0 0 0 0 0 
0 0 0 0 0 0 0 0 0 80 0 0 0 0 0 0 0 0 0 0 0 110 0 0 0 0 0 0 0 0 
0 0 0 0 0 0 0 0 80 80 0 0 0 0 0 0 0 0 0 0 60 0 0 0 60 0 0 150 60 0 
0 0 0 0 0 80 0 0 0 0 0 0 0 0 0 0 0 0 110 0 0 0 0 0 0 0 0 0 0 0 
0 0 0 0 0 0 0 0 120 0 80 0 0 0 0 0 0 80 0 120 0 0 0 0 0 0 0 0 70 0 
0 0 0 0 0 0 0 0 0 0 0 0 50 0 0 0 0 0 0 0 0 50 0 0 0 0 0 0 0 0 
0 0 0 0 0 0 0 0 0 150 0 0 0 0 0 0 0 0 0 0 0 0 0 0 80 60 0 100 80 0 
0 0 0 0 0 0 0 0 0 0 0 0 0 0 0 0 120 0 0 0 0 0 0 0 0 110 0 0 0 0 
0 0 0 0 0 0 0 0 0 0 0 100 0 0 70 0 0 0 0 0 0 0 0 140 140 0 0 0 0 0 
0 0 0 0 0 0 0 60 0 50 0 0 0 0 70 0 0 150 0 0 0 100 0 0 0 0 0 0 0 0 
0 0 0 60 0 80 0 0 60 0 0 0 0 0 0 70 0 150 0 0 0 0 0 90 0 130 0 0 0 0 
50 0 0 0 0 0 0 110 0 0 60 0 0 80 0 0 0 90 0 150 0 130 0 0 0 0 0 0 0 0 
60 0 120 0 0 0 60 0 0 0 0 0 0 70 0 0 0 0 0 110 0 0 120 120 0 0 0 0 0 0 
0 0 0 0 0 0 0 0 0 0 120 0 120 0 80 0 0 0 0 0 0 0 0 0 0 0 50 0 50 0 
0 0 0 0 0 0 0 0 0 60 0 110 50 0 0 0 110 0 0 0 150 0 0 50 0 0 0 0 0 0 
60 0 0 0 100 0 0 0 50 0 0 0 0 0 80 0 0 0 0 0 0 0 0 0 140 150 0 0 0 50 
0 120 0 0 0 0 0 0 0 0 0 0 0 100 0 0 0 0 0 0 0 0 0 0 0 0 0 150 0 0 
60 0 50 0 0 80 0 0 0 0 0 0 0 0 150 0 130 0 0 0 0 0 0 0 0 0 0 0 50 0 
0 0 0 0 0 0 0 0 0 0 0 110 0 0 0 0 0 0 150 0 0 140 0 0 0 0 0 130 0 0 
50 0 0 0 0 100 0 150 0 0 0 140 0 0 0 50 0 0 0 130 0 0 0 0 0 0 0 0 0 0 
0 0 100 0 0 50 110 0 0 0 0 0 0 0 50 70 0 50 0 0 90 0 0 0 110 0 0 0 0 0 
0 0 0 0 0 0 0 0 0 0 0 0 110 80 0 50 0 0 0 0 0 0 0 0 0 0 0 0 50 0 
0 0 0 0 0 110 0 0 0 0 0 110 0 0 0 0 80 0 100 0 0 0 0 0 0 140 150 0 0 0 
100 150 150 0 0 110 0 0 0 0 0 0 0 0 0 150 0 0 0 90 0 0 0 0 130 0 0 150 0 0 
120 0 0 0 80 110 0 0 0 0 0 0 0 0 0 0 0 0 0 0 0 0 0 0 0 0 100 0 0 0 
0 0 60 0 0 90 0 0 0 0 0 0 0 0 140 0 0 0 70 100 0 0 0 0 0 80 0 0 0 0 
0 70 0 50 0 0 0 0 0 0 0 0 0 0 0 0 0 0 50 0 0 0 0 0 0 0 0 0 0 0 
0 0 0 0 0 0 0 0 0 0 90 0 0 0 0 0 0 0 0 0 0 0 0 0 0 0 0 60 0 0 
0 0 0 0 50 50 0 0 0 80 0 50 0 130 0 0 0 0 0 0 0 140 0 0 0 0 60 0 0 150 
0 0 0 130 0 0 0 0 0 0 0 0 0 0 0 0 0 0 0 0 60 0 0 0 120 130 0 0 0 0 
0 0 50 0 0 0 0 0 0 0 110 0 0 0 0 80 0 0 0 0 140 0 0 0 0 0 0 0 0 0 
0 0 90 0 0 0 0 0 0 0 0 0 0 120 0 0 0 0 50 70 0 0 0 0 0 50 0 0 0 0 
0 0 0 0 0 0 0 0 0 0 0 0 0 0 0 90 0 0 0 0 140 0 0 0 0 0 0 0 0 0 
0 0 0 0 0 130 0 0 140 130 0 0 0 0 0 0 0 60 0 0 0 130 130 0 0 0 0 0 130 80 
0 0 0 0 0 110 0 0 0 0 0 0 0 90 0 0 0 0 0 60 0 50 0 0 0 0 0 0 0 140 
0 140 0 0 0 0 110 0 100 0 0 0 130 0 0 0 0 0 0 0 0 0 0 0 50 0 0 0 0 100 
0 0 0 0 0 0 0 0 0 0 130 0 0 0 50 0 0 0 90 110 0 0 0 0 60 0 0 0 110 0 
0 0 0 0 0 0 140 0 0 0 0 0 0 0 0 50 0 0 0 0 0 0 0 0 0 0 0 0 0 100 
0 0 0 0 0 0 0 0 0 150 70 0 0 140 0 0 0 0 0 0 120 0 0 0 0 60 0 140 0 0 
0 70 0 0 0 0 0 0 0 0 0 0 0 0 0 0 0 0 0 0 110 60 150 0 0 150 150 0 0 0 
0 0 120 0 0 0 0 0 0 0 60 0 0 130 140 0 0 0 0 140 0 0 0 0 0 100 0 0 120 0 
0 0 0 0 50 0 0 0 0 0 50 0 0 0 0 130 0 0 0 0 0 0 0 0 0 140 0 130 0 0 
0 0 0 0 0 0 0 0 130 0 0 0 0 0 0 0 0 130 0 0 100 0 0 0 0 60 0 0 0 0 
0 0 0 0 0 90 0 0 0 0 0 0 0 0 0 50 0 80 0 0 0 0 150 0 0 0 0 0 0 0 
0 0 0 130 0 0 120 0 0 0 0 0 0 0 140 0 70 0 140 140 0 0 0 0 70 0 0 0 0 0 
0 0 0 0 0 0 0 0 140 0 0 0 0 0 0 0 0 0 0 130 0 0 0 0 0 0 0 0 110 0 
0 0 0 0 0 0 0 0 80 0 0 0 110 0 0 60 0 0 140 0 0 80 0 50 0 150 0 90 0 0 
0 0 0 0 50 0 0 0 100 0 70 0 0 0 0 0 90 0 0 0 0 0 0 120 0 0 0 0 0 0 
150 0 0 0 0 0 0 0 0 0 0 0 0 0 0 60 0 0 0 0 0 0 0 0 0 0 130 0 0 0 
0 0 0 0 0 60 0 0 0 0 0 0 0 140 0 0 0 0 0 0 0 0 0 0 0 0 0 0 120 0 
0 0 0 0 50 0 0 130 0 0 0 0 0 0 0 0 0 0 130 0 0 0 0 0 100 0 0 0 0 80 
0 0 0 0 0 0 0 0 0 0 0 0 0 0 0 0 0 60 0 90 0 0 0 0 0 0 90 0 0 0 
0 0 0 0 0 100 0 0 100 0 0 130 0 0 0 0 150 130 70 0 0 100 0 0 0 0 0 0 90 0 
80 0 0 0 0 0 0 0 0 0 0 130 0 90 0 0 0 0 0 0 0 0 0 0 130 0 0 0 0 0 
0 0 0 0 0 0 0 0 0 0 0 0 0 0 130 0 0 0 0 0 0 0 0 0 0 0 150 60 0 0 
80 0 0 0 150 0 60 0 0 0 0 0 0 0 120 0 0 0 0 0 0 0 0 0 0 0 0 0 0 0 
0 0 0 0 0 0 0 0 0 0 0 0 0 0 0 0 100 0 0 0 80 0 60 80 0 0 0 130 0 0 
0 0 120 0 0 0 60 100 80 0 0 110 0 0 110 0 0 0 120 0 0 0 0 0 0 0 0 0 0 0 
0 0 50 0 0 0 0 0 0 0 60 0 0 100 0 120 60 0 0 0 0 0 0 0 0 130 150 0 0 0 
150 0 0 0 0 120 110 0 0 0 0 0 0 0 0 0 0 0 0 0 0 0 90 0 0 0 0 0 0 130 
60 0 0 0 0 0 0 0 150 0 0 0 0 0 0 0 0 0 0 80 0 70 0 0 0 0 0 0 0 0 
0 100 0 0 0 0 80 0 0 0 0 0 130 140 0 0 0 0 0 0 0 0 0 0 0 70 0 0 110 0 
0 130 140 60 0 90 80 0 0 0 0 130 0 0 0 0 0 130 0 0 0 0 0 0 0 0 0 0 0 0 
0 90 140 0 0 0 0 0 0 0 150 0 0 50 0 0 0 130 0 140 130 0 0 0 0 0 0 0 130 0 
0 0 0 0 0 0 0 0 0 0 0 0 80 0 0 0 50 0 0 0 0 0 90 0 0 130 0 0 0 0 
0 0 0 0 70 0 0 0 0 0 110 0 0 0 0 0 0 0 0 0 0 0 0 0 0 0 0 0 0 0 
0 0 0 0 0 110 0 0 90 0 0 0 60 0 90 0 0 0 0 100 100 0 0 110 0 80 0 0 0 0 
0 0 0 0 0 0 0 0 100 0 0 60 0 50 0 110 0 150 0 0 130 70 0 0 0 0 0 90 0 0 
150 0 0 0 0 0 0 0 0 0 0 100 0 0 0 0 0 0 0 70 0 0 0 0 0 0 0 0 140 0 
0 120 0 0 0 0 0 120 0 0 0 150 0 110 0 0 0 110 0 100 0 0 130 0 0 0 0 0 0 0 
0 0 0 120 0 0 50 0 70 0 0 0 0 0 0 0 0 0 0 60 0 110 50 0 0 110 0 0 0 90 
0 0 0 0 0 0 0 0 0 0 0 0 0 0 0 0 0 0 60 120 0 0 0 0 0 50 0 0 0 0 
0 0 0 0 110 0 0 0 0 0 0 0 0 0 0 70 100 0 0 0 0 0 90 0 0 0 60 0 70 0 
0 0 0 0 0 0 0 0 0 0 0 0 0 0 0 0 140 0 0 0 0 0 60 0 0 0 0 0 0 0 
0 0 0 0 0 0 0 0 0 0 0 0 0 0 50 0 0 0 0 0 0 0 0 0 0 0 0 0 120 0 
0 130 0 0 0 0 0 0 0 0 0 0 0 0 0 0 0 0 150 120 0 0 0 0 0 0 60 0 0 0 
0 0 0 0 0 0 0 0 0 0 0 0 0 0 0 140 0 0 110 0 0 0 0 0 0 50 0 0 0 0 
0 0 120 0 0 0 130 0 0 0 0 0 0 0 0 0 0 0 0 0 0 0 0 100 0 0 50 0 0 0 
0 0 60 0 0 0 0 50 0 50 0 0 0 0 0 0 0 150 60 0 0 0 0 0 0 0 0 130 0 70 
0 0 100 0 0 0 0 0 0 0 60 0 110 0 0 0 60 70 0 70 0 130 0 0 0 0 0 0 0 0 
0 0 0 0 90 0 0 0 130 0 0 0 0 50 90 140 0 0 0 0 0 0 100 0 0 80 90 0 0 0 
150 0 0 0 0 0 0 0 0 0 0 0 0 0 0 90 0 0 0 0 0 0 0 0 150 0 0 0 0 0 
110 0 0 60 0 50 0 0 0 90 140 0 0 0 0 0 0 0 0 0 110 0 0 0 0 0 0 0 60 0 
0 0 0 50 0 0 0 120 0 0 0 0 130 0 0 0 0 0 0 120 0 100 0 0 120 0 0 0 60 0 
0 0 0 0 0 0 110 0 0 0 140 0 0 150 60 0 0 0 0 80 0 0 80 140 0 0 0 0 150 0 
0 0 0 0 0 0 0 0 0 0 0 0 100 130 0 0 0 0 0 0 60 0 0 0 0 0 70 0 0 0 
0 0 0 0 0 0 70 0 0 0 0 0 90 0 0 0 0 0 0 0 0 0 0 0 0 50 0 0 0 0 
0 60 0 0 0 70 0 0 0 0 0 0 80 0 0 0 0 0 0 0 150 0 0 0 60 0 120 130 130 0 
0 0 0 0 0 0 0 0 0 70 0 0 0 0 0 0 0 0 0 0 0 0 90 0 0 0 0 0 0 0 
0 70 0 0 0 0 0 0 0 0 0 90 0 0 0 60 0 0 0 0 0 0 0 0 0 0 0 0 0 0 
0 0 0 0 0 0 0 0 90 0 0 0 0 0 0 0 110 0 0 0 0 0 0 0 0 0 0 0 0 0 
0 0 0 0 0 0 0 0 0 0 0 0 0 0 0 0 0 0 0 0 0 0 0 0 0 110 0 0 0 50 
140 0 0 0 0 0 0 0 140 0 0 90 0 0 150 0 0 0 0 0 0 0 0 130 0 0 0 0 0 0 
0 0 0 0 0 0 0 0 0 0 0 0 110 0 0 0 0 0 80 0 0 0 100 0 70 80 0 0 0 0 
0 0 0 70 0 0 0 130 0 0 110 0 100 0 60 50 0 0 0 0 0 0 0 0 80 0 0 0 0 0 
0 0 0 0 0 0 0 100 0 70 0 0 0 0 100 100 0 50 0 0 0 0 0 0 0 0 110 0 0 0 
0 0 110 0 0 110 0 0 0 0 0 0 0 90 140 0 0 0 0 100 100 0 80 0 0 0 0 0 0 0 
0 0 0 0 0 0 0 0 0 150 0 0 80 0 0 0 0 0 0 0 0 0 0 0 0 0 0 0 0 0 
90 0 0 0 0 0 0 0 0 70 140 0 0 0 0 70 0 0 0 80 80 80 0 110 0 0 0 0 0 0 
150 0 70 50 0 100 0 0 0 0 0 0 110 100 0 0 0 0 0 0 0 0 70 0 0 0 0 0 120 0 
0 0 0 0 150 0 0 0 0 0 50 0 0 0 0 0 0 0 0 0 0 0 150 0 0 0 0 0 0 90 
80 0 0 0 0 0 130 0 0 0 0 0 0 0 140 0 0 150 0 0 0 0 50 0 0 0 0 0 0 0 
120 0 0 70 0 0 140 0 0 0 0 0 0 0 0 0 0 110 0 0 0 0 120 0 0 60 0 0 120 0 
0 0 0 0 0 0 0 0 0 0 0 0 0 0 110 0 60 70 0 0 90 70 0 0 0 0 60 0 90 0 
0 0 60 0 0 140 0 0 0 0 90 0 0 100 0 0 0 0 0 0 80 0 0 0 0 0 0 0 80 80 
0 0 0 0 0 0 130 0 120 0 130 0 100 0 0 0 0 0 0 0 80 0 0 50 90 0 0 0 0 0 
0 90 0 0 100 0 0 0 120 0 0 0 0 100 0 0 0 0 100 0 0 0 0 0 0 80 0 0 0 0 
0 0 0 0 130 0 0 0 0 0 0 90 0 0 0 0 0 0 0 0 0 0 0 150 0 0 50 0 0 0 
0 0 0 0 0 0 0 140 0 0 120 0 0 110 0 0 0 0 0 50 0 0 0 0 0 0 0 0 0 0 
60 0 0 0 0 60 0 140 0 80 0 90 0 0 0 0 0 90 0 0 0 0 0 0 0 0 0 0 0 0 
50 0 0 0 0 0 120 0 0 0 0 0 0 0 0 0 110 0 0 0 0 0 100 0 0 0 0 0 0 120 
0 0 0 0 60 0 150 0 120 80 0 0 0 0 0 0 0 0 0 0 130 90 80 0 0 0 0 0 0 0 
0 0 120 0 0 0 0 0 0 150 0 0 0 0 0 0 0 0 0 0 70 0 0 0 0 0 0 0 0 0 
0 0 0 0 0 0 0 0 0 0 0 0 0 0 0 0 0 0 150 0 0 50 0 0 70 0 0 0 70 0 
0 90 0 0 0 0 0 0 0 0 0 0 140 0 0 0 0 70 0 0 0 0 0 0 0 0 0 130 0 0 
90 60 0 70 0 0 150 90 0 0 0 120 0 0 0 0 0 0 0 0 100 0 0 0 0 0 0 0 0 0 
0 0 0 0 140 0 120 60 0 0 100 0 0 0 0 0 150 0 0 0 0 0 0 120 0 0 0 0 0 0 
0 0 140 0 0 0 0 130 0 0 130 0 0 50 0 0 0 0 0 0 0 0 0 0 0 0 0 0 0 0 
0 0 0 0 0 130 80 120 0 0 90 0 0 0 80 0 0 0 120 0 0 0 0 0 0 0 0 0 0 0 
0 0 120 80 0 0 0 0 0 0 0 0 0 120 0 0 0 0 100 0 0 110 0 0 100 50 100 0 0 0 
0 0 0 100 0 0 0 100 0 0 0 0 0 0 0 0 0 0 0 0 0 0 0 0 0 0 0 0 0 0 
0 0 0 140 0 0 0 0 0 0 0 0 0 0 0 0 0 70 0 0 80 100 0 0 0 0 50 0 0 0 
0 0 0 150 0 0 0 0 0 0 0 0 0 0 0 0 0 0 0 0 0 0 0 0 150 80 0 0 0 0 
0 0 0 0 80 0 90 0 0 0 0 0 110 0 0 0 0 0 0 0 140 70 120 0 0 0 0 70 0 0 
0 70 0 0 0 0 0 0 150 0 0 0 70 0 0 140 0 140 0 0 0 0 140 0 0 0 0 0 0 0 
0 150 0 0 0 90 0 0 0 100 0 0 0 0 0 0 0 0 0 0 0 0 0 0 0 0 0 0 0 140 
0 0 0 0 110 0 120 0 0 0 0 0 0 0 0 0 0 0 0 0 0 0 60 0 0 0 0 0 0 0 
0 0 0 0 0 100 0 0 0 0 0 0 60 0 0 0 0 0 0 0 100 0 0 0 0 0 0 0 0 0 
0 0 0 0 0 0 0 90 0 0 140 80 0 0 0 60 110 140 0 0 0 0 0 0 0 0 0 0 80 80 
0 0 0 0 0 0 0 0 0 150 0 0 140 130 0 0 0 0 0 100 0 0 0 60 0 0 0 0 0 0 
0 0 0 80 0 0 70 0 0 0 0 0 120 0 0 0 0 0 100 0 0 0 0 70 0 0 0 0 0 0 
0 0 110 0 0 0 0 0 60 70 0 0 0 0 0 140 0 0 0 0 0 0 0 130 0 0 0 0 0 0 
140 0 0 0 0 0 0 0 0 140 0 140 0 0 80 120 0 70 0 140 130 0 0 0 0 0 0 0 0 0 
0 110 100 0 0 110 0 0 130 0 0 0 0 150 0 0 0 70 0 0 0 80 0 0 70 0 0 0 0 0 
0 120 0 0 0 0 100 0 0 0 0 0 0 0 0 0 0 0 0 0 0 0 0 0 0 0 0 0 0 0 
0 0 0 100 0 0 0 0 80 0 70 120 130 0 0 0 0 50 0 0 120 0 0 0 0 0 0 0 0 0 
0 0 0 0 60 0 0 130 0 0 0 0 0 0 0 90 90 0 0 0 0 0 0 0 0 0 0 0 0 0 
90 0 0 0 0 50 0 0 0 0 0 0 120 0 0 0 0 0 0 0 0 0 0 0 0 0 0 0 0 0 
0 0 0 0 0 80 0 0 110 0 0 0 150 0 50 0 0 0 0 140 110 0 0 0 0 0 0 0 0 0 
0 0 130 90 0 0 0 130 0 0 0 0 80 0 0 0 90 0 0 0 0 0 90 0 0 0 0 0 0 0 
0 0 0 0 0 0 0 0 0 0 0 0 0 0 0 0 0 0 0 0 0 0 0 0 0 0 0 100 60 0 
0 0 0 0 0 0 0 0 0 0 0 0 70 0 140 0 0 0 0 0 0 0 0 50 0 0 0 0 0 0 
0 130 0 0 0 0 0 60 110 0 0 0 0 100 0 0 0 50 0 0 0 0 110 0 0 0 140 0 90 0 
0 140 150 0 0 0 0 0 0 0 0 0 0 0 0 0 90 0 0 80 0 0 0 0 0 0 100 0 110 0 
0 120 60 0 110 0 0 0 0 0 0 50 0 0 0 0 80 140 0 0 0 0 140 0 0 0 60 0 0 0 
0 0 0 0 0 0 0 0 0 0 0 0 0 0 0 0 0 0 80 0 70 0 0 0 0 0 0 0 0 0 
0 0 0 0 0 0 70 0 0 0 60 0 140 0 0 0 100 50 0 0 120 0 0 0 0 0 0 0 0 0 
0 0 0 130 0 0 0 0 90 0 0 0 0 0 110 0 0 0 110 0 0 0 0 130 0 0 0 0 0 0 
0 0 0 0 0 0 0 150 50 0 140 0 0 0 0 0 0 0 140 0 0 0 0 0 0 0 60 120 0 0 
0 110 0 0 0 0 0 0 0 0 0 0 0 130 0 0 0 130 0 0 0 0 0 0 90 0 0 0 0 0 
0 0 0 70 0 0 100 0 0 0 140 0 130 50 120 0 0 0 0 0 0 0 0 0 0 0 0 140 0 80 
50 0 0 70 50 0 0 0 0 50 0 70 0 0 0 0 0 140 0 0 0 0 0 0 0 90 0 0 0 0 
0 0 0 120 0 60 0 0 0 0 140 0 0 100 0 0 0 0 50 0 0 0 0 0 0 0 0 0 50 0 
90 0 0 0 100 0 0 0 0 0 0 0 0 0 0 0 0 0 130 0 0 0 0 0 0 0 0 0 0 0 
0 0 0 0 50 0 140 100 0 100 0 140 0 0 0 0 130 0 0 0 0 0 0 120 0 0 0 0 0 0 
0 0 100 0 0 80 0 0 0 0 0 0 0 0 100 0 0 0 0 0 0 0 0 60 0 0 0 0 0 0 
0 0 0 0 0 0 0 100 0 0 60 130 0 50 150 0 140 0 0 0 150 0 0 0 0 0 0 0 0 90 
0 0 130 0 0 0 0 0 0 0 0 0 0 120 130 0 0 0 0 0 0 0 0 0 0 0 0 0 0 0 
0 0 0 0 0 0 0 0 0 60 0 0 0 0 0 60 0 0 140 0 0 130 0 0 50 0 0 0 0 0 
0 140 0 120 0 0 0 50 0 0 0 0 150 0 0 0 0 0 0 0 0 0 0 0 0 0 100 0 0 0 
0 0 0 0 100 70 0 130 0 140 60 0 0 0 0 0 0 0 0 0 0 0 0 0 0 0 50 0 0 0 
0 0 70 0 0 0 0 0 0 0 0 0 0 0 0 0 0 0 0 130 0 0 150 140 80 0 150 0 0 0 
0 0 0 0 70 0 110 0 0 100 0 0 150 0 0 0 0 0 0 0 0 0 0 0 0 0 0 0 0 120 
0 120 0 0 0 0 110 0 0 0 0 140 0 0 0 0 0 150 60 0 0 0 0 0 0 0 0 0 0 0 
0 70 130 150 0 0 0 0 0 0 0 0 0 0 0 0 150 0 0 0 0 0 0 0 0 0 0 0 70 70 
60 0 0 0 0 0 0 0 0 0 0 0 0 0 0 0 0 0 80 0 0 80 150 140 0 0 0 0 0 110 
0 80 0 90 0 0 0 90 0 50 0 0 0 0 0 0 0 0 0 0 0 0 0 120 140 110 90 0 0 0 
0 0 0 0 0 0 0 0 60 0 0 0 130 0 100 0 0 0 0 0 0 0 0 0 0 0 0 0 0 70 
0 0 0 0 0 0 0 0 0 0 0 0 110 0 0 0 0 50 0 80 50 0 110 0 0 0 0 70 0 0 
0 0 110 0 0 0 0 0 0 0 0 0 0 0 0 140 0 0 0 0 0 0 0 0 0 0 0 0 0 0 
0 0 140 0 0 80 0 0 0 0 0 0 0 0 0 0 0 0 0 0 0 0 0 0 0 120 0 0 0 0 
0 0 120 0 0 0 0 90 0 0 0 0 130 0 0 0 150 60 0 110 0 0 100 0 0 0 0 0 80 0 
0 0 0 50 60 0 0 0 110 0 0 0 140 0 0 0 110 0 0 0 0 0 0 0 0 0 0 100 120 130 
0 80 120 50 0 0 0 0 0 150 0 0 0 80 0 0 0 0 0 0 0 150 90 0 0 0 0 0 0 0 
0 0 0 130 0 0 0 0 0 0 60 0 120 0 90 0 0 0 150 0 0 150 0 0 120 0 0 0 0 0 
0 0 0 0 130 0 0 0 0 0 0 0 0 0 0 0 0 0 0 0 0 0 0 0 0 140 0 0 0 0 
0 0 0 0 110 0 0 0 0 0 50 100 0 0 0 0 100 0 140 0 0 100 0 0 150 0 0 0 0 150 
0 110 0 0 80 0 0 0 0 0 0 0 0 0 110 0 0 0 0 0 0 80 130 0 0 0 0 0 0 0 
0 0 0 0 0 0 0 0 90 100 0 0 0 0 0 0 0 0 0 0 0 0 0 0 0 0 0 0 0 0 
0 0 0 0 0 0 90 0 0 0 0 110 0 150 0 0 0 0 0 0 0 0 0 0 0 0 0 140 0 130 
0 0 0 0 0 0 0 0 0 120 0 0 0 0 0 0 0 0 0 0 0 150 90 0 130 0 0 0 0 0 
0 0 0 100 140 0 0 0 60 0 0 0 90 0 0 0 0 0 90 0 0 0 120 0 80 0 0 0 0 0 
0 0 0 0 0 0 0 0 0 0 100 0 0 0 0 0 0 0 0 0 120 0 0 0 100 0 0 0 0 130 
0 0 130 0 0 0 0 0 80 0 0 120 0 0 80 0 0 0 100 150 0 0 0 130 0 0 0 0 0 0 
0 0 0 0 0 0 150 0 0 0 60 0 0 50 0 0 0 0 120 0 0 80 0 0 0 150 0 0 0 0 
0 0 0 90 130 0 0 0 0 0 0 0 0 0 0 0 0 0 0 0 0 0 0 0 0 0 0 0 0 0 
80 60 0 0 90 0 0 0 0 0 0 0 0 80 0 0 0 0 0 0 0 0 0 0 120 60 140 80 0 0 
0 0 0 0 0 80 0 110 0 70 0 0 0 0 0 0 0 0 0 60 0 0 0 0 0 0 0 0 0 150 
0 100 80 110 0 0 100 130 0 0 50 0 50 0 0 0 0 0 0 0 0 70 0 0 0 0 0 0 0 0 
0 0 0 0 0 80 0 110 0 130 0 0 0 110 0 50 0 0 0 0 0 0 0 50 0 110 0 0 0 150 
0 0 0 0 0 0 0 0 0 0 0 0 150 0 0 0 110 0 0 0 0 0 0 0 0 0 0 110 0 0 
0 0 0 0 50 0 0 0 0 0 0 0 150 0 0 0 100 0 0 0 0 0 100 0 0 0 0 0 150 0 
130 140 0 90 0 0 0 0 0 0 0 0 100 70 150 0 0 0 0 120 0 0 0 0 0 0 0 0 0 0 
0 0 120 0 0 0 0 0 70 0 0 0 0 0 0 0 0 0 0 0 0 0 0 0 0 0 90 0 0 0 
130 0 0 0 0 0 80 0 0 0 110 0 0 0 0 50 110 50 100 0 0 0 0 0 0 0 0 0 0 0 
110 0 0 0 0 120 0 0 0 0 0 0 0 0 0 0 140 0 0 0 0 100 0 0 90 0 0 0 140 0 
0 0 0 0 70 0 0 0 60 0 0 0 150 0 0 120 0 0 0 0 0 0 0 0 0 0 0 0 0 0 
0 0 0 0 0 0 0 0 0 0 0 0 0 0 70 0 0 0 0 0 0 0 0 100 80 60 0 130 0 0 
90 0 0 120 0 0 0 0 0 90 0 0 0 0 0 100 0 0 0 60 50 0 70 0 0 0 0 0 0 0 
0 0 0 0 0 0 70 0 0 0 0 0 150 0 80 0 0 0 0 80 60 0 0 0 0 0 0 120 0 0 
130 0 50 0 0 0 0 0 0 0 0 0 0 0 0 0 0 0 0 0 0 0 0 0 0 0 0 0 0 0 
0 0 0 0 0 0 0 0 0 0 0 0 0 0 80 120 0 0 0 0 0 0 0 0 0 110 0 0 130 0 
0 0 0 0 0 0 0 0 0 0 0 0 0 0 0 0 0 0 0 0 0 0 0 0 110 0 0 0 0 150 
0 0 0 0 0 0 60 70 0 0 0 150 0 50 0 80 0 0 0 0 0 100 130 0 0 0 0 70 0 0 
0 0 0 0 0 0 0 0 0 0 80 70 0 0 0 0 0 0 0 100 80 0 0 50 0 0 0 0 0 130 
0 0 0 0 0 0 0 0 0 0 0 0 0 0 0 0 0 0 0 0 50 0 0 100 0 0 0 0 0 0 
0 130 0 0 0 0 50 0 0 0 90 70 0 0 0 0 0 0 100 0 0 60 0 0 0 0 0 0 0 0 
0 120 0 150 0 0 0 120 0 130 0 0 0 0 0 80 0 0 0 0 0 0 0 0 0 0 80 0 90 0 
0 80 0 0 0 0 0 0 0 0 0 0 0 0 0 70 0 0 0 0 0 0 0 0 0 0 0 0 0 0 
0 0 0 70 0 0 0 0 0 0 130 0 0 0 0 0 0 0 0 140 0 100 130 90 0 110 110 0 0 0 
140 0 0 0 0 0 0 0 0 0 0 0 0 0 0 90 60 0 50 0 0 60 50 0 0 0 0 0 120 100 
0 0 0 0 0 0 0 150 0 0 0 0 0 0 0 0 120 0 0 0 0 60 0 0 0 0 0 0 0 0 
0 0 0 0 60 0 0 0 0 130 0 120 0 0 60 0 0 0 0 0 0 0 110 0 140 0 0 0 0 0 
80 60 0 120 0 0 0 0 0 0 0 0 0 0 0 0 0 0 0 120 0 0 0 0 0 0 0 0 0 0 
70 80 0 0 0 0 0 0 0 0 110 0 0 0 0 130 0 150 0 0 0 0 0 0 0 140 0 0 0 0 
130 0 120 0 0 0 0 0 70 0 0 0 0 0 0 0 0 0 50 0 0 0 50 0 0 0 0 0 0 0 
0 0 0 130 140 140 0 0 0 0 0 0 0 0 0 0 0 0 120 0 150 0 80 0 0 0 0 0 0 110 
0 0 0 0 0 0 130 90 0 0 0 0 0 0 0 0 0 0 0 0 0 0 0 0 0 0 0 0 50 0 
0 0 0 0 0 0 0 0 0 0 0 0 0 0 50 0 80 60 0 0 150 0 0 0 0 0 0 0 0 0 
0 0 0 0 0 0 100 0 0 0 0 0 0 0 70 0 0 0 0 0 0 0 0 120 0 0 0 0 0 0 
0 0 0 0 130 0 0 0 0 0 0 50 0 0 0 0 0 0 0 50 0 0 0 0 110 0 0 0 0 0 
0 90 0 0 0 0 0 0 0 0 0 0 0 0 0 0 0 0 0 0 0 0 70 0 0 0 130 0 0 0 
0 0 0 0 0 0 0 0 0 0 90 0 0 0 0 0 140 0 140 0 0 0 0 0 0 0 0 0 0 110 
0 0 100 0 0 0 0 0 0 0 0 90 0 0 100 0 0 90 0 120 100 0 0 120 0 0 0 0 0 0 
90 0 0 0 0 0 80 0 0 0 0 0 0 0 0 0 0 0 0 0 0 90 0 0 140 0 0 50 0 0 
0 0 0 0 0 0 60 0 0 0 0 0 0 0 0 0 0 0 130 0 110 0 80 0 0 0 0 0 0 0 
0 0 0 0 0 0 0 80 0 0 70 0 140 90 0 0 0 0 0 0 0 0 100 0 0 0 0 0 0 0 
0 80 0 0 60 110 0 0 0 0 100 0 0 0 0 0 0 0 0 0 0 0 0 0 0 50 150 0 0 0 
0 0 0 50 0 0 80 0 0 0 0 0 0 0 0 0 60 0 0 0 0 0 0 70 0 110 0 0 0 0 
150 150 90 0 0 50 0 0 0 0 80 0 0 0 0 0 0 0 0 0 0 0 0 0 0 0 90 0 0 0 
0 0 0 0 0 0 0 50 50 70 0 0 130 0 100 0 0 0 0 0 0 0 0 80 0 0 0 120 0 50 
0 0 0 0 0 0 0 0 0 0 0 0 0 0 0 0 0 150 0 0 0 0 0 0 0 0 0 100 0 0 
0 0 0 0 0 150 0 0 0 0 0 0 0 0 0 0 140 0 0 0 0 0 0 0 0 0 0 0 0 0 
0 50 0 0 0 0 110 0 0 0 0 70 0 0 110 0 0 0 110 0 0 0 0 0 0 0 60 0 0 0 
0 0 0 0 0 0 0 0 0 0 0 0 0 0 0 0 0 0 0 0 0 0 0 50 0 0 0 0 50 60 
0 0 100 0 60 0 0 70 0 0 0 0 0 0 120 0 60 0 0 0 0 0 0 0 0 0 0 130 0 0 
0 0 0 0 120 0 0 50 90 0 0 0 140 0 0 0 0 0 0 0 0 0 0 0 0 0 0 0 0 0 
0 0 0 0 0 0 0 0 0 0 80 0 0 0 0 0 0 0 0 0 0 0 0 0 0 60 0 0 0 0 
0 0 0 0 0 0 0 0 0 0 150 0 0 0 0 0 0 0 50 0 0 0 0 0 0 0 130 0 0 120 
150 120 0 0 0 0 0 0 80 0 0 120 0 0 0 0 60 0 0 0 0 0 0 0 0 50 0 0 0 0 
0 0 0 0 0 0 0 0 0 110 60 0 140 0 0 0 0 0 140 0 0 0 0 0 0 0 0 0 0 0 
0 0 0 0 120 0 0 120 0 0 0 0 0 0 0 0 0 0 0 0 0 0 0 0 60 140 0 0 0 0 
0 0 0 80 0 0 0 70 0 0 0 0 0 0 0 100 0 0 0 0 0 0 0 0 100 0 0 0 0 0 
0 0 0 0 0 0 0 0 100 0 0 0 0 0 70 0 0 0 0 0 0 0 0 0 0 150 0 0 0 50 
0 0 0 0 0 0 130 0 50 0 0 0 0 0 90 90 0 0 0 0 150 100 0 0 0 0 0 0 0 110 
0 0 0 50 0 0 0 0 0 0 0 0 60 50 0 140 120 0 0 0 0 0 90 0 0 0 0 80 0 0 
0 0 0 0 0 0 0 0 0 0 50 0 0 150 70 0 0 0 0 140 100 60 0 0 0 0 0 0 0 120 
0 0 0 0 0 60 0 0 0 0 0 0 0 0 70 0 0 0 0 0 0 80 0 0 130 140 0 0 0 0 
0 0 0 0 0 0 0 0 0 0 0 120 0 100 0 0 0 140 0 0 0 0 0 0 0 0 0 0 0 0 
0 0 0 0 0 0 0 0 0 0 70 0 0 80 0 60 50 0 0 0 0 0 0 130 0 0 0 0 0 0 
0 0 0 0 0 80 0 0 0 80 130 0 60 0 0 0 60 0 0 0 0 120 0 0 0 0 0 100 0 100 
0 0 0 50 80 0 0 0 0 110 0 120 0 120 0 0 0 0 0 0 0 0 0 0 0 0 0 110 0 0 
0 0 0 0 110 130 0 0 0 0 0 0 0 50 120 0 0 50 0 0 0 0 0 0 0 0 100 0 80 0 
0 0 0 0 0 0 0 0 150 0 0 0 0 130 0 0 0 0 0 0 0 90 0 50 0 0 0 0 0 0 
0 0 0 0 50 0 0 0 90 100 0 0 0 0 50 0 0 70 100 0 0 0 0 0 0 0 0 0 0 150 
0 0 150 0 0 0 0 0 0 0 0 0 0 0 0 80 70 0 0 0 0 0 0 90 0 70 70 0 0 0 
0 0 0 0 100 150 0 0 0 0 0 0 0 0 130 0 0 0 70 80 140 0 0 0 50 0 0 0 0 0 
0 0 140 0 0 0 0 0 0 0 0 0 0 0 0 110 0 0 0 0 0 110 0 0 0 0 0 0 0 0 
0 0 0 0 0 120 70 0 0 70 0 0 0 80 0 0 110 0 0 0 0 0 0 0 0 80 0 0 90 0 
120 0 0 0 0 0 0 0 0 0 0 0 0 130 0 0 0 0 0 0 0 0 0 0 0 140 0 0 0 0 
0 0 0 0 0 0 0 0 110 90 0 130 70 0 0 0 0 0 0 0 0 0 110 0 0 0 0 60 120 0 
0 0 0 0 0 0 0 80 0 100 0 0 0 0 0 0 0 0 0 0 0 0 0 0 0 0 0 0 0 0 
70 0 0 0 0 140 0 0 0 0 0 100 0 0 0 120 0 0 0 0 130 70 0 70 0 0 0 0 0 0 
0 50 0 0 0 0 0 0 0 0 0 0 0 80 0 0 0 0 90 0 70 90 0 0 100 0 0 100 140 0 
0 120 0 100 0 0 0 0 120 70 0 0 0 0 0 0 0 0 0 0 0 0 0 0 0 0 0 150 110 0 
0 0 100 0 0 0 140 140 0 0 0 0 0 0 0 0 0 0 100 130 0 0 0 0 0 0 0 0 110 0 
0 0 0 0 70 0 0 0 130 0 0 0 0 0 0 110 0 100 0 130 100 0 0 0 0 0 0 0 90 0 
130 70 0 0 0 120 0 0 0 0 0 0 0 0 0 0 0 0 0 60 0 0 0 0 140 0 0 0 0 70 
0 0 0 100 0 120 90 0 120 0 0 0 0 120 0 0 0 0 0 0 0 80 0 110 0 0 150 0 0 0 
0 0 0 0 0 130 60 0 0 90 120 0 0 0 140 0 0 0 0 0 140 0 0 0 0 70 0 0 0 0 
0 0 0 0 0 0 0 0 50 0 0 0 0 0 0 0 0 70 0 0 0 0 110 0 0 0 0 0 0 0 
0 0 0 0 0 0 0 0 100 0 0 0 0 0 0 0 0 0 0 0 0 0 0 0 0 0 0 0 0 80 
110 0 0 0 0 0 0 0 0 0 100 0 0 0 0 0 0 0 150 0 0 0 0 140 0 0 0 130 0 0 
0 0 50 0 60 110 0 0 0 150 0 0 0 0 0 0 0 0 0 120 0 0 0 0 110 0 90 0 0 0 
90 0 0 0 0 0 0 0 0 0 0 0 0 0 0 0 0 0 0 140 0 0 0 150 0 0 0 60 0 50 
0 0 0 0 50 0 0 70 0 0 0 0 100 80 0 0 70 0 0 0 0 0 0 0 110 0 0 0 0 0 
0 0 80 0 0 0 0 0 0 0 0 0 140 0 0 130 0 0 0 130 0 0 0 0 0 0 0 0 0 0 
100 0 0 0 0 140 0 0 0 0 0 150 80 100 0 0 0 0 100 0 0 0 0 0 0 0 0 60 0 0 
0 0 0 0 0 0 0 0 130 0 0 0 0 0 0 0 0 0 0 0 0 0 0 0 0 0 120 0 0 0 
0 0 0 0 0 0 0 0 0 0 0 0 50 80 0 0 0 80 0 0 0 0 0 0 0 0 0 0 0 0 
0 0 0 0 0 0 0 0 0 0 0 0 70 0 0 0 120 80 0 110 0 0 0 0 0 0 0 0 0 0 
0 0 0 0 120 0 0 0 0 70 0 0 0 0 0 110 0 0 0 0 0 0 0 0 0 0 0 0 0 80 
0 0 0 0 0 0 0 0 70 0 0 0 0 0 0 140 0 0 0 140 0 0 0 0 0 0 0 0 0 0 
0 0 0 0 130 0 70 0 0 0 0 150 0 60 0 0 0 0 0 0 0 0 0 0 0 0 0 0 0 0 
120 100 0 0 0 0 0 0 0 0 0 0 0 70 0 0 80 0 0 0 0 120 0 0 0 0 0 70 0 0 
0 0 0 0 0 0 0 0 0 0 0 0 0 0 0 0 0 0 0 0 0 0 0 150 0 0 0 90 0 0 
0 100 0 0 0 0 0 0 0 0 0 0 0 0 0 0 0 0 0 0 60 0 0 0 0 0 0 0 0 0 
130 110 0 0 0 50 140 0 0 0 0 140 0 60 0 0 0 0 50 0 0 0 0 0 0 0 0 0 0 0 
0 0 0 0 0 0 0 70 130 0 0 0 0 0 0 0 0 0 0 0 90 0 130 0 0 140 130 0 0 0 
0 90 0 0 0 0 0 0 60 110 0 0 0 0 0 0 0 100 0 0 70 0 0 0 150 0 0 0 0 0 
0 0 110 0 150 130 0 0 0 0 140 0 0 0 0 0 0 130 0 0 0 0 0 0 0 0 0 0 0 0 
0 0 0 130 150 0 0 0 0 0 0 0 0 80 0 0 0 0 120 0 0 0 70 0 0 0 120 0 0 0 
0 0 0 0 0 0 0 0 0 0 0 0 0 70 0 90 0 0 0 0 0 0 0 0 0 0 0 140 120 60 
0 0 0 0 110 0 0 0 0 0 0 0 0 60 0 0 50 0 0 90 0 0 0 0 0 0 0 0 0 120 
80 0 0 0 0 0 0 0 0 0 0 120 130 0 60 0 0 0 80 0 0 0 60 0 0 0 0 70 0 120 
80 0 140 0 0 0 0 120 0 0 0 0 0 150 0 130 0 0 0 0 0 0 0 110 0 0 100 0 0 60 
0 110 0 0 0 0 100 0 0 0 0 0 80 0 0 0 90 0 0 0 0 0 0 0 0 0 0 0 0 0 
0 0 0 0 0 150 150 150 0 0 0 0 90 0 0 0 0 0 150 80 60 0 0 90 0 0 0 0 0 0 
0 0 0 0 0 0 0 0 0 90 0 0 80 140 0 0 150 0 0 130 0 90 0 100 0 0 0 0 0 0 
0 0 0 0 0 0 0 70 60 0 90 0 0 0 0 0 120 0 0 0 0 0 0 0 0 0 0 0 0 90 
0 0 0 0 0 0 90 0 0 0 0 0 0 0 0 0 0 0 0 0 0 0 0 0 0 140 0 0 0 0 
0 0 0 0 0 80 100 110 0 0 0 0 0 0 0 150 0 0 150 50 0 0 0 0 0 0 110 0 0 0 
0 0 0 150 150 0 0 0 100 0 50 0 0 0 0 0 0 0 120 0 100 150 0 90 0 0 0 0 0 0 
0 0 0 0 0 0 0 0 0 0 90 140 0 0 0 0 0 0 0 0 0 0 0 0 0 140 0 0 130 0 
0 100 0 0 0 0 0 90 0 0 0 0 0 0 0 0 0 0 0 0 0 0 0 0 150 0 0 0 0 80 
0 0 100 80 0 0 0 0 0 0 0 0 0 0 0 0 0 0 0 0 80 0 0 0 0 0 60 100 0 0 
0 130 0 0 0 130 0 0 0 0 120 0 0 140 0 0 0 100 0 0 130 0 0 0 0 0 0 110 100 0 
0 0 0 0 60 0 0 0 0 0 0 0 0 0 0 0 0 0 60 0 100 0 0 120 0 0 0 0 0 100 
0 0 0 90 0 0 0 0 0 0 130 0 0 0 0 0 0 0 0 110 0 0 0 110 0 0 0 0 0 0 
0 0 0 0 0 0 0 0 0 0 0 0 0 0 0 0 0 0 0 0 0 0 0 80 0 0 0 130 0 0 
70 80 0 0 0 0 0 0 0 60 0 0 0 0 0 0 0 0 0 0 0 0 0 110 0 70 100 0 90 130 
0 0 150 0 0 50 0 0 0 0 0 0 110 0 0 0 140 140 90 0 0 0 60 0 0 0 140 0 0 0 
0 100 0 0 0 0 0 0 0 0 80 0 0 0 0 0 0 0 0 0 0 0 0 50 0 0 0 0 0 0 
0 0 0 0 0 0 0 0 0 0 0 0 0 0 0 60 0 150 0 0 0 0 0 140 0 0 0 0 0 0 
0 0 60 0 110 0 140 0 0 0 0 0 0 0 0 0 0 0 0 0 0 0 0 100 0 0 0 0 0 0 
0 80 0 70 0 0 0 0 0 0 0 0 130 0 0 0 0 0 0 0 0 0 0 90 0 0 0 0 0 130 
0 0 0 0 70 0 150 0 0 0 0 0 70 0 0 0 0 0 0 0 0 0 0 0 0 0 0 0 0 0 
0 0 0 0 80 0 0 0 0 0 0 0 0 0 0 0 0 0 0 0 0 0 0 0 0 0 0 120 0 0 
0 0 0 0 60 0 0 0 130 0 100 0 0 0 0 0 0 0 0 0 0 0 0 80 0 50 0 140 0 0 
0 0 0 140 130 0 0 0 130 0 0 0 0 80 0 0 140 0 0 0 0 0 60 0 0 0 0 0 110 0 
0 0 0 0 0 0 0 0 0 150 0 0 0 0 0 130 0 0 0 120 130 0 60 0 0 100 0 60 0 0 
60 0 0 0 0 140 0 110 0 0 0 0 0 0 0 130 0 0 0 0 0 0 0 0 130 0 0 90 0 0 
0 0 0 0 90 0 60 0 0 0 0 0 0 110 80 0 0 0 120 120 0 0 0 0 0 0 0 0 0 0 
0 120 0 0 60 0 0 0 110 0 0 0 0 0 140 0 70 0 110 0 0 0 0 0 0 0 0 0 0 0 
0 0 0 0 0 0 0 0 0 0 0 150 0 0 0 0 0 0 0 0 0 0 0 0 70 0 0 0 0 0 
0 0 0 0 0 0 0 100 0 0 140 0 0 0 0 0 0 0 50 0 0 0 0 0 0 0 0 0 0 0 
0 0 0 0 0 0 0 0 0 0 0 0 0 0 0 0 0 0 110 70 0 0 0 0 0 0 0 0 0 0 
0 0 0 0 0 0 50 50 0 0 0 0 0 0 90 0 0 130 80 0 110 0 0 0 0 0 0 0 0 0 
0 0 0 0 0 0 0 60 0 0 0 0 0 0 0 0 0 0 0 50 70 0 0 0 0 0 0 130 150 0 
0 140 0 0 0 0 0 0 0 0 0 0 0 0 0 0 0 0 0 0 0 0 0 0 0 0 0 140 0 0 
0 0 0 0 60 0 0 0 0 50 0 0 0 0 80 50 110 0 150 0 0 0 0 0 0 0 0 0 150 0 
0 0 0 0 0 0 0 0 0 0 0 0 0 0 0 0 0 0 0 0 50 0 0 0 0 140 0 0 140 90 
0 0 0 0 0 0 0 0 0 0 0 0 0 70 0 0 140 0 0 0 0 80 0 50 50 70 0 0 0 0 
0 0 0 0 0 130 0 0 0 0 0 0 0 0 0 0 0 130 0 0 0 0 0 0 0 0 0 0 0 80 
130 0 0 120 0 0 80 0 0 0 0 0 0 0 0 0 0 0 0 70 0 0 0 120 0 0 110 120 0 0 
0 0 0 0 0 0 0 0 0 0 0 150 0 0 0 0 0 0 0 0 150 0 0 0 0 0 0 130 0 0 
0 0 0 0 0 0 0 0 0 0 0 0 0 90 0 0 0 0 0 0 0 0 0 0 0 0 0 60 0 0 
0 100 0 0 0 0 0 140 80 0 0 0 0 0 0 0 0 0 0 0 0 0 0 0 0 0 0 0 0 0 
0 0 100 130 0 0 110 0 0 0 0 0 0 0 0 0 0 0 0 90 0 0 0 0 0 0 0 0 0 0 
0 100 0 120 0 0 0 0 0 80 0 0 0 0 60 0 0 0 130 0 0 0 0 150 0 0 0 130 0 50 
0 0 0 0 0 0 0 0 130 0 0 0 0 0 0 90 0 0 0 0 120 120 0 0 0 0 0 0 130 0 
0 0 110 0 140 50 0 0 110 0 0 0 130 0 0 140 140 0 0 0 60 0 0 0 0 0 0 0 0 0 
130 0 0 0 0 0 150 0 0 0 0 0 0 0 0 0 0 0 0 0 0 0 0 0 0 0 0 0 0 0 
150 0 0 0 0 0 0 140 0 90 0 0 100 0 0 0 0 120 0 0 120 0 0 0 120 0 90 0 0 0 
0 0 0 0 50 60 0 140 0 0 0 0 0 0 0 0 0 0 0 0 0 0 0 0 0 0 0 0 0 0 
0 0 110 90 0 0 0 150 0 140 110 0 0 0 0 70 0 0 0 0 120 0 0 0 0 0 0 0 0 60 
0 0 110 0 0 0 0 0 0 0 0 0 0 0 0 0 0 60 0 0 60 80 0 0 0 60 80 0 0 120 
0 0 0 0 0 130 130 0 0 0 0 70 0 0 0 0 0 0 0 0 0 0 70 0 0 0 0 0 0 0 
150 0 0 0 0 130 0 80 0 0 0 0 0 0 0 0 120 60 0 110 0 0 0 0 0 0 0 50 0 0 
0 0 0 0 0 0 0 80 0 0 0 0 0 0 0 0 0 0 0 0 0 0 0 0 0 0 130 0 0 0 
0 0 0 0 0 0 0 0 90 0 0 0 140 0 0 0 140 110 0 60 0 0 0 0 0 90 0 0 70 0 
0 0 0 0 0 0 0 0 0 0 0 0 0 0 0 0 0 0 0 130 130 0 0 60 0 0 0 0 0 0 
0 0 0 100 0 0 0 0 80 110 0 0 0 140 0 0 0 0 0 100 0 0 0 140 0 0 0 0 60 70 
0 0 0 0 90 0 0 0 0 0 0 0 140 90 0 0 130 0 0 0 0 0 0 0 70 0 0 0 0 130 
0 50 0 0 0 0 0 0 0 0 0 90 0 0 0 0 0 0 100 0 0 0 0 0 0 0 0 0 130 0 
130 0 0 0 0 0 0 0 0 0 0 0 0 0 0 0 90 0 60 0 80 100 0 0 0 0 0 0 50 150 
130 0 140 0 0 0 0 0 0 90 0 0 0 70 0 120 0 0 0 0 0 0 0 0 0 0 0 0 0 0 
60 0 0 0 0 0 0 0 0 0 0 0 0 0 0 0 0 0 0 0 0 0 0 0 0 0 120 0 0 0 
0 0 0 0 0 0 100 0 0 0 140 0 0 0 0 90 0 140 0 0 0 110 140 0 0 0 70 0 0 0 
0 0 0 0 0 0 0 100 130 0 0 120 0 90 0 120 0 0 0 110 0 0 0 0 70 0 0 0 0 0 
0 0 0 0 120 0 0 0 0 0 0 0 0 0 0 0 0 0 0 0 0 0 0 0 0 0 0 0 0 130 
90 0 0 110 80 0 0 0 50 0 0 0 0 0 0 0 0 0 0 0 140 0 0 0 140 0 120 0 0 0 
0 0 0 0 0 0 0 0 0 0 0 0 0 0 0 0 0 90 0 0 0 0 0 0 0 0 0 150 0 0 
0 0 0 0 0 0 0 0 0 0 60 0 0 0 0 0 0 0 0 100 0 0 0 0 0 0 0 0 0 0 
0 0 70 130 0 0 0 0 140 0 0 0 130 0 0 0 0 0 0 0 0 100 140 0 0 0 0 0 0 110 
50 0 0 90 0 0 0 0 0 0 0 140 0 0 0 0 0 0 0 0 0 0 0 0 0 60 0 0 90 130 
0 0 0 0 0 0 0 0 0 0 150 0 0 0 0 0 0 90 0 0 0 0 0 0 110 0 0 0 0 0 
150 0 0 120 0 0 70 0 0 0 0 0 0 0 0 0 0 0 0 0 0 0 0 0 120 130 0 110 0 0 
0 0 70 0 0 0 0 0 0 0 0 0 50 0 0 0 140 0 0 0 0 100 0 0 0 0 0 0 0 0 
0 0 0 0 0 50 0 0 0 0 140 0 140 0 0 0 0 0 50 0 0 0 0 0 0 70 0 0 0 60 
0 0 0 0 0 0 0 0 0 0 0 0 0 0 110 90 80 90 110 0 0 0 0 0 0 0 0 90 90 0 
0 0 0 0 140 0 0 0 0 0 0 0 0 0 50 0 70 0 110 110 0 0 80 50 0 0 0 0 0 120 
110 0 0 90 0 0 0 90 0 0 0 0 0 0 0 0 0 0 70 0 0 0 0 0 0 0 0 0 90 0 
0 0 0 100 0 0 0 0 0 0 90 110 0 110 0 0 50 0 0 0 0 0 0 0 0 0 60 0 0 0 
0 0 0 0 120 0 0 120 0 0 120 80 0 0 100 0 0 0 0 50 0 0 0 0 140 0 0 0 0 0 
120 0 0 0 0 130 0 0 0 0 80 0 0 0 50 90 0 0 0 80 0 0 0 0 0 0 0 100 0 0 
0 0 0 0 0 0 0 0 0 0 0 0 0 110 0 0 0 0 0 0 0 120 0 0 0 0 0 0 0 0 
0 0 0 70 0 0 0 130 0 0 0 0 0 0 100 0 0 0 0 0 0 0 0 0 0 0 0 0 0 60 
0 110 0 0 0 0 0 0 110 0 0 0 0 0 0 0 0 0 0 120 0 0 0 0 110 0 110 0 60 100 
0 0 110 0 0 150 0 0 0 0 0 110 0 0 0 0 0 0 0 0 120 0 0 0 0 90 70 0 90 0 
0 80 0 0 0 0 0 0 150 0 0 0 0 0 0 0 140 0 0 0 80 0 0 0 100 0 0 0 0 0 
0 0 0 0 0 0 0 0 0 150 0 0 0 0 0 0 0 80 0 0 0 0 0 0 80 0 0 0 0 0 
0 0 0 0 0 100 140 0 0 0 0 0 0 0 0 0 0 0 50 0 140 0 0 0 0 0 0 0 0 0 
70 0 0 0 0 0 0 0 0 0 0 0 0 0 0 0 70 70 140 0 0 0 0 0 120 0 0 0 0 0 
0 0 140 0 0 0 0 0 0 0 70 0 0 0 0 0 0 0 0 0 0 0 0 0 0 0 0 0 0 0 
0 0 0 0 150 140 80 0 0 0 90 140 0 0 0 0 0 0 0 0 0 0 110 0 0 0 0 0 0 0 
0 130 0 0 0 0 0 0 0 0 0 0 0 0 0 0 0 0 60 0 0 150 0 0 0 0 0 60 0 0 
70 50 130 0 0 0 0 0 0 0 0 0 0 0 0 0 110 0 0 90 0 0 100 0 100 0 100 0 0 0 
0 70 0 0 0 0 0 140 140 0 0 100 0 0 0 140 0 0 0 0 60 0 0 50 0 0 0 0 0 0 
0 0 0 0 0 0 120 0 0 0 0 0 0 0 0 0 0 0 0 0 0 0 80 0 0 100 0 0 120 0 
0 0 0 0 0 0 0 0 0 0 0 0 130 0 0 0 0 0 0 0 0 0 0 0 0 0 0 90 0 0 
70 0 0 0 140 0 0 0 0 0 0 0 120 0 0 0 0 130 130 0 0 0 0 80 0 0 50 0 0 0 
0 80 0 0 0 0 0 0 0 0 0 0 0 0 0 0 0 0 130 0 0 0 0 0 0 0 0 0 0 0 
0 0 80 0 0 0 0 0 0 0 0 0 0 0 0 0 0 0 0 0 0 0 0 0 0 0 0 0 0 90 
0 0 100 0 0 0 0 0 0 60 0 0 0 0 0 0 0 0 0 0 0 70 0 0 0 120 0 150 0 0 
130 0 0 0 0 0 80 0 0 0 0 0 0 0 0 0 0 0 0 100 0 0 0 0 120 0 100 0 0 0 
70 0 0 130 120 0 0 130 0 0 0 0 0 0 70 0 0 0 140 0 0 0 80 0 0 0 0 0 110 0 
0 0 80 0 0 0 0 140 0 0 0 0 0 0 0 0 0 0 60 0 0 0 0 0 0 0 0 0 0 0 
0 50 0 0 140 0 0 110 0 0 0 0 0 0 0 0 120 60 0 0 0 0 0 0 0 130 0 0 0 0 
0 0 0 0 0 0 0 0 0 0 0 0 0 0 0 0 0 0 0 0 60 0 0 0 0 0 0 0 0 130 
150 0 150 0 0 0 80 0 0 140 0 0 0 0 0 60 50 0 0 0 0 0 0 0 0 0 0 0 0 0 
0 0 0 0 0 0 90 0 0 0 0 0 0 0 0 0 0 100 0 0 0 150 0 0 0 0 0 0 0 0 
0 0 0 0 0 0 0 0 0 0 100 120 0 0 0 0 0 0 0 60 0 0 0 0 0 0 100 0 0 0 
0 130 0 0 90 0 0 0 100 0 0 0 0 0 0 90 0 0 0 0 0 0 50 0 0 0 60 90 0 0 
0 110 0 0 0 0 0 0 0 0 0 0 0 0 0 90 0 0 0 130 0 0 80 120 0 0 0 0 0 0 
0 0 50 0 0 0 0 80 0 0 0 0 0 120 0 0 0 0 0 0 0 0 50 0 0 0 0 0 0 0 
0 0 0 80 0 0 80 0 0 0 0 130 0 0 140 0 60 0 0 0 50 130 0 0 150 0 0 0 0 0 
90 0 0 0 100 0 0 0 0 0 0 0 90 0 0 0 0 90 150 0 0 0 0 0 0 0 0 0 0 0 
0 80 0 0 0 0 0 0 0 130 0 0 0 60 0 0 100 150 0 0 0 0 0 0 100 0 0 60 110 0 
0 0 0 0 0 0 0 0 0 0 0 0 0 70 0 0 0 0 0 0 0 0 0 0 80 0 0 0 0 0 
0 150 0 0 0 0 0 0 120 0 0 0 0 130 60 0 0 0 0 0 0 0 0 0 140 0 100 60 0 0 
80 0 0 0 0 0 0 0 60 0 0 110 0 0 0 0 0 0 0 0 0 0 0 0 0 0 0 0 0 0 
0 0 80 0 0 0 0 0 0 0 0 60 0 0 0 100 0 0 0 110 0 0 0 0 0 0 0 0 100 0 
0 100 0 0 0 0 0 0 0 0 0 0 0 130 70 0 140 0 0 150 0 0 0 0 0 130 0 0 0 0 
0 0 80 0 0 130 50 0 0 0 0 0 0 0 90 0 0 0 0 0 0 0 80 0 0 0 0 0 0 0 
0 0 0 0 100 0 0 0 0 0 0 0 130 0 0 0 140 0 0 0 0 0 140 70 0 0 0 0 0 0 
0 120 0 0 0 0 0 140 0 140 90 0 130 0 0 0 0 0 0 0 0 0 70 0 0 0 0 0 110 0 
0 0 0 0 0 0 0 0 0 0 0 0 0 0 0 0 0 0 0 0 0 100 0 0 0 80 80 0 0 0 
0 0 0 0 80 0 0 0 0 0 90 0 130 0 0 0 0 0 0 0 0 0 0 0 0 0 0 0 0 0 
0 80 0 0 0 0 0 0 0 0 0 0 100 110 0 0 0 0 0 0 70 0 0 70 60 140 0 0 0 0 
0 120 0 0 0 0 140 90 0 0 130 0 0 0 0 0 0 0 0 0 0 0 60 0 0 0 0 0 0 0 
0 0 0 0 0 0 0 0 0 0 0 0 0 0 0 80 0 0 0 0 120 0 0 0 0 0 0 0 0 0 
0 0 0 0 90 0 0 0 0 110 0 0 0 0 0 120 120 0 100 0 140 0 50 0 0 0 0 0 0 0 
0 120 0 0 0 0 0 140 0 0 0 0 0 0 0 130 140 0 0 120 0 0 0 0 110 120 0 0 90 0 
0 0 0 0 0 0 90 80 0 0 0 90 0 0 0 0 0 0 0 0 90 0 110 0 0 0 0 0 0 110 
0 0 0 0 0 0 0 0 80 0 0 90 0 0 0 0 100 0 0 80 0 0 0 0 0 0 0 0 0 80 
0 0 0 100 0 0 0 100 0 0 0 80 0 0 0 0 0 80 0 0 110 0 90 0 0 0 0 0 0 0 
0 0 70 0 0 70 0 80 0 0 0 0 0 0 0 0 70 70 0 0 0 0 0 110 0 0 0 0 0 110 
90 0 0 0 0 0 0 60 0 70 150 0 0 0 0 0 0 0 0 0 140 0 0 0 0 0 0 0 0 0 
0 0 0 110 0 0 0 0 0 0 130 0 0 0 0 0 0 0 0 0 0 0 130 0 0 70 0 0 0 150 
0 0 100 0 0 0 110 0 0 90 100 0 0 0 0 0 0 0 120 130 0 0 0 150 0 0 0 0 0 0 
0 0 0 0 110 0 0 0 0 0 0 0 0 0 0 0 0 0 0 0 0 0 0 0 0 0 120 0 100 150 
0 0 0 150 0 0 0 0 0 0 0 0 0 0 0 0 0 0 0 0 0 0 60 0 60 0 140 0 0 0 
50 0 0 0 0 0 0 0 110 120 0 0 0 0 0 0 0 0 0 0 70 0 0 0 0 0 0 50 150 80 
120 0 140 0 0 0 0 0 0 0 120 0 120 0 0 0 50 0 130 0 0 130 0 0 0 0 0 0 0 50 
0 0 0 0 0 60 0 0 0 0 0 120 0 0 0 120 140 0 0 0 0 0 120 0 0 0 130 0 0 0 
0 0 140 0 0 0 150 0 0 0 0 0 0 90 0 0 0 0 0 0 50 0 90 0 0 0 0 0 0 0 
0 0 0 0 50 0 150 0 100 0 0 0 0 120 90 0 0 0 0 0 0 0 0 0 0 0 0 0 0 0 
0 150 0 0 60 0 0 0 0 0 110 0 130 0 0 0 0 0 0 120 0 0 0 0 90 0 0 0 150 0 
0 0 0 0 0 0 0 0 0 0 0 0 100 0 0 0 0 0 0 0 0 0 0 0 0 0 150 0 0 0 
70 0 0 0 0 0 0 0 0 0 0 0 0 0 0 0 0 0 0 140 0 0 0 0 0 0 0 0 0 0 
0 0 70 0 0 0 0 0 0 0 0 110 0 0 0 0 0 50 0 0 0 0 120 0 0 100 0 100 0 0 
0 0 0 0 0 100 100 140 0 0 0 0 0 0 0 0 0 0 0 0 0 0 0 0 0 0 0 0 60 0 
0 50 0 0 120 0 0 0 0 90 0 0 0 130 0 0 0 0 0 0 140 0 70 0 0 0 110 0 110 0 
0 0 0 0 0 0 0 0 0 0 0 0 0 0 0 0 0 0 0 0 60 90 0 80 0 0 0 0 0 0 
0 0 0 0 0 0 0 0 0 60 0 0 0 90 0 0 0 0 0 120 0 0 0 130 0 0 0 0 0 0 
0 0 0 0 0 0 0 0 0 0 0 0 0 120 110 110 0 0 0 0 0 0 0 0 0 0 0 0 0 0 
0 0 90 0 0 0 0 0 0 0 0 0 0 0 0 80 0 0 90 110 0 120 0 120 0 0 0 130 150 0 
0 0 0 0 0 0 60 0 0 110 0 0 0 0 0 0 0 150 0 100 70 0 0 0 120 0 0 0 70 0 
0 0 120 0 140 0 0 100 0 100 0 0 100 90 60 0 0 0 0 80 0 0 0 0 0 0 0 0 0 0 
0 0 0 140 0 0 0 0 0 0 0 0 0 0 0 0 0 0 0 0 0 0 0 0 0 0 0 0 60 0 
0 0 0 0 0 0 0 60 100 100 0 0 0 0 0 0 0 0 90 0 110 0 0 90 0 0 0 0 90 0
---------------------
 
Processing cost   (0 -- non-optional machine)
Rows: sequential for each operation of each part; Columns: correspond to machine number
0 0 14 0 0 11 0 0 11 0 0 14 0 16 0 0 0 0 0 11 0 0 0 0 0 0 0 0 17 0 
0 0 0 18 0 0 15 0 0 13 0 0 0 0 0 12 0 0 0 0 11 0 0 10 0 0 0 16 11 0 
0 0 0 10 0 18 0 0 0 0 0 19 0 0 0 11 0 0 17 19 0 0 19 0 0 0 12 0 0 0 
0 0 0 0 0 0 0 0 10 10 0 0 0 12 0 0 0 0 0 0 0 0 0 0 0 0 16 11 0 0 
0 0 0 0 15 0 0 0 0 18 0 0 0 11 17 0 19 0 0 0 0 10 12 0 0 12 0 0 0 0 
0 0 0 13 0 0 18 0 0 0 10 0 0 0 0 13 0 0 18 0 0 0 14 0 0 0 11 0 0 10 
0 0 0 0 0 0 0 0 0 15 0 0 0 0 0 13 0 16 11 12 0 15 0 0 0 0 0 0 0 0 
0 0 0 15 19 19 0 0 0 0 19 0 0 0 0 0 0 0 0 19 0 0 12 0 0 0 0 16 0 14 
0 19 0 0 0 0 0 20 13 0 0 0 15 0 10 10 0 0 0 19 0 0 0 0 0 0 0 20 0 0 
0 0 0 0 0 20 17 0 0 0 10 0 0 0 0 0 0 0 13 19 0 0 0 0 0 0 16 0 0 0 
0 14 0 0 15 0 0 0 0 0 19 0 0 0 0 0 17 0 19 0 0 0 0 13 0 0 0 0 0 0 
0 0 0 0 0 0 0 0 0 0 16 0 0 0 0 0 0 0 0 14 0 0 0 0 0 18 0 0 0 0 
0 10 0 0 0 0 0 0 0 0 0 0 0 0 10 0 0 0 0 0 0 0 0 0 0 0 12 0 0 0 
0 0 0 0 0 0 0 0 0 0 0 0 0 0 0 0 0 0 0 0 0 0 11 18 0 0 0 0 0 0 
0 0 0 0 0 0 0 0 0 0 0 0 0 15 12 0 0 0 0 0 0 0 0 0 0 0 0 0 0 0 
0 0 0 0 0 0 12 0 18 0 0 0 0 13 0 0 0 0 0 0 0 11 0 18 0 16 0 0 0 0 
0 15 0 0 0 0 0 0 0 12 0 0 0 0 0 0 0 0 0 0 0 11 13 0 0 0 0 0 0 0 
0 0 0 20 12 0 0 13 0 0 0 0 0 0 0 0 0 0 16 10 0 0 0 0 0 19 0 13 0 16 
0 0 0 0 0 0 0 0 15 0 0 0 0 0 0 0 20 0 0 0 0 0 0 0 0 0 0 0 0 0 
0 0 0 13 0 0 12 0 0 20 0 0 0 0 10 0 0 0 0 17 0 0 0 12 0 0 0 0 0 16 
0 12 0 0 0 0 0 0 0 0 0 0 0 0 0 0 0 0 0 0 0 0 0 10 0 0 0 0 0 0 
0 0 0 0 0 0 0 0 0 10 0 0 0 16 0 0 0 0 0 0 0 10 0 0 0 19 0 16 0 0 
0 0 0 0 0 0 0 0 0 0 0 0 0 0 0 0 0 0 0 0 0 16 0 0 17 0 0 0 16 0 
0 0 0 0 0 0 0 0 0 0 0 0 0 0 0 0 0 0 0 0 0 12 0 0 0 0 11 11 0 0 
0 0 0 0 15 0 0 0 0 0 0 0 0 0 16 0 0 0 0 0 0 0 0 0 0 0 0 0 0 11 
15 10 0 17 0 0 0 17 10 0 0 10 0 0 0 18 0 0 0 0 0 0 0 0 0 0 0 17 0 0 
0 0 0 14 0 0 0 0 0 10 0 0 0 0 15 0 0 0 0 11 15 10 0 0 0 0 0 0 0 0 
0 0 0 0 0 0 0 0 13 13 0 0 0 0 0 0 0 0 0 0 0 0 0 0 0 0 17 0 15 17 
10 0 0 0 17 0 15 0 0 0 0 0 0 0 0 0 0 0 0 0 0 0 0 0 0 0 0 0 0 19 
0 0 13 0 0 0 15 0 0 0 0 0 0 0 0 0 0 15 0 17 0 0 0 0 0 19 0 0 0 0 
0 0 0 0 12 0 0 0 0 0 0 0 0 0 18 13 0 0 20 0 0 0 0 0 12 0 14 0 11 10 
0 10 13 0 0 11 0 0 0 0 0 0 0 0 0 0 0 0 0 0 0 0 0 0 0 13 20 0 0 0 
0 0 0 16 0 0 0 16 18 12 0 0 0 0 0 0 0 0 0 0 0 0 0 0 12 0 0 0 0 0 
0 0 10 0 0 0 0 10 0 0 0 0 0 0 0 0 0 16 0 0 0 0 0 0 0 0 16 0 0 0 
0 0 0 0 0 13 0 15 0 0 11 0 0 0 0 14 0 11 0 0 0 0 14 0 0 0 0 0 17 19 
0 0 0 17 0 0 0 0 0 0 0 0 0 14 0 0 0 0 0 18 0 0 0 0 20 0 16 0 0 0 
0 0 0 0 0 0 0 0 0 0 0 0 18 0 0 10 0 19 0 0 0 0 0 20 0 0 13 20 20 0 
0 0 0 0 0 0 0 0 0 0 12 0 17 0 0 0 0 0 0 0 14 0 0 0 0 0 0 0 0 0 
13 0 0 0 0 0 17 0 0 0 0 0 0 0 0 0 0 0 0 0 0 0 0 0 0 0 0 0 0 0 
0 0 0 10 0 0 0 0 0 0 0 0 17 0 0 13 0 0 19 10 0 18 0 0 0 0 0 0 0 0 
0 0 19 0 0 0 20 0 0 0 0 0 0 0 0 0 0 0 0 0 14 0 0 0 0 0 0 0 0 18 
0 0 15 0 0 0 0 0 0 0 0 0 12 0 0 0 0 0 0 0 0 0 0 0 0 0 20 0 0 0 
11 0 0 0 0 0 0 14 0 0 0 0 0 0 16 0 0 0 0 0 0 0 10 14 20 0 0 0 0 0 
0 14 0 15 0 0 0 0 0 0 0 0 0 0 0 0 0 16 12 0 0 11 0 0 0 0 0 0 0 0 
0 0 0 14 0 0 0 0 0 0 0 0 0 0 0 0 11 0 0 11 14 0 0 11 0 0 0 0 0 0 
0 0 0 0 0 0 0 13 0 0 0 0 0 0 0 0 11 0 0 0 0 0 0 0 0 0 0 0 0 0 
0 15 0 0 17 0 0 12 0 0 0 0 0 0 0 0 0 0 0 0 0 13 0 0 0 0 0 0 0 0 
15 0 0 0 0 0 17 0 0 0 0 0 0 0 0 0 0 0 16 0 15 0 0 19 0 0 0 0 0 0 
0 0 0 0 20 0 0 0 11 14 0 0 0 0 0 0 0 0 0 0 0 18 0 0 0 0 0 0 0 0 
0 0 12 0 0 0 0 0 0 0 20 0 0 0 0 0 0 0 20 10 0 0 18 0 0 0 0 0 0 0 
0 0 0 0 0 0 0 16 0 0 0 0 18 17 0 0 0 0 0 0 0 0 0 0 0 15 10 0 0 0 
0 0 0 12 0 19 0 0 16 0 0 0 0 0 18 0 0 0 10 0 0 0 0 0 0 11 11 0 16 0 
0 0 0 0 0 0 14 0 0 0 0 0 0 14 0 0 0 0 0 0 0 18 0 0 0 0 0 0 0 0 
0 0 0 0 0 0 0 0 0 0 0 0 0 0 0 0 0 14 0 0 0 0 0 0 20 0 0 0 0 0 
0 19 0 13 0 0 20 0 0 0 0 0 0 18 0 0 0 12 0 0 0 0 0 0 0 0 0 0 0 0 
0 0 0 0 0 0 0 0 0 0 0 18 0 0 0 0 0 0 17 13 0 0 0 0 0 0 0 0 0 0 
0 0 0 17 0 0 0 0 0 0 0 0 0 0 0 0 0 0 14 0 0 0 20 0 0 0 0 0 0 0 
10 0 0 0 0 0 12 0 0 0 0 12 0 0 0 0 12 0 0 0 0 0 14 0 0 17 0 20 0 0 
0 0 0 0 0 0 0 0 0 0 0 0 0 14 0 0 0 0 0 0 0 0 13 19 0 0 0 0 0 0 
0 0 0 11 0 0 0 0 0 0 0 0 15 0 0 0 14 0 0 0 0 16 0 0 0 0 0 0 0 0 
0 0 0 0 0 0 19 0 0 0 0 19 0 0 0 19 0 14 20 0 0 0 0 0 0 18 0 0 19 0 
0 0 0 0 0 0 0 0 0 0 0 0 10 10 0 0 0 15 10 0 0 0 0 16 0 11 0 0 0 14 
0 17 0 0 0 0 0 0 0 0 0 0 0 0 0 10 0 0 12 0 0 0 0 0 19 0 12 0 0 0 
0 0 0 0 0 20 17 0 18 0 0 0 0 12 0 15 0 0 0 0 20 0 0 0 0 0 0 18 0 0 
0 0 16 0 16 0 0 0 0 0 0 0 0 0 0 12 0 0 0 0 0 0 0 0 13 19 0 0 0 0 
0 0 0 0 0 0 13 0 18 0 0 0 16 0 0 0 13 0 16 0 0 0 20 16 0 0 0 0 0 0 
0 16 0 0 0 0 0 0 16 0 14 18 0 10 0 0 0 0 0 17 17 0 14 0 0 0 0 0 0 0 
0 0 0 15 0 0 0 0 11 19 0 12 0 0 0 15 11 0 20 11 0 0 0 0 0 0 0 0 0 0 
0 0 11 0 0 0 0 12 0 0 0 0 16 0 0 0 0 0 0 0 0 0 0 0 0 0 0 0 0 0 
0 0 0 0 13 0 0 0 0 0 0 0 0 0 0 0 0 0 11 0 0 15 0 0 0 13 11 0 0 0 
0 19 0 18 0 0 10 0 0 0 0 0 10 0 0 0 0 0 0 0 0 13 0 0 0 0 0 0 0 12 
0 0 11 0 0 0 0 0 0 0 0 0 0 12 0 0 0 0 0 0 20 0 12 0 0 20 17 0 0 0 
0 0 0 20 20 0 0 0 0 0 0 15 0 15 0 0 0 0 0 0 11 0 0 0 0 0 0 0 0 0 
0 0 0 0 0 0 0 16 17 0 0 0 0 0 0 0 0 0 0 0 0 0 0 0 20 0 0 0 19 0 
20 0 14 0 0 11 0 0 0 0 0 16 0 0 14 0 0 0 17 0 0 11 0 0 0 0 0 0 0 12 
0 0 0 0 20 0 0 0 0 0 19 10 0 14 0 0 0 0 19 0 17 0 0 0 0 11 0 0 0 11 
0 0 0 0 0 0 0 18 0 0 0 0 0 0 0 20 0 0 0 0 0 0 0 0 0 0 0 0 0 0 
0 0 0 0 0 0 17 0 0 0 0 0 0 0 0 0 0 0 0 0 0 0 14 0 0 0 0 0 0 0 
0 0 11 0 0 0 0 0 0 0 0 0 0 0 0 16 0 0 11 0 0 0 0 10 0 0 0 14 0 19 
10 18 0 0 0 0 0 0 0 0 0 0 0 0 0 0 0 0 13 0 0 0 20 0 0 13 0 10 0 0 
0 20 0 0 19 0 0 0 0 0 16 20 16 0 0 10 0 0 0 0 0 0 0 0 0 0 0 0 0 0 
0 0 0 0 0 0 0 0 0 0 0 0 0 0 0 0 0 0 0 0 0 19 0 0 20 0 0 0 0 0 
0 0 0 0 0 0 0 13 0 0 0 0 0 0 0 0 17 0 0 0 12 0 0 10 0 0 0 0 18 0 
0 0 0 0 20 12 0 0 0 0 0 14 0 0 15 0 0 0 0 0 0 19 0 0 0 0 0 0 0 0 
0 0 0 0 0 0 0 0 18 0 12 0 0 0 0 0 0 0 0 0 0 0 0 11 0 0 0 20 0 0 
0 0 0 17 0 0 0 0 17 0 0 0 0 0 0 0 11 0 19 0 0 0 0 11 0 0 0 13 19 0 
0 11 0 0 0 0 15 0 0 0 0 0 0 0 0 10 0 0 0 0 0 0 20 0 0 18 0 0 20 0 
13 0 0 15 0 13 0 0 0 0 17 0 0 0 20 0 0 0 0 0 0 0 0 12 19 0 0 0 0 0 
0 0 20 15 0 0 10 0 0 0 0 0 0 0 0 0 0 0 0 0 0 0 0 0 0 0 0 0 0 0 
0 0 0 0 0 0 0 0 0 0 12 0 0 0 0 0 0 0 0 20 0 0 0 0 0 0 0 0 0 0 
18 0 20 0 0 0 0 0 0 0 0 0 0 0 0 0 0 0 0 0 0 0 0 0 0 0 17 0 0 0 
0 16 0 0 0 0 0 0 0 0 0 0 0 0 0 0 0 0 13 0 0 0 0 0 0 0 0 0 0 0 
0 0 0 0 12 18 0 0 0 0 18 0 15 0 0 0 0 0 0 0 0 0 0 0 0 0 0 14 0 0 
0 0 16 0 0 0 10 0 0 0 0 0 18 18 0 0 0 0 0 0 0 0 0 0 0 0 17 0 11 0 
0 0 0 0 0 0 0 0 0 0 0 0 16 0 0 0 0 0 0 0 16 0 0 0 0 0 0 0 0 0 
0 0 10 0 0 0 0 0 0 0 0 0 0 10 0 0 11 0 0 0 0 0 15 0 0 0 0 0 13 16 
0 0 0 0 0 0 0 20 18 0 0 0 0 0 0 0 0 0 0 0 0 0 0 0 16 0 10 0 0 16 
13 0 0 0 0 0 0 0 0 0 17 0 0 0 0 16 0 0 0 0 17 0 13 0 16 0 15 0 0 0 
0 0 0 0 0 0 0 0 0 18 0 0 0 0 0 0 15 0 0 0 0 17 0 0 0 0 0 0 0 0 
0 0 0 17 0 14 0 0 0 16 0 0 0 0 0 0 0 0 0 0 11 0 0 0 0 13 0 19 0 0 
0 0 0 0 0 0 0 14 0 0 0 0 0 18 0 0 0 0 0 10 16 0 0 0 0 0 0 0 0 0 
0 0 0 0 0 19 0 0 13 0 0 0 0 0 15 0 0 0 0 0 13 0 0 0 0 0 11 0 11 0 
0 0 0 0 0 0 0 0 11 0 0 0 0 18 0 0 15 0 0 10 0 0 19 0 0 13 0 0 14 13 
0 0 0 0 0 0 0 0 0 0 0 0 12 0 15 0 0 0 0 19 0 0 0 0 0 0 0 15 0 0 
0 0 0 15 0 0 0 0 0 0 0 0 0 0 0 0 0 0 0 0 0 0 0 0 0 12 0 0 0 0 
0 0 16 15 0 0 0 0 0 14 0 0 14 0 0 0 0 0 0 0 0 0 0 0 0 0 0 0 0 0 
0 17 15 0 18 0 0 0 0 0 0 0 0 0 11 0 0 0 0 0 0 20 0 14 20 0 0 0 0 0 
0 0 0 0 12 12 0 0 0 0 0 0 0 0 0 0 0 0 0 13 0 0 0 0 0 0 0 0 0 0 
0 0 0 0 0 0 12 0 0 0 0 0 10 0 0 14 0 0 0 0 0 0 0 0 0 0 0 0 0 0 
0 0 0 0 0 0 0 0 0 0 0 17 0 13 0 12 0 17 13 0 0 16 0 16 0 0 0 0 0 0 
0 17 0 10 19 0 0 0 0 0 0 16 0 0 0 0 0 0 0 0 0 19 0 17 0 0 0 0 0 0 
0 0 0 0 0 17 0 10 20 0 0 0 0 0 0 0 0 13 0 0 0 0 0 0 0 0 0 0 0 17 
0 0 0 0 0 0 0 0 0 0 0 0 12 0 0 16 0 0 0 0 17 0 0 20 0 0 0 0 0 18 
0 0 0 0 16 14 0 0 0 0 0 17 0 19 0 0 0 0 0 0 0 0 0 0 0 19 0 17 14 0 
0 0 0 0 0 0 0 0 0 0 0 0 16 0 0 0 0 0 18 0 10 0 0 0 0 0 0 0 0 0 
0 0 0 0 0 0 11 10 11 0 0 0 0 0 15 0 0 11 0 0 0 0 0 0 0 0 10 0 19 0 
0 11 0 0 0 0 0 0 0 0 0 0 16 10 0 0 0 0 0 0 0 0 0 0 16 20 0 0 0 0 
0 13 0 0 0 17 0 12 0 17 0 0 0 10 0 0 17 0 0 0 0 19 0 17 0 0 0 0 0 0 
0 0 16 19 0 0 18 0 0 0 0 0 0 0 0 0 0 0 0 0 0 13 0 0 0 0 0 0 0 0 
0 17 0 0 0 0 0 20 0 0 0 0 0 20 0 14 0 10 0 0 0 0 0 13 0 0 13 0 0 0 
11 0 0 0 0 0 14 0 0 0 0 0 0 16 0 0 0 0 13 0 0 0 0 0 0 0 0 0 0 16 
0 0 18 0 0 16 0 0 0 13 0 0 0 16 0 15 0 0 0 0 0 0 0 0 0 0 0 0 0 0 
0 0 0 0 0 0 0 0 12 0 0 0 13 0 0 0 0 0 0 0 0 0 19 0 0 0 0 0 0 0 
0 0 0 0 0 0 0 0 13 0 16 0 0 0 11 0 0 0 0 0 0 18 0 0 0 0 0 0 0 0 
0 20 0 10 0 0 0 13 0 0 0 13 0 0 0 0 0 0 16 0 0 15 0 0 16 0 0 19 0 0 
13 0 0 0 0 0 0 0 0 0 0 0 13 0 0 0 0 15 19 0 0 0 0 0 0 0 0 19 0 0 
14 0 0 0 0 0 0 0 0 0 0 13 0 0 12 18 0 0 10 17 0 0 0 0 0 12 0 0 11 0 
0 0 0 0 0 0 0 0 0 0 0 0 0 0 19 18 0 0 0 0 0 20 0 0 0 0 0 0 20 0 
0 0 0 0 18 0 12 0 0 0 0 0 0 0 14 0 0 0 0 0 0 0 0 17 0 0 0 0 0 16 
0 0 0 20 18 0 0 0 0 0 0 0 0 0 19 13 0 0 0 0 0 0 0 0 0 0 0 0 0 0 
0 0 0 20 0 0 0 0 15 0 13 0 0 0 0 0 0 0 0 0 0 17 0 0 11 0 0 0 0 0 
0 0 13 0 0 0 0 17 0 0 0 11 0 17 0 0 0 0 17 0 0 0 0 11 0 16 0 0 0 0 
12 19 0 0 0 0 0 14 0 0 0 0 0 0 0 0 0 0 0 0 0 0 0 0 0 0 0 0 0 0 
0 11 0 12 0 0 12 16 0 0 0 0 11 0 0 0 0 0 19 0 0 0 0 0 15 0 0 0 0 0 
12 0 0 0 0 0 0 0 0 0 0 10 12 0 19 0 0 0 0 19 0 13 0 0 0 0 18 0 0 13 
0 0 13 0 0 10 0 0 0 0 13 0 16 0 0 0 0 0 0 0 0 0 0 0 0 0 0 0 0 0 
0 0 0 0 0 0 0 0 0 0 0 0 0 0 0 0 0 0 0 0 0 0 0 0 19 14 0 0 0 0 
0 0 0 0 0 0 0 0 18 0 0 0 0 0 20 0 0 20 0 17 20 0 20 17 0 0 15 0 0 0 
10 0 10 13 0 0 10 0 0 0 0 0 0 0 0 0 0 0 0 0 0 13 0 11 0 0 0 16 12 0 
0 0 0 11 0 16 0 0 0 0 0 0 0 0 0 18 15 0 0 0 0 0 0 0 0 0 0 0 0 0 
0 12 13 0 0 0 14 0 0 0 0 0 0 12 0 17 0 0 0 0 10 0 0 0 0 0 0 0 0 0 
0 0 19 0 0 10 0 0 0 0 0 0 12 17 0 10 0 0 0 0 0 0 0 0 15 0 0 0 0 0 
0 18 0 0 0 0 0 0 0 0 19 11 15 0 0 0 0 0 0 0 0 0 10 0 0 0 17 17 0 0 
0 0 0 0 0 0 0 0 0 14 19 0 0 0 0 0 0 16 0 0 19 14 0 14 0 0 19 10 0 0 
0 0 0 0 0 0 0 0 0 0 0 16 0 0 0 0 0 0 0 0 0 0 0 0 0 0 0 0 17 0 
0 0 0 17 0 0 0 0 0 19 0 0 0 0 0 0 0 0 17 0 0 0 0 20 0 0 0 0 0 0 
0 20 0 0 0 11 0 14 0 0 12 0 0 0 0 0 0 19 0 0 14 0 0 0 19 0 0 0 0 0 
0 0 0 0 0 10 0 0 0 0 0 0 0 16 0 0 19 0 0 0 0 0 0 0 0 20 0 0 0 0 
0 19 0 0 0 0 0 0 0 0 0 0 0 0 0 0 0 0 0 0 0 0 0 0 0 0 0 0 16 12 
0 15 0 0 0 0 0 0 0 0 0 0 0 20 0 0 0 0 0 0 0 0 0 0 0 0 0 0 0 0 
0 0 0 0 0 0 0 0 0 18 0 0 0 0 0 0 0 0 0 14 13 0 0 0 0 0 0 0 0 0 
16 0 0 0 12 0 0 0 0 0 0 0 0 0 0 0 0 0 0 0 0 0 0 0 0 0 15 0 0 0 
0 0 17 17 0 0 0 0 0 0 0 0 0 0 0 0 18 0 0 0 0 0 0 0 14 16 0 20 0 0 
0 0 0 0 0 0 0 19 0 16 0 17 18 0 0 0 0 0 17 0 0 0 0 0 0 0 0 0 0 11 
0 18 0 0 0 0 0 0 0 0 0 0 13 0 0 0 0 0 0 0 0 0 16 0 0 0 0 0 0 0 
0 0 0 0 0 0 0 0 19 0 0 0 0 0 0 0 0 0 0 0 0 0 11 0 0 0 17 0 0 0 
0 0 0 15 0 0 0 17 0 0 0 0 0 0 13 0 0 0 0 0 0 0 0 0 13 0 0 0 0 0 
0 0 0 0 0 0 0 0 0 0 0 0 0 0 0 11 0 0 0 15 0 0 0 0 0 0 0 0 0 0 
16 10 0 0 0 0 0 0 0 0 0 0 0 0 0 11 0 0 0 0 0 0 0 0 0 0 0 0 0 0 
0 18 17 0 0 0 0 0 0 0 0 0 0 0 0 0 0 0 0 0 0 0 0 0 0 0 0 0 0 0 
18 0 0 0 0 15 0 0 17 0 0 13 0 0 17 0 0 10 13 0 0 0 0 0 0 0 13 0 0 0 
0 0 0 0 0 0 0 0 0 0 0 0 0 0 17 0 0 0 20 0 0 0 0 0 14 0 0 0 11 11 
0 12 0 0 0 0 0 10 0 16 0 0 0 0 0 0 0 0 0 13 0 0 0 11 0 0 0 0 0 0 
0 17 0 0 0 0 0 0 0 0 0 0 17 0 0 17 0 0 12 0 0 0 0 13 0 0 0 0 0 0 
0 0 0 12 0 0 0 0 0 0 0 0 18 0 0 0 0 0 0 16 0 0 11 0 0 0 0 0 0 0 
0 0 0 0 0 15 0 0 0 0 14 0 0 0 12 0 0 0 0 11 16 0 0 14 0 0 0 0 0 0 
0 0 0 18 0 0 0 18 0 0 0 0 19 15 0 0 0 0 12 0 0 0 0 0 0 0 20 0 0 12 
16 0 0 0 0 16 0 0 0 0 12 0 14 16 0 0 0 0 0 18 18 0 0 0 16 0 0 0 0 0 
0 0 13 0 19 20 0 0 0 0 0 0 0 0 0 0 0 0 0 0 0 0 0 0 0 0 0 0 13 0 
15 0 0 0 0 0 0 15 17 17 0 0 0 0 0 0 0 0 0 0 20 0 0 0 0 0 0 0 0 0 
0 0 0 0 0 0 0 0 0 0 0 0 0 0 0 0 0 0 0 0 10 0 0 0 0 0 0 0 0 19 
0 0 0 0 0 0 0 0 0 0 0 0 20 0 0 0 0 0 0 0 0 0 0 0 0 0 15 0 0 0 
0 0 0 15 0 0 0 13 0 11 0 0 10 16 0 0 0 0 15 0 0 0 0 0 0 14 0 0 0 19 
12 0 12 0 0 0 16 0 17 0 0 0 0 0 0 0 0 17 0 0 0 0 0 17 0 19 0 0 0 0 
0 0 0 0 0 0 0 0 0 0 0 0 0 0 0 0 0 15 0 13 0 0 0 20 0 0 0 0 0 0 
0 0 0 0 0 0 0 0 0 0 0 0 0 0 0 0 0 0 0 0 0 0 0 19 0 0 17 0 0 0 
0 20 15 11 0 0 0 0 0 14 18 17 0 0 0 0 0 0 0 0 0 0 0 0 0 0 0 0 0 0 
0 0 0 0 0 0 0 18 0 15 16 20 0 0 0 0 0 0 0 0 0 0 0 0 0 0 13 0 0 0 
19 20 0 0 20 0 0 0 10 12 0 0 0 0 0 0 0 0 14 0 0 0 0 0 0 10 16 0 0 0 
0 0 0 0 0 0 0 0 0 0 0 0 14 0 0 15 0 0 0 0 0 17 0 13 0 0 0 0 0 0 
0 15 0 0 0 0 0 0 14 0 0 16 0 0 0 0 0 15 0 0 0 0 0 0 14 0 0 0 0 0 
0 12 0 0 0 11 0 0 0 0 0 0 0 18 0 0 20 10 0 0 0 0 0 15 0 0 0 0 0 0 
0 0 0 0 15 0 0 0 0 15 0 0 0 0 0 11 0 15 14 0 20 14 0 20 0 0 0 0 0 0 
0 0 0 13 0 0 0 14 0 0 0 0 0 0 10 0 0 0 11 0 0 19 0 0 0 0 12 0 15 0 
0 0 0 0 0 0 0 0 13 0 0 0 0 0 0 0 0 0 0 0 0 0 13 0 0 0 20 0 19 0 
0 0 12 0 0 0 0 19 0 0 0 0 0 0 0 0 0 20 0 0 0 0 0 0 0 0 0 0 0 0 
0 0 0 0 0 0 0 0 0 0 0 0 0 0 0 0 12 0 0 0 0 0 19 0 0 0 14 0 0 0 
0 0 16 0 20 0 15 0 0 0 16 0 0 0 0 0 0 0 14 14 20 14 0 0 0 0 0 0 0 0 
0 0 0 0 18 0 0 0 0 0 0 14 0 0 0 17 20 0 0 0 0 0 0 0 0 0 0 0 0 0 
10 0 0 0 0 0 0 0 17 0 19 0 0 15 0 0 0 0 0 0 0 16 10 0 0 0 0 15 0 0 
17 0 0 0 0 18 0 0 0 0 0 0 14 0 20 0 18 0 0 0 0 0 0 0 0 0 0 0 12 12 
0 0 0 19 0 0 0 0 16 0 17 0 0 0 0 0 17 0 0 0 12 10 15 0 17 0 0 0 0 0 
0 0 0 0 0 0 0 0 0 20 0 0 0 0 0 0 0 0 19 0 19 0 0 19 0 0 19 0 14 13 
0 0 0 0 0 0 0 0 0 12 0 0 0 0 0 0 0 0 0 0 15 0 0 0 0 0 0 0 0 0 
14 0 11 0 0 0 0 0 0 12 0 0 0 18 0 0 0 12 10 11 0 0 0 0 0 0 0 0 0 0 
18 0 0 0 0 0 0 0 0 11 0 0 0 0 0 0 0 0 0 0 0 0 0 0 0 0 0 0 0 0 
0 0 0 0 0 0 20 0 19 0 0 11 0 17 0 0 0 19 0 0 0 10 0 10 0 0 0 0 0 0 
0 13 0 0 0 0 0 0 17 0 0 0 15 0 0 0 0 0 0 15 0 0 0 19 0 0 0 0 0 0 
0 0 0 0 0 0 0 0 0 0 0 14 0 0 10 0 0 0 15 0 0 0 0 0 16 0 0 0 0 0 
10 0 16 11 0 0 0 14 12 0 0 0 10 0 0 0 0 0 0 20 0 0 0 0 0 17 0 0 0 0 
0 0 15 15 0 0 0 19 0 0 0 0 0 14 0 0 0 12 0 0 17 13 0 0 0 0 15 0 0 0 
0 0 0 0 0 0 0 0 0 0 0 0 10 12 0 0 0 0 16 0 0 0 15 0 0 0 0 0 0 20 
0 0 0 0 0 0 0 0 0 16 0 15 0 18 0 0 0 15 0 0 0 10 0 11 0 0 0 20 0 0 
0 0 0 0 0 18 0 15 11 16 0 0 0 0 0 0 0 12 0 0 0 0 0 0 0 16 0 0 19 0 
18 14 0 0 0 0 0 0 0 0 0 13 0 0 10 0 0 0 17 0 0 16 20 0 0 0 0 0 0 0 
0 0 0 0 0 17 0 0 0 0 0 0 20 0 0 0 0 11 0 0 0 0 0 0 0 0 0 0 0 0 
0 0 0 0 0 0 0 0 0 19 0 12 0 0 0 0 0 17 0 0 0 0 0 16 0 0 0 0 0 0 
0 0 0 0 0 0 0 0 0 0 17 0 0 0 0 0 0 11 0 13 0 0 0 20 0 0 0 0 0 0 
0 0 0 0 0 0 18 0 0 0 18 0 0 0 0 0 0 0 0 0 0 0 0 0 0 0 0 0 0 0 
0 0 0 0 0 0 0 0 0 15 0 0 0 0 0 0 0 0 0 0 0 15 0 0 0 0 0 0 0 0 
0 0 0 0 0 0 0 0 19 18 0 0 0 0 0 0 0 0 0 0 10 0 0 0 11 0 0 17 11 0 
0 0 0 0 0 14 0 0 0 0 0 0 0 0 0 0 0 0 17 0 0 0 0 0 0 0 0 0 0 0 
0 0 0 0 0 0 0 0 17 0 18 0 0 0 0 0 0 15 0 16 0 0 0 0 0 0 0 0 17 0 
0 0 0 0 0 0 0 0 0 0 0 0 11 0 0 0 0 0 0 0 0 14 0 0 0 0 0 0 0 0 
0 0 0 0 0 0 0 0 0 13 0 0 0 0 0 0 0 0 0 0 0 0 0 0 18 15 0 12 11 0 
0 0 0 0 0 0 0 0 0 0 0 0 0 0 0 0 10 0 0 0 0 0 0 0 0 17 0 0 0 0 
0 0 0 0 0 0 0 0 0 0 0 14 0 0 15 0 0 0 0 0 0 0 0 14 16 0 0 0 0 0 
0 0 0 0 0 0 0 16 0 18 0 0 0 0 17 0 0 14 0 0 0 14 0 0 0 0 0 0 0 0 
0 0 0 11 0 13 0 0 17 0 0 0 0 0 0 11 0 13 0 0 0 0 0 12 0 17 0 0 0 0 
17 0 0 0 0 0 0 20 0 0 19 0 0 16 0 0 0 16 0 13 0 10 0 0 0 0 0 0 0 0 
10 0 15 0 0 0 14 0 0 0 0 0 0 15 0 0 0 0 0 15 0 0 13 16 0 0 0 0 0 0 
0 0 0 0 0 0 0 0 0 0 16 0 17 0 14 0 0 0 0 0 0 0 0 0 0 0 13 0 15 0 
0 0 0 0 0 0 0 0 0 11 0 11 13 0 0 0 10 0 0 0 12 0 0 17 0 0 0 0 0 0 
18 0 0 0 10 0 0 0 20 0 0 0 0 0 12 0 0 0 0 0 0 0 0 0 14 11 0 0 0 14 
0 13 0 0 0 0 0 0 0 0 0 0 0 15 0 0 0 0 0 0 0 0 0 0 0 0 0 10 0 0 
13 0 19 0 0 20 0 0 0 0 0 0 0 0 12 0 12 0 0 0 0 0 0 0 0 0 0 0 14 0 
0 0 0 0 0 0 0 0 0 0 0 20 0 0 0 0 0 0 17 0 0 20 0 0 0 0 0 12 0 0 
10 0 0 0 0 10 0 16 0 0 0 18 0 0 0 17 0 0 0 14 0 0 0 0 0 0 0 0 0 0 
0 0 18 0 0 18 14 0 0 0 0 0 0 0 16 11 0 13 0 0 14 0 0 0 12 0 0 0 0 0 
0 0 0 0 0 0 0 0 0 0 0 0 11 12 0 13 0 0 0 0 0 0 0 0 0 0 0 0 20 0 
0 0 0 0 0 18 0 0 0 0 0 18 0 0 0 0 15 0 14 0 0 0 0 0 0 11 10 0 0 0 
18 13 15 0 0 11 0 0 0 0 0 0 0 0 0 16 0 0 0 11 0 0 0 0 18 0 0 14 0 0 
11 0 0 0 12 13 0 0 0 0 0 0 0 0 0 0 0 0 0 0 0 0 0 0 0 0 11 0 0 0 
0 0 17 0 0 18 0 0 0 0 0 0 0 0 12 0 0 0 18 12 0 0 0 0 0 16 0 0 0 0 
0 16 0 20 0 0 0 0 0 0 0 0 0 0 0 0 0 0 17 0 0 0 0 0 0 0 0 0 0 0 
0 0 0 0 0 0 0 0 0 0 20 0 0 0 0 0 0 0 0 0 0 0 0 0 0 0 0 12 0 0 
0 0 0 0 15 13 0 0 0 11 0 11 0 12 0 0 0 0 0 0 0 12 0 0 0 0 14 0 0 15 
0 0 0 19 0 0 0 0 0 0 0 0 0 0 0 0 0 0 0 0 10 0 0 0 12 18 0 0 0 0 
0 0 10 0 0 0 0 0 0 0 19 0 0 0 0 15 0 0 0 0 19 0 0 0 0 0 0 0 0 0 
0 0 11 0 0 0 0 0 0 0 0 0 0 13 0 0 0 0 17 15 0 0 0 0 0 20 0 0 0 0 
0 0 0 0 0 0 0 0 0 0 0 0 0 0 0 19 0 0 0 0 13 0 0 0 0 0 0 0 0 0 
0 0 0 0 0 20 0 0 20 16 0 0 0 0 0 0 0 12 0 0 0 17 10 0 0 0 0 0 15 14 
0 0 0 0 0 12 0 0 0 0 0 0 0 16 0 0 0 0 0 16 0 18 0 0 0 0 0 0 0 15 
0 17 0 0 0 0 16 0 17 0 0 0 19 0 0 0 0 0 0 0 0 0 0 0 19 0 0 0 0 14 
0 0 0 0 0 0 0 0 0 0 18 0 0 0 15 0 0 0 18 18 0 0 0 0 12 0 0 0 15 0 
0 0 0 0 0 0 13 0 0 0 0 0 0 0 0 20 0 0 0 0 0 0 0 0 0 0 0 0 0 17 
0 0 0 0 0 0 0 0 0 13 19 0 0 16 0 0 0 0 0 0 17 0 0 0 0 11 0 16 0 0 
0 18 0 0 0 0 0 0 0 0 0 0 0 0 0 0 0 0 0 0 12 17 15 0 0 12 12 0 0 0 
0 0 12 0 0 0 0 0 0 0 11 0 0 19 15 0 0 0 0 11 0 0 0 0 0 20 0 0 12 0 
0 0 0 0 17 0 0 0 0 0 10 0 0 0 0 19 0 0 0 0 0 0 0 0 0 16 0 10 0 0 
0 0 0 0 0 0 0 0 18 0 0 0 0 0 0 0 0 17 0 0 20 0 0 0 0 13 0 0 0 0 
0 0 0 0 0 16 0 0 0 0 0 0 0 0 0 12 0 11 0 0 0 0 19 0 0 0 0 0 0 0 
0 0 0 14 0 0 16 0 0 0 0 0 0 0 13 0 20 0 14 15 0 0 0 0 19 0 0 0 0 0 
0 0 0 0 0 0 0 0 15 0 0 0 0 0 0 0 0 0 0 16 0 0 0 0 0 0 0 0 16 0 
0 0 0 0 0 0 0 0 17 0 0 0 15 0 0 13 0 0 17 0 0 13 0 14 0 17 0 10 0 0 
0 0 0 0 10 0 0 0 15 0 13 0 0 0 0 0 19 0 0 0 0 0 0 16 0 0 0 0 0 0 
16 0 0 0 0 0 0 0 0 0 0 0 0 0 0 11 0 0 0 0 0 0 0 0 0 0 12 0 0 0 
0 0 0 0 0 17 0 0 0 0 0 0 0 10 0 0 0 0 0 0 0 0 0 0 0 0 0 0 20 0 
0 0 0 0 20 0 0 11 0 0 0 0 0 0 0 0 0 0 12 0 0 0 0 0 10 0 0 0 0 11 
0 0 0 0 0 0 0 0 0 0 0 0 0 0 0 0 0 12 0 16 0 0 0 0 0 0 16 0 0 0 
0 0 0 0 0 11 0 0 13 0 0 15 0 0 0 0 13 16 12 0 0 17 0 0 0 0 0 0 14 0 
11 0 0 0 0 0 0 0 0 0 0 19 0 14 0 0 0 0 0 0 0 0 0 0 11 0 0 0 0 0 
0 0 0 0 0 0 0 0 0 0 0 0 0 0 15 0 0 0 0 0 0 0 0 0 0 0 10 12 0 0 
12 0 0 0 11 0 10 0 0 0 0 0 0 0 13 0 0 0 0 0 0 0 0 0 0 0 0 0 0 0 
0 0 0 0 0 0 0 0 0 0 0 0 0 0 0 0 13 0 0 0 14 0 13 13 0 0 0 11 0 0 
0 0 13 0 0 0 13 15 14 0 0 11 0 0 13 0 0 0 11 0 0 0 0 0 0 0 0 0 0 0 
0 0 11 0 0 0 0 0 0 0 20 0 0 16 0 16 10 0 0 0 0 0 0 0 0 17 11 0 0 0 
10 0 0 0 0 10 13 0 0 0 0 0 0 0 0 0 0 0 0 0 0 0 18 0 0 0 0 0 0 15 
11 0 0 0 0 0 0 0 11 0 0 0 0 0 0 0 0 0 0 13 0 11 0 0 0 0 0 0 0 0 
0 11 0 0 0 0 20 0 0 0 0 0 17 16 0 0 0 0 0 0 0 0 0 0 0 17 0 0 19 0 
0 12 14 12 0 15 17 0 0 0 0 16 0 0 0 0 0 11 0 0 0 0 0 0 0 0 0 0 0 0 
0 13 19 0 0 0 0 0 0 0 11 0 0 15 0 0 0 12 0 15 12 0 0 0 0 0 0 0 20 0 
0 0 0 0 0 0 0 0 0 0 0 0 19 0 0 0 11 0 0 0 0 0 10 0 0 16 0 0 0 0 
0 0 0 0 15 0 0 0 0 0 16 0 0 0 0 0 0 0 0 0 0 0 0 0 0 0 0 0 0 0 
0 0 0 0 0 13 0 0 12 0 0 0 13 0 18 0 0 0 0 12 19 0 0 16 0 19 0 0 0 0 
0 0 0 0 0 0 0 0 12 0 0 17 0 10 0 20 0 19 0 0 13 14 0 0 0 0 0 14 0 0 
11 0 0 0 0 0 0 0 0 0 0 18 0 0 0 0 0 0 0 10 0 0 0 0 0 0 0 0 10 0 
0 10 0 0 0 0 0 10 0 0 0 17 0 17 0 0 0 19 0 11 0 0 17 0 0 0 0 0 0 0 
0 0 0 18 0 0 19 0 12 0 0 0 0 0 0 0 0 0 0 12 0 19 12 0 0 19 0 0 0 12 
0 0 0 0 0 0 0 0 0 0 0 0 0 0 0 0 0 0 15 20 0 0 0 0 0 20 0 0 0 0 
0 0 0 0 17 0 0 0 0 0 0 0 0 0 0 13 16 0 0 0 0 0 11 0 0 0 11 0 15 0 
0 0 0 0 0 0 0 0 0 0 0 0 0 0 0 0 15 0 0 0 0 0 19 0 0 0 0 0 0 0 
0 0 0 0 0 0 0 0 0 0 0 0 0 0 14 0 0 0 0 0 0 0 0 0 0 0 0 0 16 0 
0 18 0 0 0 0 0 0 0 0 0 0 0 0 0 0 0 0 10 14 0 0 0 0 0 0 13 0 0 0 
0 0 0 0 0 0 0 0 0 0 0 0 0 0 0 19 0 0 19 0 0 0 0 0 0 12 0 0 0 0 
0 0 20 0 0 0 17 0 0 0 0 0 0 0 0 0 0 0 0 0 0 0 0 15 0 0 11 0 0 0 
0 0 17 0 0 0 0 12 0 16 0 0 0 0 0 0 0 20 20 0 0 0 0 0 0 0 0 18 0 20 
0 0 18 0 0 0 0 0 0 0 20 0 17 0 0 0 19 11 0 12 0 20 0 0 0 0 0 0 0 0 
0 0 0 0 14 0 0 0 19 0 0 0 0 18 20 11 0 0 0 0 0 0 15 0 0 10 11 0 0 0 
11 0 0 0 0 0 0 0 0 0 0 0 0 0 0 16 0 0 0 0 0 0 0 0 13 0 0 0 0 0 
13 0 0 15 0 16 0 0 0 17 11 0 0 0 0 0 0 0 0 0 11 0 0 0 0 0 0 0 17 0 
0 0 0 11 0 0 0 13 0 0 0 0 10 0 0 0 0 0 0 10 0 11 0 0 10 0 0 0 12 0 
0 0 0 0 0 0 16 0 0 0 18 0 0 16 13 0 0 0 0 15 0 0 10 13 0 0 0 0 14 0 
0 0 0 0 0 0 0 0 0 0 0 0 19 12 0 0 0 0 0 0 12 0 0 0 0 0 11 0 0 0 
0 0 0 0 0 0 17 0 0 0 0 0 15 0 0 0 0 0 0 0 0 0 0 0 0 20 0 0 0 0 
0 16 0 0 0 11 0 0 0 0 0 0 15 0 0 0 0 0 0 0 16 0 0 0 20 0 13 20 19 0 
0 0 0 0 0 0 0 0 0 18 0 0 0 0 0 0 0 0 0 0 0 0 14 0 0 0 0 0 0 0 
0 11 0 0 0 0 0 0 0 0 0 12 0 0 0 16 0 0 0 0 0 0 0 0 0 0 0 0 0 0 
0 0 0 0 0 0 0 0 20 0 0 0 0 0 0 0 13 0 0 0 0 0 0 0 0 0 0 0 0 0 
0 0 0 0 0 0 0 0 0 0 0 0 0 0 0 0 0 0 0 0 0 0 0 0 0 15 0 0 0 14 
13 0 0 0 0 0 0 0 10 0 0 11 0 0 19 0 0 0 0 0 0 0 0 13 0 0 0 0 0 0 
0 0 0 0 0 0 0 0 0 0 0 0 14 0 0 0 0 0 11 0 0 0 13 0 20 18 0 0 0 0 
0 0 0 13 0 0 0 10 0 0 18 0 17 0 17 14 0 0 0 0 0 0 0 0 16 0 0 0 0 0 
0 0 0 0 0 0 0 14 0 11 0 0 0 0 12 14 0 19 0 0 0 0 0 0 0 0 15 0 0 0 
0 0 17 0 0 18 0 0 0 0 0 0 0 17 20 0 0 0 0 11 14 0 11 0 0 0 0 0 0 0 
0 0 0 0 0 0 0 0 0 10 0 0 14 0 0 0 0 0 0 0 0 0 0 0 0 0 0 0 0 0 
18 0 0 0 0 0 0 0 0 10 17 0 0 0 0 12 0 0 0 16 20 17 0 17 0 0 0 0 0 0 
14 0 19 12 0 17 0 0 0 0 0 0 14 20 0 0 0 0 0 0 0 0 11 0 0 0 0 0 12 0 
0 0 0 0 18 0 0 0 0 0 13 0 0 0 0 0 0 0 0 0 0 0 18 0 0 0 0 0 0 15 
14 0 0 0 0 0 17 0 0 0 0 0 0 0 11 0 0 12 0 0 0 0 19 0 0 0 0 0 0 0 
20 0 0 18 0 0 16 0 0 0 0 0 0 0 0 0 0 18 0 0 0 0 20 0 0 14 0 0 19 0 
0 0 0 0 0 0 0 0 0 0 0 0 0 0 20 0 11 13 0 0 11 13 0 0 0 0 14 0 14 0 
0 0 20 0 0 11 0 0 0 0 12 0 0 16 0 0 0 0 0 0 13 0 0 0 0 0 0 0 11 17 
0 0 0 0 0 0 14 0 12 0 19 0 14 0 0 0 0 0 0 0 20 0 0 15 14 0 0 0 0 0 
0 10 0 0 19 0 0 0 16 0 0 0 0 14 0 0 0 0 11 0 0 0 0 0 0 15 0 0 0 0 
0 0 0 0 13 0 0 0 0 0 0 14 0 0 0 0 0 0 0 0 0 0 0 13 0 0 10 0 0 0 
0 0 0 0 0 0 0 12 0 0 20 0 0 16 0 0 0 0 0 18 0 0 0 0 0 0 0 0 0 0 
20 0 0 0 0 15 0 19 0 11 0 17 0 0 0 0 0 18 0 0 0 0 0 0 0 0 0 0 0 0 
18 0 0 0 0 0 11 0 0 0 0 0 0 0 0 0 13 0 0 0 0 0 11 0 0 0 0 0 0 20 
0 0 0 0 18 0 11 0 12 15 0 0 0 0 0 0 0 0 0 0 14 12 16 0 0 0 0 0 0 0 
0 0 16 0 0 0 0 0 0 10 0 0 0 0 0 0 0 0 0 0 14 0 0 0 0 0 0 0 0 0 
0 0 0 0 0 0 0 0 0 0 0 0 0 0 0 0 0 0 15 0 0 14 0 0 15 0 0 0 17 0 
0 12 0 0 0 0 0 0 0 0 0 0 13 0 0 0 0 15 0 0 0 0 0 0 0 0 0 20 0 0 
16 13 0 16 0 0 14 18 0 0 0 14 0 0 0 0 0 0 0 0 20 0 0 0 0 0 0 0 0 0 
0 0 0 0 12 0 17 12 0 0 16 0 0 0 0 0 13 0 0 0 0 0 0 10 0 0 0 0 0 0 
0 0 15 0 0 0 0 15 0 0 17 0 0 18 0 0 0 0 0 0 0 0 0 0 0 0 0 0 0 0 
0 0 0 0 0 10 17 19 0 0 15 0 0 0 11 0 0 0 19 0 0 0 0 0 0 0 0 0 0 0 
0 0 17 15 0 0 0 0 0 0 0 0 0 10 0 0 0 0 16 0 0 12 0 0 13 20 13 0 0 0 
0 0 0 12 0 0 0 13 0 0 0 0 0 0 0 0 0 0 0 0 0 0 0 0 0 0 0 0 0 0 
0 0 0 17 0 0 0 0 0 0 0 0 0 0 0 0 0 10 0 0 16 15 0 0 0 0 10 0 0 0 
0 0 0 18 0 0 0 0 0 0 0 0 0 0 0 0 0 0 0 0 0 0 0 0 11 14 0 0 0 0 
0 0 0 0 18 0 15 0 0 0 0 0 15 0 0 0 0 0 0 0 14 19 11 0 0 0 0 14 0 0 
0 17 0 0 0 0 0 0 17 0 0 0 17 0 0 19 0 10 0 0 0 0 11 0 0 0 0 0 0 0 
0 14 0 0 0 10 0 0 0 12 0 0 0 0 0 0 0 0 0 0 0 0 0 0 0 0 0 0 0 20 
0 0 0 0 10 0 12 0 0 0 0 0 0 0 0 0 0 0 0 0 0 0 14 0 0 0 0 0 0 0 
0 0 0 0 0 19 0 0 0 0 0 0 12 0 0 0 0 0 0 0 18 0 0 0 0 0 0 0 0 0 
0 0 0 0 0 0 0 16 0 0 14 19 0 0 0 16 16 16 0 0 0 0 0 0 0 0 0 0 18 19 
0 0 0 0 0 0 0 0 0 19 0 0 14 19 0 0 0 0 0 11 0 0 0 20 0 0 0 0 0 0 
0 0 0 15 0 0 15 0 0 0 0 0 12 0 0 0 0 0 17 0 0 0 0 12 0 0 0 0 0 0 
0 0 16 0 0 0 0 0 13 15 0 0 0 0 0 17 0 0 0 0 0 0 0 16 0 0 0 0 0 0 
14 0 0 0 0 0 0 0 0 11 0 13 0 0 19 11 0 11 0 14 12 0 0 0 0 0 0 0 0 0 
0 16 11 0 0 18 0 0 14 0 0 0 0 20 0 0 0 16 0 0 0 12 0 0 16 0 0 0 0 0 
0 11 0 0 0 0 11 0 0 0 0 0 0 0 0 0 0 0 0 0 0 0 0 0 0 0 0 0 0 0 
0 0 0 10 0 0 0 0 11 0 14 14 10 0 0 0 0 11 0 0 15 0 0 0 0 0 0 0 0 0 
0 0 0 0 13 0 0 13 0 0 0 0 0 0 0 15 17 0 0 0 0 0 0 0 0 0 0 0 0 0 
18 0 0 0 0 16 0 0 0 0 0 0 15 0 0 0 0 0 0 0 0 0 0 0 0 0 0 0 0 0 
0 0 0 0 0 19 0 0 17 0 0 0 10 0 16 0 0 0 0 14 13 0 0 0 0 0 0 0 0 0 
0 0 17 12 0 0 0 12 0 0 0 0 19 0 0 0 20 0 0 0 0 0 15 0 0 0 0 0 0 0 
0 0 0 0 0 0 0 0 0 0 0 0 0 0 0 0 0 0 0 0 0 0 0 0 0 0 0 17 16 0 
0 0 0 0 0 0 0 0 0 0 0 0 16 0 14 0 0 0 0 0 0 0 0 18 0 0 0 0 0 0 
0 13 0 0 0 0 0 12 13 0 0 0 0 15 0 0 0 16 0 0 0 0 18 0 0 0 15 0 17 0 
0 16 15 0 0 0 0 0 0 0 0 0 0 0 0 0 16 0 0 10 0 0 0 0 0 0 10 0 14 0 
0 14 15 0 20 0 0 0 0 0 0 17 0 0 0 0 19 20 0 0 0 0 10 0 0 0 20 0 0 0 
0 0 0 0 0 0 0 0 0 0 0 0 0 0 0 0 0 0 10 0 18 0 0 0 0 0 0 0 0 0 
0 0 0 0 0 0 17 0 0 0 13 0 16 0 0 0 14 15 0 0 16 0 0 0 0 0 0 0 0 0 
0 0 0 11 0 0 0 0 14 0 0 0 0 0 11 0 0 0 20 0 0 0 0 10 0 0 0 0 0 0 
0 0 0 0 0 0 0 13 19 0 20 0 0 0 0 0 0 0 20 0 0 0 0 0 0 0 20 20 0 0 
0 18 0 0 0 0 0 0 0 0 0 0 0 10 0 0 0 13 0 0 0 0 0 0 19 0 0 0 0 0 
0 0 0 17 0 0 14 0 0 0 15 0 14 12 17 0 0 0 0 0 0 0 0 0 0 0 0 19 0 13 
20 0 0 15 19 0 0 0 0 15 0 20 0 0 0 0 0 11 0 0 0 0 0 0 0 15 0 0 0 0 
0 0 0 20 0 10 0 0 0 0 12 0 0 12 0 0 0 0 16 0 0 0 0 0 0 0 0 0 17 0 
10 0 0 0 18 0 0 0 0 0 0 0 0 0 0 0 0 0 13 0 0 0 0 0 0 0 0 0 0 0 
0 0 0 0 14 0 11 13 0 14 0 14 0 0 0 0 16 0 0 0 0 0 0 12 0 0 0 0 0 0 
0 0 13 0 0 12 0 0 0 0 0 0 0 0 11 0 0 0 0 0 0 0 0 16 0 0 0 0 0 0 
0 0 0 0 0 0 0 12 0 0 18 17 0 10 14 0 20 0 0 0 12 0 0 0 0 0 0 0 0 17 
0 0 14 0 0 0 0 0 0 0 0 0 0 14 15 0 0 0 0 0 0 0 0 0 0 0 0 0 0 0 
0 0 0 0 0 0 0 0 0 15 0 0 0 0 0 20 0 0 18 0 0 11 0 0 14 0 0 0 0 0 
0 14 0 10 0 0 0 16 0 0 0 0 17 0 0 0 0 0 0 0 0 0 0 0 0 0 14 0 0 0 
0 0 0 0 11 16 0 17 0 10 20 0 0 0 0 0 0 0 0 0 0 0 0 0 0 0 18 0 0 0 
0 0 18 0 0 0 0 0 0 0 0 0 0 0 0 0 0 0 0 11 0 0 17 16 14 0 16 0 0 0 
0 0 0 0 16 0 11 0 0 20 0 0 13 0 0 0 0 0 0 0 0 0 0 0 0 0 0 0 0 10 
0 14 0 0 0 0 11 0 0 0 0 12 0 0 0 0 0 13 15 0 0 0 0 0 0 0 0 0 0 0 
0 10 10 19 0 0 0 0 0 0 0 0 0 0 0 0 19 0 0 0 0 0 0 0 0 0 0 0 10 14 
14 0 0 0 0 0 0 0 0 0 0 0 0 0 0 0 0 0 10 0 0 10 19 20 0 0 0 0 0 14 
0 15 0 12 0 0 0 12 0 14 0 0 0 0 0 0 0 0 0 0 0 0 0 10 18 12 17 0 0 0 
0 0 0 0 0 0 0 0 12 0 0 0 13 0 18 0 0 0 0 0 0 0 0 0 0 0 0 0 0 15 
0 0 0 0 0 0 0 0 0 0 0 0 11 0 0 0 0 18 0 11 20 0 19 0 0 0 0 20 0 0 
0 0 20 0 0 0 0 0 0 0 0 0 0 0 0 10 0 0 0 0 0 0 0 0 0 0 0 0 0 0 
0 0 14 0 0 13 0 0 0 0 0 0 0 0 0 0 0 0 0 0 0 0 0 0 0 10 0 0 0 0 
0 0 19 0 0 0 0 17 0 0 0 0 12 0 0 0 19 16 0 18 0 0 17 0 0 0 0 0 12 0 
0 0 0 16 16 0 0 0 17 0 0 0 16 0 0 0 11 0 0 0 0 0 0 0 0 0 0 12 11 20 
0 17 20 12 0 0 0 0 0 20 0 0 0 15 0 0 0 0 0 0 0 15 20 0 0 0 0 0 0 0 
0 0 0 12 0 0 0 0 0 0 17 0 15 0 14 0 0 0 13 0 0 15 0 0 17 0 0 0 0 0 
0 0 0 0 19 0 0 0 0 0 0 0 0 0 0 0 0 0 0 0 0 0 0 0 0 13 0 0 0 0 
0 0 0 0 10 0 0 0 0 0 20 11 0 0 0 0 17 0 19 0 0 12 0 0 14 0 0 0 0 17 
0 14 0 0 17 0 0 0 0 0 0 0 0 0 14 0 0 0 0 0 0 15 20 0 0 0 0 0 0 0 
0 0 0 0 0 0 0 0 20 14 0 0 0 0 0 0 0 0 0 0 0 0 0 0 0 0 0 0 0 0 
0 0 0 0 0 0 17 0 0 0 0 14 0 13 0 0 0 0 0 0 0 0 0 0 0 0 0 14 0 19 
0 0 0 0 0 0 0 0 0 16 0 0 0 0 0 0 0 0 0 0 0 20 10 0 11 0 0 0 0 0 
0 0 0 20 19 0 0 0 16 0 0 0 11 0 0 0 0 0 14 0 0 0 13 0 11 0 0 0 0 0 
0 0 0 0 0 0 0 0 0 0 12 0 0 0 0 0 0 0 0 0 16 0 0 0 20 0 0 0 0 13 
0 0 13 0 0 0 0 0 16 0 0 15 0 0 15 0 0 0 15 16 0 0 0 14 0 0 0 0 0 0 
0 0 0 0 0 0 13 0 0 0 19 0 0 12 0 0 0 0 17 0 0 10 0 0 0 20 0 0 0 0 
0 0 0 17 20 0 0 0 0 0 0 0 0 0 0 0 0 0 0 0 0 0 0 0 0 0 0 0 0 0 
20 15 0 0 11 0 0 0 0 0 0 0 0 12 0 0 0 0 0 0 0 0 0 0 17 13 17 10 0 0 
0 0 0 0 0 19 0 11 0 12 0 0 0 0 0 0 0 0 0 13 0 0 0 0 0 0 0 0 0 15 
0 11 12 10 0 0 18 18 0 0 18 0 13 0 0 0 0 0 0 0 0 20 0 0 0 0 0 0 0 0 
0 0 0 0 0 19 0 15 0 17 0 0 0 20 0 14 0 0 0 0 0 0 0 12 0 11 0 0 0 18 
0 0 0 0 0 0 0 0 0 0 0 0 14 0 0 0 10 0 0 0 0 0 0 0 0 0 0 10 0 0 
0 0 0 0 17 0 0 0 0 0 0 0 10 0 0 0 12 0 0 0 0 0 20 0 0 0 0 0 13 0 
12 16 0 14 0 0 0 0 0 0 0 0 16 13 18 0 0 0 0 10 0 0 0 0 0 0 0 0 0 0 
0 0 14 0 0 0 0 0 15 0 0 0 0 0 0 0 0 0 0 0 0 0 0 0 0 0 13 0 0 0 
16 0 0 0 0 0 12 0 0 0 12 0 0 0 0 19 19 17 16 0 0 0 0 0 0 0 0 0 0 0 
11 0 0 0 0 17 0 0 0 0 0 0 0 0 0 0 19 0 0 0 0 10 0 0 16 0 0 0 18 0 
0 0 0 0 12 0 0 0 13 0 0 0 19 0 0 15 0 0 0 0 0 0 0 0 0 0 0 0 0 0 
0 0 0 0 0 0 0 0 0 0 0 0 0 0 11 0 0 0 0 0 0 0 0 18 17 19 0 18 0 0 
11 0 0 20 0 0 0 0 0 15 0 0 0 0 0 14 0 0 0 19 20 0 11 0 0 0 0 0 0 0 
0 0 0 0 0 0 11 0 0 0 0 0 18 0 17 0 0 0 0 18 15 0 0 0 0 0 0 19 0 0 
15 0 20 0 0 0 0 0 0 0 0 0 0 0 0 0 0 0 0 0 0 0 0 0 0 0 0 0 0 0 
0 0 0 0 0 0 0 0 0 0 0 0 0 0 11 18 0 0 0 0 0 0 0 0 0 13 0 0 11 0 
0 0 0 0 0 0 0 0 0 0 0 0 0 0 0 0 0 0 0 0 0 0 0 0 16 0 0 0 0 11 
0 0 0 0 0 0 18 11 0 0 0 19 0 15 0 20 0 0 0 0 0 18 11 0 0 0 0 19 0 0 
0 0 0 0 0 0 0 0 0 0 10 13 0 0 0 0 0 0 0 15 12 0 0 19 0 0 0 0 0 17 
0 0 0 0 0 0 0 0 0 0 0 0 0 0 0 0 0 0 0 0 18 0 0 18 0 0 0 0 0 0 
0 16 0 0 0 0 18 0 0 0 13 13 0 0 0 0 0 0 13 0 0 16 0 0 0 0 0 0 0 0 
0 14 0 12 0 0 0 14 0 12 0 0 0 0 0 13 0 0 0 0 0 0 0 0 0 0 20 0 12 0 
0 11 0 0 0 0 0 0 0 0 0 0 0 0 0 11 0 0 0 0 0 0 0 0 0 0 0 0 0 0 
0 0 0 18 0 0 0 0 0 0 17 0 0 0 0 0 0 0 0 17 0 14 16 17 0 19 18 0 0 0 
20 0 0 0 0 0 0 0 0 0 0 0 0 0 0 20 11 0 20 0 0 11 15 0 0 0 0 0 16 13 
0 0 0 0 0 0 0 12 0 0 0 0 0 0 0 0 15 0 0 0 0 16 0 0 0 0 0 0 0 0 
0 0 0 0 16 0 0 0 0 10 0 12 0 0 13 0 0 0 0 0 0 0 19 0 20 0 0 0 0 0 
19 14 0 12 0 0 0 0 0 0 0 0 0 0 0 0 0 0 0 10 0 0 0 0 0 0 0 0 0 0 
19 17 0 0 0 0 0 0 0 0 19 0 0 0 0 13 0 19 0 0 0 0 0 0 0 11 0 0 0 0 
20 0 19 0 0 0 0 0 17 0 0 0 0 0 0 0 0 0 12 0 0 0 19 0 0 0 0 0 0 0 
0 0 0 18 11 18 0 0 0 0 0 0 0 0 0 0 0 0 11 0 17 0 15 0 0 0 0 0 0 16 
0 0 0 0 0 0 18 17 0 0 0 0 0 0 0 0 0 0 0 0 0 0 0 0 0 0 0 0 14 0 
0 0 0 0 0 0 0 0 0 0 0 0 0 0 11 0 14 19 0 0 16 0 0 0 0 0 0 0 0 0 
0 0 0 0 0 0 10 0 0 0 0 0 0 0 18 0 0 0 0 0 0 0 0 17 0 0 0 0 0 0 
0 0 0 0 13 0 0 0 0 0 0 18 0 0 0 0 0 0 0 19 0 0 0 0 20 0 0 0 0 0 
0 12 0 0 0 0 0 0 0 0 0 0 0 0 0 0 0 0 0 0 0 0 10 0 0 0 15 0 0 0 
0 0 0 0 0 0 0 0 0 0 12 0 0 0 0 0 17 0 14 0 0 0 0 0 0 0 0 0 0 15 
0 0 15 0 0 0 0 0 0 0 0 20 0 0 16 0 0 15 0 10 19 0 0 18 0 0 0 0 0 0 
20 0 0 0 0 0 10 0 0 0 0 0 0 0 0 0 0 0 0 0 0 12 0 0 14 0 0 10 0 0 
0 0 0 0 0 0 10 0 0 0 0 0 0 0 0 0 0 0 13 0 11 0 10 0 0 0 0 0 0 0 
0 0 0 0 0 0 0 19 0 0 11 0 13 12 0 0 0 0 0 0 0 0 17 0 0 0 0 0 0 0 
0 10 0 0 12 13 0 0 0 0 13 0 0 0 0 0 0 0 0 0 0 0 0 0 0 17 18 0 0 0 
0 0 0 15 0 0 17 0 0 0 0 0 0 0 0 0 20 0 0 0 0 0 0 16 0 18 0 0 0 0 
17 10 17 0 0 15 0 0 0 0 12 0 0 0 0 0 0 0 0 0 0 0 0 0 0 0 14 0 0 0 
0 0 0 0 0 0 0 19 16 16 0 0 14 0 18 0 0 0 0 0 0 0 0 18 0 0 0 19 0 18 
0 0 0 0 0 0 0 0 0 0 0 0 0 0 0 0 0 10 0 0 0 0 0 0 0 0 0 16 0 0 
0 0 0 0 0 20 0 0 0 0 0 0 0 0 0 0 15 0 0 0 0 0 0 0 0 0 0 0 0 0 
0 18 0 0 0 0 16 0 0 0 0 11 0 0 12 0 0 0 12 0 0 0 0 0 0 0 16 0 0 0 
0 0 0 0 0 0 0 0 0 0 0 0 0 0 0 0 0 0 0 0 0 0 0 12 0 0 0 0 11 12 
0 0 17 0 20 0 0 10 0 0 0 0 0 0 16 0 19 0 0 0 0 0 0 0 0 0 0 13 0 0 
0 0 0 0 17 0 0 16 19 0 0 0 10 0 0 0 0 0 0 0 0 0 0 0 0 0 0 0 0 0 
0 0 0 0 0 0 0 0 0 0 16 0 0 0 0 0 0 0 0 0 0 0 0 0 0 15 0 0 0 0 
0 0 0 0 0 0 0 0 0 0 17 0 0 0 0 0 0 0 19 0 0 0 0 0 0 0 15 0 0 14 
10 18 0 0 0 0 0 0 19 0 0 13 0 0 0 0 12 0 0 0 0 0 0 0 0 13 0 0 0 0 
0 0 0 0 0 0 0 0 0 12 19 0 19 0 0 0 0 0 13 0 0 0 0 0 0 0 0 0 0 0 
0 0 0 0 15 0 0 12 0 0 0 0 0 0 0 0 0 0 0 0 0 0 0 0 13 20 0 0 0 0 
0 0 0 17 0 0 0 20 0 0 0 0 0 0 0 19 0 0 0 0 0 0 0 0 16 0 0 0 0 0 
0 0 0 0 0 0 0 0 15 0 0 0 0 0 16 0 0 0 0 0 0 0 0 0 0 15 0 0 0 10 
0 0 0 0 0 0 18 0 14 0 0 0 0 0 11 17 0 0 0 0 12 11 0 0 0 0 0 0 0 10 
0 0 0 13 0 0 0 0 0 0 0 0 18 19 0 16 20 0 0 0 0 0 13 0 0 0 0 17 0 0 
0 0 0 0 0 0 0 0 0 0 12 0 0 11 20 0 0 0 0 19 13 11 0 0 0 0 0 0 0 11 
0 0 0 0 0 20 0 0 0 0 0 0 0 0 20 0 0 0 0 0 0 10 0 0 11 20 0 0 0 0 
0 0 0 0 0 0 0 0 0 0 0 14 0 15 0 0 0 16 0 0 0 0 0 0 0 0 0 0 0 0 
0 0 0 0 0 0 0 0 0 0 12 0 0 10 0 20 14 0 0 0 0 0 0 19 0 0 0 0 0 0 
0 0 0 0 0 15 0 0 0 16 15 0 10 0 0 0 11 0 0 0 0 14 0 0 0 0 0 13 0 14 
0 0 0 20 13 0 0 0 0 16 0 14 0 20 0 0 0 0 0 0 0 0 0 0 0 0 0 11 0 0 
0 0 0 0 13 11 0 0 0 0 0 0 0 19 16 0 0 15 0 0 0 0 0 0 0 0 14 0 11 0 
0 0 0 0 0 0 0 0 12 0 0 0 0 19 0 0 0 0 0 0 0 16 0 15 0 0 0 0 0 0 
0 0 0 0 17 0 0 0 19 12 0 0 0 0 15 0 0 13 12 0 0 0 0 0 0 0 0 0 0 12 
0 0 13 0 0 0 0 0 0 0 0 0 0 0 0 17 19 0 0 0 0 0 0 20 0 17 20 0 0 0 
0 0 0 0 11 10 0 0 0 0 0 0 0 0 20 0 0 0 20 16 13 0 0 0 17 0 0 0 0 0 
0 0 15 0 0 0 0 0 0 0 0 0 0 0 0 19 0 0 0 0 0 14 0 0 0 0 0 0 0 0 
0 0 0 0 0 15 16 0 0 10 0 0 0 10 0 0 14 0 0 0 0 0 0 0 0 20 0 0 17 0 
17 0 0 0 0 0 0 0 0 0 0 0 0 19 0 0 0 0 0 0 0 0 0 0 0 17 0 0 0 0 
0 0 0 0 0 0 0 0 20 16 0 14 19 0 0 0 0 0 0 0 0 0 17 0 0 0 0 11 11 0 
0 0 0 0 0 0 0 16 0 17 0 0 0 0 0 0 0 0 0 0 0 0 0 0 0 0 0 0 0 0 
18 0 0 0 0 20 0 0 0 0 0 13 0 0 0 11 0 0 0 0 12 14 0 10 0 0 0 0 0 0 
0 13 0 0 0 0 0 0 0 0 0 0 0 19 0 0 0 0 10 0 18 15 0 0 11 0 0 15 17 0 
0 11 0 17 0 0 0 0 18 14 0 0 0 0 0 0 0 0 0 0 0 0 0 0 0 0 0 14 12 0 
0 0 15 0 0 0 14 12 0 0 0 0 0 0 0 0 0 0 14 11 0 0 0 0 0 0 0 0 13 0 
0 0 0 0 13 0 0 0 13 0 0 0 0 0 0 13 0 11 0 13 10 0 0 0 0 0 0 0 19 0 
18 10 0 0 0 11 0 0 0 0 0 0 0 0 0 0 0 0 0 10 0 0 0 0 20 0 0 0 0 12 
0 0 0 15 0 18 20 0 16 0 0 0 0 11 0 0 0 0 0 0 0 14 0 15 0 0 14 0 0 0 
0 0 0 0 0 13 15 0 0 17 17 0 0 0 11 0 0 0 0 0 20 0 0 0 0 16 0 0 0 0 
0 0 0 0 0 0 0 0 20 0 0 0 0 0 0 0 0 20 0 0 0 0 15 0 0 0 0 0 0 0 
0 0 0 0 0 0 0 0 13 0 0 0 0 0 0 0 0 0 0 0 0 0 0 0 0 0 0 0 0 17 
12 0 0 0 0 0 0 0 0 0 10 0 0 0 0 0 0 0 16 0 0 0 0 19 0 0 0 12 0 0 
0 0 17 0 11 14 0 0 0 10 0 0 0 0 0 0 0 0 0 17 0 0 0 0 20 0 14 0 0 0 
10 0 0 0 0 0 0 0 0 0 0 0 0 0 0 0 0 0 0 12 0 0 0 15 0 0 0 19 0 11 
0 0 0 0 17 0 0 16 0 0 0 0 15 13 0 0 10 0 0 0 0 0 0 0 12 0 0 0 0 0 
0 0 12 0 0 0 0 0 0 0 0 0 13 0 0 18 0 0 0 10 0 0 0 0 0 0 0 0 0 0 
15 0 0 0 0 14 0 0 0 0 0 20 14 14 0 0 0 0 17 0 0 0 0 0 0 0 0 12 0 0 
0 0 0 0 0 0 0 0 16 0 0 0 0 0 0 0 0 0 0 0 0 0 0 0 0 0 20 0 0 0 
0 0 0 0 0 0 0 0 0 0 0 0 13 14 0 0 0 13 0 0 0 0 0 0 0 0 0 0 0 0 
0 0 0 0 0 0 0 0 0 0 0 0 11 0 0 0 19 13 0 17 0 0 0 0 0 0 0 0 0 0 
0 0 0 0 14 0 0 0 0 11 0 0 0 0 0 20 0 0 0 0 0 0 0 0 0 0 0 0 0 12 
0 0 0 0 0 0 0 0 20 0 0 0 0 0 0 14 0 0 0 11 0 0 0 0 0 0 0 0 0 0 
0 0 0 0 12 0 13 0 0 0 0 20 0 15 0 0 0 0 0 0 0 0 0 0 0 0 0 0 0 0 
14 19 0 0 0 0 0 0 0 0 0 0 0 13 0 0 12 0 0 0 0 19 0 0 0 0 0 13 0 0 
0 0 0 0 0 0 0 0 0 0 0 0 0 0 0 0 0 0 0 0 0 0 0 11 0 0 0 17 0 0 
0 19 0 0 0 0 0 0 0 0 0 0 0 0 0 0 0 0 0 0 17 0 0 0 0 0 0 0 0 0 
18 11 0 0 0 17 18 0 0 0 0 18 0 14 0 0 0 0 18 0 0 0 0 0 0 0 0 0 0 0 
0 0 0 0 0 0 0 15 17 0 0 0 0 0 0 0 0 0 0 0 19 0 16 0 0 10 19 0 0 0 
0 10 0 0 0 0 0 0 16 18 0 0 0 0 0 0 0 11 0 0 20 0 0 0 17 0 0 0 0 0 
0 0 19 0 18 13 0 0 0 0 19 0 0 0 0 0 0 15 0 0 0 0 0 0 0 0 0 0 0 0 
0 0 0 18 18 0 0 0 0 0 0 0 0 11 0 0 0 0 17 0 0 0 10 0 0 0 16 0 0 0 
0 0 0 0 0 0 0 0 0 0 0 0 0 18 0 16 0 0 0 0 0 0 0 0 0 0 0 12 14 13 
0 0 0 0 15 0 0 0 0 0 0 0 0 12 0 0 11 0 0 18 0 0 0 0 0 0 0 0 0 20 
12 0 0 0 0 0 0 0 0 0 0 12 16 0 17 0 0 0 17 0 0 0 13 0 0 0 0 12 0 13 
12 0 11 0 0 0 0 12 0 0 0 0 0 14 0 10 0 0 0 0 0 0 0 17 0 0 19 0 0 18 
0 14 0 0 0 0 14 0 0 0 0 0 13 0 0 0 17 0 0 0 0 0 0 0 0 0 0 0 0 0 
0 0 0 0 0 17 17 15 0 0 0 0 12 0 0 0 0 0 15 12 19 0 0 17 0 0 0 0 0 0 
0 0 0 0 0 0 0 0 0 12 0 0 18 15 0 0 12 0 0 18 0 14 0 16 0 0 0 0 0 0 
0 0 0 0 0 0 0 17 17 0 14 0 0 0 0 0 16 0 0 0 0 0 0 0 0 0 0 0 0 20 
0 0 0 0 0 0 20 0 0 0 0 0 0 0 0 0 0 0 0 0 0 0 0 0 0 14 0 0 0 0 
0 0 0 0 0 10 19 17 0 0 0 0 0 0 0 16 0 0 19 19 0 0 0 0 0 0 14 0 0 0 
0 0 0 13 15 0 0 0 14 0 18 0 0 0 0 0 0 0 20 0 17 13 0 17 0 0 0 0 0 0 
0 0 0 0 0 0 0 0 0 0 14 12 0 0 0 0 0 0 0 0 0 0 0 0 0 19 0 0 11 0 
0 16 0 0 0 0 0 17 0 0 0 0 0 0 0 0 0 0 0 0 0 0 0 0 12 0 0 0 0 18 
0 0 13 11 0 0 0 0 0 0 0 0 0 0 0 0 0 0 0 0 13 0 0 0 0 0 17 19 0 0 
0 15 0 0 0 11 0 0 0 0 15 0 0 14 0 0 0 11 0 0 15 0 0 0 0 0 0 16 19 0 
0 0 0 0 12 0 0 0 0 0 0 0 0 0 0 0 0 0 19 0 18 0 0 11 0 0 0 0 0 12 
0 0 0 10 0 0 0 0 0 0 10 0 0 0 0 0 0 0 0 17 0 0 0 10 0 0 0 0 0 0 
0 0 0 0 0 0 0 0 0 0 0 0 0 0 0 0 0 0 0 0 0 0 0 16 0 0 0 14 0 0 
16 15 0 0 0 0 0 0 0 14 0 0 0 0 0 0 0 0 0 0 0 0 0 10 0 13 17 0 13 15 
0 0 13 0 0 20 0 0 0 0 0 0 12 0 0 0 10 13 18 0 0 0 11 0 0 0 19 0 0 0 
0 10 0 0 0 0 0 0 0 0 16 0 0 0 0 0 0 0 0 0 0 0 0 15 0 0 0 0 0 0 
0 0 0 0 0 0 0 0 0 0 0 0 0 0 0 10 0 13 0 0 0 0 0 18 0 0 0 0 0 0 
0 0 17 0 19 0 19 0 0 0 0 0 0 0 0 0 0 0 0 0 0 0 0 13 0 0 0 0 0 0 
0 20 0 13 0 0 0 0 0 0 0 0 13 0 0 0 0 0 0 0 0 0 0 13 0 0 0 0 0 20 
0 0 0 0 18 0 13 0 0 0 0 0 11 0 0 0 0 0 0 0 0 0 0 0 0 0 0 0 0 0 
0 0 0 0 18 0 0 0 0 0 0 0 0 0 0 0 0 0 0 0 0 0 0 0 0 0 0 12 0 0 
0 0 0 0 14 0 0 0 18 0 17 0 0 0 0 0 0 0 0 0 0 0 0 13 0 19 0 15 0 0 
0 0 0 15 15 0 0 0 19 0 0 0 0 16 0 0 13 0 0 0 0 0 10 0 0 0 0 0 18 0 
0 0 0 0 0 0 0 0 0 18 0 0 0 0 0 17 0 0 0 19 10 0 16 0 0 10 0 11 0 0 
13 0 0 0 0 13 0 13 0 0 0 0 0 0 0 20 0 0 0 0 0 0 0 0 10 0 0 19 0 0 
0 0 0 0 17 0 13 0 0 0 0 0 0 10 14 0 0 0 17 20 0 0 0 0 0 0 0 0 0 0 
0 20 0 0 10 0 0 0 15 0 0 0 0 0 18 0 16 0 19 0 0 0 0 0 0 0 0 0 0 0 
0 0 0 0 0 0 0 0 0 0 0 17 0 0 0 0 0 0 0 0 0 0 0 0 16 0 0 0 0 0 
0 0 0 0 0 0 0 13 0 0 13 0 0 0 0 0 0 0 19 0 0 0 0 0 0 0 0 0 0 0 
0 0 0 0 0 0 0 0 0 0 0 0 0 0 0 0 0 0 12 12 0 0 0 0 0 0 0 0 0 0 
0 0 0 0 0 0 14 14 0 0 0 0 0 0 17 0 0 20 18 0 11 0 0 0 0 0 0 0 0 0 
0 0 0 0 0 0 0 13 0 0 0 0 0 0 0 0 0 0 0 18 12 0 0 0 0 0 0 10 13 0 
0 10 0 0 0 0 0 0 0 0 0 0 0 0 0 0 0 0 0 0 0 0 0 0 0 0 0 15 0 0 
0 0 0 0 18 0 0 0 0 18 0 0 0 0 13 14 14 0 20 0 0 0 0 0 0 0 0 0 12 0 
0 0 0 0 0 0 0 0 0 0 0 0 0 0 0 0 0 0 0 0 20 0 0 0 0 14 0 0 10 16 
0 0 0 0 0 0 0 0 0 0 0 0 0 10 0 0 15 0 0 0 0 10 0 11 14 13 0 0 0 0 
0 0 0 0 0 14 0 0 0 0 0 0 0 0 0 0 0 18 0 0 0 0 0 0 0 0 0 0 0 13 
17 0 0 18 0 0 19 0 0 0 0 0 0 0 0 0 0 0 0 20 0 0 0 11 0 0 12 13 0 0 
0 0 0 0 0 0 0 0 0 0 0 20 0 0 0 0 0 0 0 0 18 0 0 0 0 0 0 17 0 0 
0 0 0 0 0 0 0 0 0 0 0 0 0 18 0 0 0 0 0 0 0 0 0 0 0 0 0 20 0 0 
0 19 0 0 0 0 0 11 12 0 0 0 0 0 0 0 0 0 0 0 0 0 0 0 0 0 0 0 0 0 
0 0 19 10 0 0 19 0 0 0 0 0 0 0 0 0 0 0 0 15 0 0 0 0 0 0 0 0 0 0 
0 20 0 20 0 0 0 0 0 16 0 0 0 0 19 0 0 0 18 0 0 0 0 15 0 0 0 20 0 16 
0 0 0 0 0 0 0 0 15 0 0 0 0 0 0 20 0 0 0 0 14 15 0 0 0 0 0 0 14 0 
0 0 17 0 16 15 0 0 13 0 0 0 13 0 0 20 10 0 0 0 12 0 0 0 0 0 0 0 0 0 
15 0 0 0 0 0 19 0 0 0 0 0 0 0 0 0 0 0 0 0 0 0 0 0 0 0 0 0 0 0 
12 0 0 0 0 0 0 17 0 19 0 0 10 0 0 0 0 20 0 0 10 0 0 0 15 0 10 0 0 0 
0 0 0 0 12 11 0 14 0 0 0 0 0 0 0 0 0 0 0 0 0 0 0 0 0 0 0 0 0 0 
0 0 20 10 0 0 0 10 0 13 10 0 0 0 0 13 0 0 0 0 15 0 0 0 0 0 0 0 0 20 
0 0 17 0 0 0 0 0 0 0 0 0 0 0 0 0 0 14 0 0 11 13 0 0 0 12 13 0 0 14 
0 0 0 0 0 12 16 0 0 0 0 18 0 0 0 0 0 0 0 0 0 0 16 0 0 0 0 0 0 0 
17 0 0 0 0 15 0 16 0 0 0 0 0 0 0 0 12 10 0 20 0 0 0 0 0 0 0 19 0 0 
0 0 0 0 0 0 0 15 0 0 0 0 0 0 0 0 0 0 0 0 0 0 0 0 0 0 14 0 0 0 
0 0 0 0 0 0 0 0 11 0 0 0 19 0 0 0 14 20 0 20 0 0 0 0 0 19 0 0 10 0 
0 0 0 0 0 0 0 0 0 0 0 0 0 0 0 0 0 0 0 16 16 0 0 15 0 0 0 0 0 0 
0 0 0 19 0 0 0 0 12 19 0 0 0 19 0 0 0 0 0 16 0 0 0 12 0 0 0 0 18 11 
0 0 0 0 16 0 0 0 0 0 0 0 19 13 0 0 16 0 0 0 0 0 0 0 19 0 0 0 0 19 
0 18 0 0 0 0 0 0 0 0 0 10 0 0 0 0 0 0 18 0 0 0 0 0 0 0 0 0 14 0 
17 0 0 0 0 0 0 0 0 0 0 0 0 0 0 0 11 0 20 0 16 17 0 0 0 0 0 0 16 19 
11 0 13 0 0 0 0 0 0 15 0 0 0 11 0 17 0 0 0 0 0 0 0 0 0 0 0 0 0 0 
10 0 0 0 0 0 0 0 0 0 0 0 0 0 0 0 0 0 0 0 0 0 0 0 0 0 17 0 0 0 
0 0 0 0 0 0 14 0 0 0 15 0 0 0 0 10 0 11 0 0 0 16 18 0 0 0 17 0 0 0 
0 0 0 0 0 0 0 18 10 0 0 10 0 11 0 16 0 0 0 15 0 0 0 0 10 0 0 0 0 0 
0 0 0 0 17 0 0 0 0 0 0 0 0 0 0 0 0 0 0 0 0 0 0 0 0 0 0 0 0 17 
11 0 0 15 20 0 0 0 17 0 0 0 0 0 0 0 0 0 0 0 11 0 0 0 19 0 13 0 0 0 
0 0 0 0 0 0 0 0 0 0 0 0 0 0 0 0 0 19 0 0 0 0 0 0 0 0 0 14 0 0 
0 0 0 0 0 0 0 0 0 0 20 0 0 0 0 0 0 0 0 12 0 0 0 0 0 0 0 0 0 0 
0 0 18 13 0 0 0 0 13 0 0 0 16 0 0 0 0 0 0 0 0 12 19 0 0 0 0 0 0 18 
20 0 0 10 0 0 0 0 0 0 0 18 0 0 0 0 0 0 0 0 0 0 0 0 0 17 0 0 15 13 
0 0 0 0 0 0 0 0 0 0 14 0 0 0 0 0 0 11 0 0 0 0 0 0 16 0 0 0 0 0 
19 0 0 17 0 0 11 0 0 0 0 0 0 0 0 0 0 0 0 0 0 0 0 0 14 17 0 14 0 0 
0 0 20 0 0 0 0 0 0 0 0 0 13 0 0 0 17 0 0 0 0 15 0 0 0 0 0 0 0 0 
0 0 0 0 0 17 0 0 0 0 12 0 20 0 0 0 0 0 11 0 0 0 0 0 0 10 0 0 0 17 
0 0 0 0 0 0 0 0 0 0 0 0 0 0 14 15 14 14 18 0 0 0 0 0 0 0 0 15 14 0 
0 0 0 0 15 0 0 0 0 0 0 0 0 0 12 0 16 0 12 14 0 0 11 12 0 0 0 0 0 13 
19 0 0 17 0 0 0 20 0 0 0 0 0 0 0 0 0 0 10 0 0 0 0 0 0 0 0 0 19 0 
0 0 0 12 0 0 0 0 0 0 15 14 0 20 0 0 16 0 0 0 0 0 0 0 0 0 19 0 0 0 
0 0 0 0 19 0 0 16 0 0 19 12 0 0 18 0 0 0 0 18 0 0 0 0 20 0 0 0 0 0 
20 0 0 0 0 17 0 0 0 0 17 0 0 0 19 16 0 0 0 12 0 0 0 0 0 0 0 13 0 0 
0 0 0 0 0 0 0 0 0 0 0 0 0 18 0 0 0 0 0 0 0 10 0 0 0 0 0 0 0 0 
0 0 0 16 0 0 0 20 0 0 0 0 0 0 19 0 0 0 0 0 0 0 0 0 0 0 0 0 0 19 
0 17 0 0 0 0 0 0 19 0 0 0 0 0 0 0 0 0 0 18 0 0 0 0 10 0 15 0 17 16 
0 0 19 0 0 16 0 0 0 0 0 10 0 0 0 0 0 0 0 0 13 0 0 0 0 20 16 0 10 0 
0 13 0 0 0 0 0 0 17 0 0 0 0 0 0 0 17 0 0 0 12 0 0 0 15 0 0 0 0 0 
0 0 0 0 0 0 0 0 0 15 0 0 0 0 0 0 0 20 0 0 0 0 0 0 11 0 0 0 0 0 
0 0 0 0 0 14 14 0 0 0 0 0 0 0 0 0 0 0 11 0 16 0 0 0 0 0 0 0 0 0 
20 0 0 0 0 0 0 0 0 0 0 0 0 0 0 0 16 18 20 0 0 0 0 0 20 0 0 0 0 0 
0 0 13 0 0 0 0 0 0 0 19 0 0 0 0 0 0 0 0 0 0 0 0 0 0 0 0 0 0 0 
0 0 0 0 18 10 14 0 0 0 13 15 0 0 0 0 0 0 0 0 0 0 12 0 0 0 0 0 0 0 
0 18 0 0 0 0 0 0 0 0 0 0 0 0 0 0 0 0 12 0 0 17 0 0 0 0 0 14 0 0 
19 16 11 0 0 0 0 0 0 0 0 0 0 0 0 0 20 0 0 12 0 0 19 0 14 0 11 0 0 0 
0 15 0 0 0 0 0 15 20 0 0 13 0 0 0 12 0 0 0 0 20 0 0 14 0 0 0 0 0 0 
0 0 0 0 0 0 11 0 0 0 0 0 0 0 0 0 0 0 0 0 0 0 11 0 0 19 0 0 20 0 
0 0 0 0 0 0 0 0 0 0 0 0 18 0 0 0 0 0 0 0 0 0 0 0 0 0 0 13 0 0 
13 0 0 0 19 0 0 0 0 0 0 0 20 0 0 0 0 11 10 0 0 0 0 19 0 0 13 0 0 0 
0 19 0 0 0 0 0 0 0 0 0 0 0 0 0 0 0 0 13 0 0 0 0 0 0 0 0 0 0 0 
0 0 17 0 0 0 0 0 0 0 0 0 0 0 0 0 0 0 0 0 0 0 0 0 0 0 0 0 0 12 
0 0 14 0 0 0 0 0 0 15 0 0 0 0 0 0 0 0 0 0 0 16 0 0 0 18 0 11 0 0 
18 0 0 0 0 0 19 0 0 0 0 0 0 0 0 0 0 0 0 11 0 0 0 0 14 0 16 0 0 0 
19 0 0 13 18 0 0 19 0 0 0 0 0 0 15 0 0 0 19 0 0 0 13 0 0 0 0 0 19 0 
0 0 17 0 0 0 0 19 0 0 0 0 0 0 0 0 0 0 11 0 0 0 0 0 0 0 0 0 0 0 
0 12 0 0 13 0 0 10 0 0 0 0 0 0 0 0 11 16 0 0 0 0 0 0 0 16 0 0 0 0 
0 0 0 0 0 0 0 0 0 0 0 0 0 0 0 0 0 0 0 0 15 0 0 0 0 0 0 0 0 14 
16 0 16 0 0 0 11 0 0 12 0 0 0 0 0 10 17 0 0 0 0 0 0 0 0 0 0 0 0 0 
0 0 0 0 0 0 19 0 0 0 0 0 0 0 0 0 0 15 0 0 0 11 0 0 0 0 0 0 0 0 
0 0 0 0 0 0 0 0 0 0 17 12 0 0 0 0 0 0 0 17 0 0 0 0 0 0 17 0 0 0 
0 11 0 0 13 0 0 0 16 0 0 0 0 0 0 18 0 0 0 0 0 0 14 0 0 0 12 16 0 0 
0 13 0 0 0 0 0 0 0 0 0 0 0 0 0 18 0 0 0 17 0 0 14 19 0 0 0 0 0 0 
0 0 18 0 0 0 0 12 0 0 0 0 0 17 0 0 0 0 0 0 0 0 18 0 0 0 0 0 0 0 
0 0 0 17 0 0 20 0 0 0 0 12 0 0 19 0 10 0 0 0 10 11 0 0 16 0 0 0 0 0 
18 0 0 0 17 0 0 0 0 0 0 0 15 0 0 0 0 15 17 0 0 0 0 0 0 0 0 0 0 0 
0 18 0 0 0 0 0 0 0 18 0 0 0 15 0 0 14 14 0 0 0 0 0 0 18 0 0 17 18 0 
0 0 0 0 0 0 0 0 0 0 0 0 0 15 0 0 0 0 0 0 0 0 0 0 15 0 0 0 0 0 
0 18 0 0 0 0 0 0 10 0 0 0 0 10 15 0 0 0 0 0 0 0 0 0 15 0 19 15 0 0 
17 0 0 0 0 0 0 0 10 0 0 11 0 0 0 0 0 0 0 0 0 0 0 0 0 0 0 0 0 0 
0 0 12 0 0 0 0 0 0 0 0 16 0 0 0 12 0 0 0 14 0 0 0 0 0 0 0 0 14 0 
0 16 0 0 0 0 0 0 0 0 0 0 0 13 14 0 14 0 0 14 0 0 0 0 0 19 0 0 0 0 
0 0 17 0 0 11 17 0 0 0 0 0 0 0 14 0 0 0 0 0 0 0 19 0 0 0 0 0 0 0 
0 0 0 0 13 0 0 0 0 0 0 0 15 0 0 0 15 0 0 0 0 0 19 16 0 0 0 0 0 0 
0 11 0 0 0 0 0 15 0 20 10 0 17 0 0 0 0 0 0 0 0 0 19 0 0 0 0 0 11 0 
0 0 0 0 0 0 0 0 0 0 0 0 0 0 0 0 0 0 0 0 0 13 0 0 0 17 17 0 0 0 
0 0 0 0 11 0 0 0 0 0 10 0 17 0 0 0 0 0 0 0 0 0 0 0 0 0 0 0 0 0 
0 18 0 0 0 0 0 0 0 0 0 0 10 16 0 0 0 0 0 0 11 0 0 10 17 10 0 0 0 0 
0 13 0 0 0 0 15 18 0 0 12 0 0 0 0 0 0 0 0 0 0 0 16 0 0 0 0 0 0 0 
0 0 0 0 0 0 0 0 0 0 0 0 0 0 0 16 0 0 0 0 13 0 0 0 0 0 0 0 0 0 
0 0 0 0 15 0 0 0 0 16 0 0 0 0 0 18 11 0 14 0 19 0 18 0 0 0 0 0 0 0 
0 19 0 0 0 0 0 18 0 0 0 0 0 0 0 14 17 0 0 17 0 0 0 0 12 11 0 0 12 0 
0 0 0 0 0 0 15 11 0 0 0 13 0 0 0 0 0 0 0 0 17 0 10 0 0 0 0 0 0 20 
0 0 0 0 0 0 0 0 20 0 0 13 0 0 0 0 18 0 0 15 0 0 0 0 0 0 0 0 0 10 
0 0 0 18 0 0 0 11 0 0 0 11 0 0 0 0 0 16 0 0 13 0 19 0 0 0 0 0 0 0 
0 0 13 0 0 10 0 20 0 0 0 0 0 0 0 0 12 13 0 0 0 0 0 16 0 0 0 0 0 12 
19 0 0 0 0 0 0 15 0 10 11 0 0 0 0 0 0 0 0 0 12 0 0 0 0 0 0 0 0 0 
0 0 0 17 0 0 0 0 0 0 18 0 0 0 0 0 0 0 0 0 0 0 16 0 0 20 0 0 0 11 
0 0 13 0 0 0 18 0 0 15 19 0 0 0 0 0 0 0 14 20 0 0 0 12 0 0 0 0 0 0 
0 0 0 0 20 0 0 0 0 0 0 0 0 0 0 0 0 0 0 0 0 0 0 0 0 0 13 0 13 16 
0 0 0 18 0 0 0 0 0 0 0 0 0 0 0 0 0 0 0 0 0 0 13 0 12 0 14 0 0 0 
13 0 0 0 0 0 0 0 20 20 0 0 0 0 0 0 0 0 0 0 13 0 0 0 0 0 0 17 15 17 
10 0 19 0 0 0 0 0 0 0 20 0 12 0 0 0 10 0 18 0 0 14 0 0 0 0 0 0 0 15 
0 0 0 0 0 20 0 0 0 0 0 16 0 0 0 11 12 0 0 0 0 0 14 0 0 0 18 0 0 0 
0 0 16 0 0 0 12 0 0 0 0 0 0 14 0 0 0 0 0 0 20 0 12 0 0 0 0 0 0 0 
0 0 0 0 14 0 17 0 12 0 0 0 0 18 15 0 0 0 0 0 0 0 0 0 0 0 0 0 0 0 
0 17 0 0 15 0 0 0 0 0 20 0 11 0 0 0 0 0 0 12 0 0 0 0 17 0 0 0 12 0 
0 0 0 0 0 0 0 0 0 0 0 0 17 0 0 0 0 0 0 0 0 0 0 0 0 0 18 0 0 0 
17 0 0 0 0 0 0 0 0 0 0 0 0 0 0 0 0 0 0 11 0 0 0 0 0 0 0 0 0 0 
0 0 19 0 0 0 0 0 0 0 0 20 0 0 0 0 0 10 0 0 0 0 14 0 0 11 0 11 0 0 
0 0 0 0 0 14 12 15 0 0 0 0 0 0 0 0 0 0 0 0 0 0 0 0 0 0 0 0 18 0 
0 15 0 0 19 0 0 0 0 19 0 0 0 10 0 0 0 0 0 0 12 0 20 0 0 0 20 0 11 0 
0 0 0 0 0 0 0 0 0 0 0 0 0 0 0 0 0 0 0 0 19 19 0 15 0 0 0 0 0 0 
0 0 0 0 0 0 0 0 0 15 0 0 0 12 0 0 0 0 0 17 0 0 0 14 0 0 0 0 0 0 
0 0 0 0 0 0 0 0 0 0 0 0 0 15 12 13 0 0 0 0 0 0 0 0 0 0 0 0 0 0 
0 0 16 0 0 0 0 0 0 0 0 0 0 0 0 17 0 0 13 14 0 12 0 12 0 0 0 16 18 0 
0 0 0 0 0 0 13 0 0 10 0 0 0 0 0 0 0 12 0 10 15 0 0 0 11 0 0 0 11 0 
0 0 18 0 13 0 0 13 0 15 0 0 10 18 14 0 0 0 0 19 0 0 0 0 0 0 0 0 0 0 
0 0 0 19 0 0 0 0 0 0 0 0 0 0 0 0 0 0 0 0 0 0 0 0 0 0 0 0 18 0 
0 0 0 0 0 0 0 20 20 12 0 0 0 0 0 0 0 0 15 0 20 0 0 18 0 0 0 0 13 0
---------------------
 
Distance between cells
Rows and Columns: correspond to cell number
0 480 407 458 251 305 207 272 303 404 209 342 
480 0 466 190 249 420 446 456 414 174 456 315 
407 466 0 246 66 295 464 129 78 433 424 125 
458 190 246 0 323 341 459 221 446 194 484 481 
251 249 66 323 0 280 475 311 177 177 129 389 
305 420 295 341 280 0 320 246 466 435 244 339 
207 446 464 459 475 320 0 331 120 170 119 292 
272 456 129 221 311 246 331 0 110 246 329 136 
303 414 78 446 177 466 120 110 0 155 328 325 
404 174 433 194 177 435 170 246 155 0 360 151 
209 456 424 484 129 244 119 329 328 360 0 411 
342 315 125 481 389 339 292 136 325 151 411 0
---------------------
 
Distribution of machines in cells   (1 -- if machine m is distributed in cell u;0 -- else) 
Rows: correspond to cell number; Columns: correspond to machine number
1 1 0 0 0 0 0 0 0 0 0 0 0 0 0 0 0 0 0 0 0 0 0 0 0 0 0 0 0 0 
0 0 1 1 0 0 0 0 0 0 0 0 0 0 0 0 0 0 0 0 0 0 0 0 0 0 0 0 0 0 
0 0 0 0 1 1 0 0 0 0 0 0 0 0 0 0 0 0 0 0 0 0 0 0 0 0 0 0 0 0 
0 0 0 0 0 0 1 1 1 0 0 0 0 0 0 0 0 0 0 0 0 0 0 0 0 0 0 0 0 0 
0 0 0 0 0 0 0 0 0 1 1 0 0 0 0 0 0 0 0 0 0 0 0 0 0 0 0 0 0 0 
0 0 0 0 0 0 0 0 0 0 0 1 1 0 0 0 0 0 0 0 0 0 0 0 0 0 0 0 0 0 
0 0 0 0 0 0 0 0 0 0 0 0 0 1 1 1 0 0 0 0 0 0 0 0 0 0 0 0 0 0 
0 0 0 0 0 0 0 0 0 0 0 0 0 0 0 0 1 1 1 1 0 0 0 0 0 0 0 0 0 0 
0 0 0 0 0 0 0 0 0 0 0 0 0 0 0 0 0 0 0 0 1 1 1 0 0 0 0 0 0 0 
0 0 0 0 0 0 0 0 0 0 0 0 0 0 0 0 0 0 0 0 0 0 0 1 1 0 0 0 0 0 
0 0 0 0 0 0 0 0 0 0 0 0 0 0 0 0 0 0 0 0 0 0 0 0 0 1 1 1 0 0 
0 0 0 0 0 0 0 0 0 0 0 0 0 0 0 0 0 0 0 0 0 0 0 0 0 0 0 0 1 1
---------------------
 
