Adaption from Behnke11

Number of operations for each part
5 5 5 5 5 5 5 5 5 5 5 5 5 5 5 5 5 5 5 5 5 5 5 5 5 5 5 5 5 5 5 5 5 5 5 5 5 5 5 5 5 5 5 5 5 5 5 5 5 5
---------------------
 
Processing time   (0 -- non-optional machine)
Rows: sequential for each operation of each part; Columns: correspond to machine number
22 25 19 15 0 0 0 0 0 0 0 0 0 0 0 0 0 0 0 0 
0 0 0 0 28 25 11 28 26 26 10 10 30 24 13 21 0 0 0 0 
0 0 0 0 19 14 25 23 12 17 18 25 19 21 30 13 0 0 0 0 
0 0 0 0 0 0 0 0 0 0 0 0 10 14 26 28 0 0 0 0 
0 0 0 0 0 0 0 0 0 0 0 0 0 0 0 0 12 21 30 20 
26 18 24 17 0 0 0 0 0 0 0 0 0 0 0 0 0 0 0 0 
0 0 0 0 0 0 0 0 12 23 27 24 15 27 26 25 0 0 0 0 
0 0 0 0 0 0 0 0 24 27 23 16 25 15 23 20 0 0 0 0 
0 0 0 0 0 0 0 0 0 0 0 0 23 28 25 24 0 0 0 0 
0 0 0 0 0 0 0 0 0 0 0 0 0 0 0 0 12 24 19 24 
29 26 15 21 0 0 0 0 0 0 0 0 0 0 0 0 0 0 0 0 
0 0 0 0 13 20 18 30 0 0 0 0 22 18 28 18 0 0 0 0 
0 0 0 0 0 0 0 0 30 25 11 11 11 15 23 15 0 0 0 0 
0 0 0 0 0 0 0 0 0 0 0 0 17 24 12 28 0 0 0 0 
0 0 0 0 0 0 0 0 0 0 0 0 0 0 0 0 29 14 16 29 
11 22 18 23 0 0 0 0 0 0 0 0 0 0 0 0 0 0 0 0 
0 0 0 0 0 0 0 0 20 28 26 21 0 0 0 0 0 0 0 0 
0 0 0 0 17 23 28 19 19 19 27 18 11 23 28 26 0 0 0 0 
0 0 0 0 29 27 23 17 16 27 22 19 30 18 27 14 0 0 0 0 
0 0 0 0 0 0 0 0 0 0 0 0 0 0 0 0 21 24 20 12 
29 20 17 25 0 0 0 0 0 0 0 0 0 0 0 0 0 0 0 0 
0 0 0 0 12 18 28 19 21 14 19 12 30 18 12 15 0 0 0 0 
0 0 0 0 24 18 25 17 23 22 26 12 0 0 0 0 0 0 0 0 
0 0 0 0 17 12 12 13 13 29 30 30 29 18 22 11 0 0 0 0 
0 0 0 0 0 0 0 0 0 0 0 0 0 0 0 0 23 21 20 11 
21 19 18 29 0 0 0 0 0 0 0 0 0 0 0 0 0 0 0 0 
0 0 0 0 16 22 16 16 29 25 14 26 13 13 18 30 0 0 0 0 
0 0 0 0 0 0 0 0 28 14 25 18 19 15 20 18 0 0 0 0 
0 0 0 0 24 10 10 24 11 15 15 29 22 26 21 27 0 0 0 0 
0 0 0 0 0 0 0 0 0 0 0 0 0 0 0 0 27 30 12 11 
28 25 28 30 0 0 0 0 0 0 0 0 0 0 0 0 0 0 0 0 
0 0 0 0 12 19 18 28 0 0 0 0 0 0 0 0 0 0 0 0 
0 0 0 0 22 12 16 28 30 21 30 29 0 0 0 0 0 0 0 0 
0 0 0 0 0 0 0 0 15 10 25 28 17 16 24 13 0 0 0 0 
0 0 0 0 0 0 0 0 0 0 0 0 0 0 0 0 12 26 30 23 
30 25 12 20 0 0 0 0 0 0 0 0 0 0 0 0 0 0 0 0 
0 0 0 0 16 19 22 12 12 15 24 12 20 19 15 19 0 0 0 0 
0 0 0 0 20 30 24 12 18 24 17 29 0 0 0 0 0 0 0 0 
0 0 0 0 0 0 0 0 29 22 14 17 0 0 0 0 0 0 0 0 
0 0 0 0 0 0 0 0 0 0 0 0 0 0 0 0 13 14 26 17 
14 20 15 15 0 0 0 0 0 0 0 0 0 0 0 0 0 0 0 0 
0 0 0 0 16 15 14 23 23 21 21 10 23 10 10 15 0 0 0 0 
0 0 0 0 29 10 29 24 17 27 21 11 20 26 16 19 0 0 0 0 
0 0 0 0 20 24 23 10 0 0 0 0 16 15 17 30 0 0 0 0 
0 0 0 0 0 0 0 0 0 0 0 0 0 0 0 0 19 23 13 18 
11 26 20 19 0 0 0 0 0 0 0 0 0 0 0 0 0 0 0 0 
0 0 0 0 0 0 0 0 28 12 10 26 30 13 17 28 0 0 0 0 
0 0 0 0 22 28 24 20 24 16 24 10 12 21 19 25 0 0 0 0 
0 0 0 0 0 0 0 0 27 10 10 17 0 0 0 0 0 0 0 0 
0 0 0 0 0 0 0 0 0 0 0 0 0 0 0 0 21 11 26 15 
30 28 19 17 0 0 0 0 0 0 0 0 0 0 0 0 0 0 0 0 
0 0 0 0 0 0 0 0 22 30 24 11 17 25 21 14 0 0 0 0 
0 0 0 0 16 23 15 29 0 0 0 0 0 0 0 0 0 0 0 0 
0 0 0 0 27 23 26 20 0 0 0 0 0 0 0 0 0 0 0 0 
0 0 0 0 0 0 0 0 0 0 0 0 0 0 0 0 21 20 13 21 
24 29 20 22 0 0 0 0 0 0 0 0 0 0 0 0 0 0 0 0 
0 0 0 0 30 15 12 25 0 0 0 0 0 0 0 0 0 0 0 0 
0 0 0 0 0 0 0 0 15 19 23 25 0 0 0 0 0 0 0 0 
0 0 0 0 12 14 18 10 19 21 21 13 0 0 0 0 0 0 0 0 
0 0 0 0 0 0 0 0 0 0 0 0 0 0 0 0 18 10 27 16 
16 17 21 20 0 0 0 0 0 0 0 0 0 0 0 0 0 0 0 0 
0 0 0 0 12 26 21 24 23 23 18 25 0 0 0 0 0 0 0 0 
0 0 0 0 22 22 25 11 11 24 11 20 28 15 22 20 0 0 0 0 
0 0 0 0 20 10 29 25 27 13 17 20 20 27 22 14 0 0 0 0 
0 0 0 0 0 0 0 0 0 0 0 0 0 0 0 0 17 22 17 25 
13 13 30 18 0 0 0 0 0 0 0 0 0 0 0 0 0 0 0 0 
0 0 0 0 23 25 23 15 12 10 16 16 18 20 19 23 0 0 0 0 
0 0 0 0 26 17 27 19 22 18 25 11 28 14 19 24 0 0 0 0 
0 0 0 0 0 0 0 0 12 22 29 10 12 12 11 29 0 0 0 0 
0 0 0 0 0 0 0 0 0 0 0 0 0 0 0 0 10 14 20 16 
29 18 20 24 0 0 0 0 0 0 0 0 0 0 0 0 0 0 0 0 
0 0 0 0 11 16 28 22 25 18 22 26 20 30 20 22 0 0 0 0 
0 0 0 0 10 24 28 11 0 0 0 0 29 23 28 17 0 0 0 0 
0 0 0 0 0 0 0 0 30 28 21 16 0 0 0 0 0 0 0 0 
0 0 0 0 0 0 0 0 0 0 0 0 0 0 0 0 25 15 23 27 
22 21 11 10 0 0 0 0 0 0 0 0 0 0 0 0 0 0 0 0 
0 0 0 0 0 0 0 0 0 0 0 0 14 25 25 13 0 0 0 0 
0 0 0 0 0 0 0 0 0 0 0 0 23 24 12 11 0 0 0 0 
0 0 0 0 28 13 20 14 11 10 20 10 18 15 25 15 0 0 0 0 
0 0 0 0 0 0 0 0 0 0 0 0 0 0 0 0 13 21 10 20 
22 27 22 10 0 0 0 0 0 0 0 0 0 0 0 0 0 0 0 0 
0 0 0 0 24 22 26 25 27 11 20 14 13 30 17 13 0 0 0 0 
0 0 0 0 0 0 0 0 13 13 24 13 17 24 18 16 0 0 0 0 
0 0 0 0 0 0 0 0 19 23 10 30 0 0 0 0 0 0 0 0 
0 0 0 0 0 0 0 0 0 0 0 0 0 0 0 0 10 30 15 10 
22 22 20 24 0 0 0 0 0 0 0 0 0 0 0 0 0 0 0 0 
0 0 0 0 0 0 0 0 0 0 0 0 25 24 20 24 0 0 0 0 
0 0 0 0 11 18 21 20 17 28 23 12 15 17 30 11 0 0 0 0 
0 0 0 0 12 30 13 22 0 0 0 0 24 16 13 10 0 0 0 0 
0 0 0 0 0 0 0 0 0 0 0 0 0 0 0 0 16 16 20 21 
10 21 29 24 0 0 0 0 0 0 0 0 0 0 0 0 0 0 0 0 
0 0 0 0 13 19 30 24 16 26 10 30 22 12 14 22 0 0 0 0 
0 0 0 0 25 18 17 28 0 0 0 0 0 0 0 0 0 0 0 0 
0 0 0 0 24 18 11 26 0 0 0 0 28 15 28 28 0 0 0 0 
0 0 0 0 0 0 0 0 0 0 0 0 0 0 0 0 18 22 16 23 
17 12 10 25 0 0 0 0 0 0 0 0 0 0 0 0 0 0 0 0 
0 0 0 0 0 0 0 0 0 0 0 0 28 15 12 11 0 0 0 0 
0 0 0 0 13 28 16 19 0 0 0 0 18 20 18 15 0 0 0 0 
0 0 0 0 0 0 0 0 13 12 26 27 0 0 0 0 0 0 0 0 
0 0 0 0 0 0 0 0 0 0 0 0 0 0 0 0 13 11 11 23 
15 17 19 25 0 0 0 0 0 0 0 0 0 0 0 0 0 0 0 0 
0 0 0 0 11 18 27 25 23 13 11 24 24 17 25 13 0 0 0 0 
0 0 0 0 0 0 0 0 13 11 27 29 22 23 22 16 0 0 0 0 
0 0 0 0 0 0 0 0 29 22 27 16 18 13 10 24 0 0 0 0 
0 0 0 0 0 0 0 0 0 0 0 0 0 0 0 0 23 28 11 17 
29 23 13 10 0 0 0 0 0 0 0 0 0 0 0 0 0 0 0 0 
0 0 0 0 13 10 12 25 0 0 0 0 0 0 0 0 0 0 0 0 
0 0 0 0 20 11 29 19 11 10 23 15 24 23 15 18 0 0 0 0 
0 0 0 0 19 21 27 15 30 21 30 21 15 19 21 18 0 0 0 0 
0 0 0 0 0 0 0 0 0 0 0 0 0 0 0 0 27 23 24 25 
17 27 14 19 0 0 0 0 0 0 0 0 0 0 0 0 0 0 0 0 
0 0 0 0 11 27 13 18 29 26 22 11 0 0 0 0 0 0 0 0 
0 0 0 0 0 0 0 0 19 11 22 20 0 0 0 0 0 0 0 0 
0 0 0 0 19 19 28 14 0 0 0 0 0 0 0 0 0 0 0 0 
0 0 0 0 0 0 0 0 0 0 0 0 0 0 0 0 28 27 18 14 
18 12 17 24 0 0 0 0 0 0 0 0 0 0 0 0 0 0 0 0 
0 0 0 0 14 13 10 25 0 0 0 0 13 26 15 19 0 0 0 0 
0 0 0 0 13 18 21 15 23 26 26 14 29 25 14 19 0 0 0 0 
0 0 0 0 27 15 13 19 30 16 18 16 0 0 0 0 0 0 0 0 
0 0 0 0 0 0 0 0 0 0 0 0 0 0 0 0 23 30 11 30 
21 13 15 26 0 0 0 0 0 0 0 0 0 0 0 0 0 0 0 0 
0 0 0 0 0 0 0 0 29 22 12 16 19 26 28 18 0 0 0 0 
0 0 0 0 15 25 14 30 14 17 18 11 23 23 17 17 0 0 0 0 
0 0 0 0 29 22 13 24 0 0 0 0 30 14 22 12 0 0 0 0 
0 0 0 0 0 0 0 0 0 0 0 0 0 0 0 0 27 27 23 25 
18 30 23 25 0 0 0 0 0 0 0 0 0 0 0 0 0 0 0 0 
0 0 0 0 22 13 27 15 18 13 12 16 0 0 0 0 0 0 0 0 
0 0 0 0 0 0 0 0 26 25 29 21 25 24 13 16 0 0 0 0 
0 0 0 0 12 19 17 24 23 25 16 27 24 23 18 30 0 0 0 0 
0 0 0 0 0 0 0 0 0 0 0 0 0 0 0 0 27 10 13 30 
15 25 16 13 0 0 0 0 0 0 0 0 0 0 0 0 0 0 0 0 
0 0 0 0 21 12 14 25 12 24 11 15 21 11 18 29 0 0 0 0 
0 0 0 0 0 0 0 0 18 28 21 22 25 10 23 19 0 0 0 0 
0 0 0 0 24 22 20 28 12 28 30 21 21 12 16 13 0 0 0 0 
0 0 0 0 0 0 0 0 0 0 0 0 0 0 0 0 20 28 19 17 
10 12 25 10 0 0 0 0 0 0 0 0 0 0 0 0 0 0 0 0 
0 0 0 0 14 12 30 12 29 21 30 12 15 11 15 19 0 0 0 0 
0 0 0 0 0 0 0 0 21 24 19 22 0 0 0 0 0 0 0 0 
0 0 0 0 20 16 26 27 21 10 11 21 18 17 24 17 0 0 0 0 
0 0 0 0 0 0 0 0 0 0 0 0 0 0 0 0 15 17 25 11 
22 18 14 16 0 0 0 0 0 0 0 0 0 0 0 0 0 0 0 0 
0 0 0 0 15 19 22 24 29 14 12 11 15 10 17 22 0 0 0 0 
0 0 0 0 16 22 27 17 0 0 0 0 0 0 0 0 0 0 0 0 
0 0 0 0 0 0 0 0 14 22 16 29 26 11 14 28 0 0 0 0 
0 0 0 0 0 0 0 0 0 0 0 0 0 0 0 0 26 16 18 11 
24 28 18 25 0 0 0 0 0 0 0 0 0 0 0 0 0 0 0 0 
0 0 0 0 0 0 0 0 0 0 0 0 26 11 30 25 0 0 0 0 
0 0 0 0 0 0 0 0 22 21 29 18 0 0 0 0 0 0 0 0 
0 0 0 0 0 0 0 0 0 0 0 0 19 11 12 13 0 0 0 0 
0 0 0 0 0 0 0 0 0 0 0 0 0 0 0 0 25 28 30 19 
15 22 22 22 0 0 0 0 0 0 0 0 0 0 0 0 0 0 0 0 
0 0 0 0 0 0 0 0 17 30 17 23 0 0 0 0 0 0 0 0 
0 0 0 0 25 23 26 22 0 0 0 0 0 0 0 0 0 0 0 0 
0 0 0 0 0 0 0 0 16 19 14 29 10 27 15 26 0 0 0 0 
0 0 0 0 0 0 0 0 0 0 0 0 0 0 0 0 23 27 13 10 
19 12 22 27 0 0 0 0 0 0 0 0 0 0 0 0 0 0 0 0 
0 0 0 0 26 18 18 27 23 25 29 15 0 0 0 0 0 0 0 0 
0 0 0 0 28 22 17 19 18 23 18 29 13 26 11 29 0 0 0 0 
0 0 0 0 29 16 14 25 11 15 27 12 0 0 0 0 0 0 0 0 
0 0 0 0 0 0 0 0 0 0 0 0 0 0 0 0 18 30 24 13 
13 28 25 10 0 0 0 0 0 0 0 0 0 0 0 0 0 0 0 0 
0 0 0 0 11 25 25 10 13 15 30 18 27 16 19 23 0 0 0 0 
0 0 0 0 0 0 0 0 0 0 0 0 14 18 14 20 0 0 0 0 
0 0 0 0 27 22 27 26 18 22 28 28 0 0 0 0 0 0 0 0 
0 0 0 0 0 0 0 0 0 0 0 0 0 0 0 0 24 29 23 21 
23 16 15 22 0 0 0 0 0 0 0 0 0 0 0 0 0 0 0 0 
0 0 0 0 30 22 24 21 24 29 29 27 15 28 21 16 0 0 0 0 
0 0 0 0 0 0 0 0 24 21 18 15 0 0 0 0 0 0 0 0 
0 0 0 0 0 0 0 0 27 15 24 24 23 13 11 26 0 0 0 0 
0 0 0 0 0 0 0 0 0 0 0 0 0 0 0 0 13 24 14 27 
29 27 16 12 0 0 0 0 0 0 0 0 0 0 0 0 0 0 0 0 
0 0 0 0 0 0 0 0 0 0 0 0 26 27 18 26 0 0 0 0 
0 0 0 0 23 11 16 20 11 15 16 20 26 16 10 18 0 0 0 0 
0 0 0 0 15 22 13 23 0 0 0 0 0 0 0 0 0 0 0 0 
0 0 0 0 0 0 0 0 0 0 0 0 0 0 0 0 16 24 28 16 
22 11 29 26 0 0 0 0 0 0 0 0 0 0 0 0 0 0 0 0 
0 0 0 0 19 19 11 18 27 20 17 19 11 26 16 30 0 0 0 0 
0 0 0 0 19 29 19 17 28 16 19 14 28 14 19 17 0 0 0 0 
0 0 0 0 0 0 0 0 30 17 12 12 23 23 14 28 0 0 0 0 
0 0 0 0 0 0 0 0 0 0 0 0 0 0 0 0 23 14 17 15 
27 21 24 19 0 0 0 0 0 0 0 0 0 0 0 0 0 0 0 0 
0 0 0 0 17 26 19 24 0 0 0 0 29 12 23 25 0 0 0 0 
0 0 0 0 19 23 19 13 23 26 12 18 16 12 17 11 0 0 0 0 
0 0 0 0 13 30 11 20 26 26 13 14 21 10 22 15 0 0 0 0 
0 0 0 0 0 0 0 0 0 0 0 0 0 0 0 0 15 20 20 30 
19 13 18 14 0 0 0 0 0 0 0 0 0 0 0 0 0 0 0 0 
0 0 0 0 26 18 11 30 0 0 0 0 21 16 26 18 0 0 0 0 
0 0 0 0 14 20 30 26 14 29 28 29 24 15 22 26 0 0 0 0 
0 0 0 0 0 0 0 0 25 22 22 26 0 0 0 0 0 0 0 0 
0 0 0 0 0 0 0 0 0 0 0 0 0 0 0 0 29 23 19 22 
11 12 25 23 0 0 0 0 0 0 0 0 0 0 0 0 0 0 0 0 
0 0 0 0 16 20 18 15 0 0 0 0 29 13 26 26 0 0 0 0 
0 0 0 0 0 0 0 0 18 26 15 17 0 0 0 0 0 0 0 0 
0 0 0 0 0 0 0 0 15 29 11 16 28 14 13 17 0 0 0 0 
0 0 0 0 0 0 0 0 0 0 0 0 0 0 0 0 30 29 26 15 
16 25 13 20 0 0 0 0 0 0 0 0 0 0 0 0 0 0 0 0 
0 0 0 0 20 12 16 16 10 12 17 28 22 15 13 20 0 0 0 0 
0 0 0 0 0 0 0 0 29 26 13 16 0 0 0 0 0 0 0 0 
0 0 0 0 0 0 0 0 0 0 0 0 21 22 13 30 0 0 0 0 
0 0 0 0 0 0 0 0 0 0 0 0 0 0 0 0 16 15 25 27 
18 26 18 29 0 0 0 0 0 0 0 0 0 0 0 0 0 0 0 0 
0 0 0 0 22 11 12 25 16 12 10 23 11 12 27 13 0 0 0 0 
0 0 0 0 27 24 24 19 0 0 0 0 0 0 0 0 0 0 0 0 
0 0 0 0 14 28 27 26 19 26 20 17 12 13 29 24 0 0 0 0 
0 0 0 0 0 0 0 0 0 0 0 0 0 0 0 0 25 29 13 26 
29 22 15 15 0 0 0 0 0 0 0 0 0 0 0 0 0 0 0 0 
0 0 0 0 10 12 28 13 13 27 30 20 18 13 18 23 0 0 0 0 
0 0 0 0 11 23 30 30 23 22 27 10 12 18 26 30 0 0 0 0 
0 0 0 0 24 26 25 29 10 24 17 17 20 10 26 10 0 0 0 0 
0 0 0 0 0 0 0 0 0 0 0 0 0 0 0 0 16 25 15 27 
21 17 18 15 0 0 0 0 0 0 0 0 0 0 0 0 0 0 0 0 
0 0 0 0 14 10 27 16 0 0 0 0 24 10 30 20 0 0 0 0 
0 0 0 0 0 0 0 0 0 0 0 0 11 16 25 29 0 0 0 0 
0 0 0 0 0 0 0 0 0 0 0 0 12 14 17 13 0 0 0 0 
0 0 0 0 0 0 0 0 0 0 0 0 0 0 0 0 18 10 12 27 
26 28 23 21 0 0 0 0 0 0 0 0 0 0 0 0 0 0 0 0 
0 0 0 0 29 17 16 20 10 29 20 21 21 26 18 21 0 0 0 0 
0 0 0 0 0 0 0 0 28 19 18 27 0 0 0 0 0 0 0 0 
0 0 0 0 24 22 14 10 0 0 0 0 0 0 0 0 0 0 0 0 
0 0 0 0 0 0 0 0 0 0 0 0 0 0 0 0 21 12 25 22 
20 20 12 19 0 0 0 0 0 0 0 0 0 0 0 0 0 0 0 0 
0 0 0 0 27 23 19 25 0 0 0 0 21 13 15 27 0 0 0 0 
0 0 0 0 25 22 10 28 0 0 0 0 27 20 16 19 0 0 0 0 
0 0 0 0 0 0 0 0 0 0 0 0 15 19 24 17 0 0 0 0 
0 0 0 0 0 0 0 0 0 0 0 0 0 0 0 0 10 17 15 24 
11 26 10 17 0 0 0 0 0 0 0 0 0 0 0 0 0 0 0 0 
0 0 0 0 0 0 0 0 27 10 28 14 0 0 0 0 0 0 0 0 
0 0 0 0 0 0 0 0 0 0 0 0 24 12 25 25 0 0 0 0 
0 0 0 0 0 0 0 0 17 16 13 25 0 0 0 0 0 0 0 0 
0 0 0 0 0 0 0 0 0 0 0 0 0 0 0 0 27 28 30 10 
25 14 23 22 0 0 0 0 0 0 0 0 0 0 0 0 0 0 0 0 
0 0 0 0 13 21 20 14 0 0 0 0 0 0 0 0 0 0 0 0 
0 0 0 0 21 29 30 22 0 0 0 0 28 23 24 28 0 0 0 0 
0 0 0 0 0 0 0 0 10 30 14 11 0 0 0 0 0 0 0 0 
0 0 0 0 0 0 0 0 0 0 0 0 0 0 0 0 10 21 24 29 
17 15 22 12 0 0 0 0 0 0 0 0 0 0 0 0 0 0 0 0 
0 0 0 0 18 10 28 17 17 26 10 24 20 27 12 22 0 0 0 0 
0 0 0 0 22 24 17 13 0 0 0 0 0 0 0 0 0 0 0 0 
0 0 0 0 0 0 0 0 14 24 15 29 10 17 22 21 0 0 0 0 
0 0 0 0 0 0 0 0 0 0 0 0 0 0 0 0 19 29 23 20 
21 25 19 29 0 0 0 0 0 0 0 0 0 0 0 0 0 0 0 0 
0 0 0 0 24 10 27 27 0 0 0 0 22 13 22 18 0 0 0 0 
0 0 0 0 11 13 22 11 21 16 26 11 13 21 16 14 0 0 0 0 
0 0 0 0 0 0 0 0 17 14 27 11 29 25 19 22 0 0 0 0 
0 0 0 0 0 0 0 0 0 0 0 0 0 0 0 0 10 29 16 17 
28 29 10 10 0 0 0 0 0 0 0 0 0 0 0 0 0 0 0 0 
0 0 0 0 0 0 0 0 0 0 0 0 17 19 13 12 0 0 0 0 
0 0 0 0 0 0 0 0 16 28 27 19 29 20 29 21 0 0 0 0 
0 0 0 0 18 13 15 10 23 20 20 13 28 27 23 25 0 0 0 0 
0 0 0 0 0 0 0 0 0 0 0 0 0 0 0 0 27 17 25 21
---------------------
 
Processing cost   (0 -- non-optional machine)
Rows: sequential for each operation of each part; Columns: correspond to machine number
18 10 16 13 0 0 0 0 0 0 0 0 0 0 0 0 0 0 0 0 
0 0 0 0 10 16 11 20 10 14 15 10 19 12 17 20 0 0 0 0 
0 0 0 0 16 17 14 14 20 18 12 11 16 12 12 15 0 0 0 0 
0 0 0 0 0 0 0 0 0 0 0 0 11 10 13 17 0 0 0 0 
0 0 0 0 0 0 0 0 0 0 0 0 0 0 0 0 12 20 11 16 
15 15 16 14 0 0 0 0 0 0 0 0 0 0 0 0 0 0 0 0 
0 0 0 0 0 0 0 0 15 20 13 18 11 11 17 16 0 0 0 0 
0 0 0 0 0 0 0 0 14 19 14 14 20 15 20 13 0 0 0 0 
0 0 0 0 0 0 0 0 0 0 0 0 12 19 19 20 0 0 0 0 
0 0 0 0 0 0 0 0 0 0 0 0 0 0 0 0 13 20 15 11 
12 17 17 10 0 0 0 0 0 0 0 0 0 0 0 0 0 0 0 0 
0 0 0 0 17 14 14 17 0 0 0 0 15 11 19 14 0 0 0 0 
0 0 0 0 0 0 0 0 11 14 12 13 13 13 16 16 0 0 0 0 
0 0 0 0 0 0 0 0 0 0 0 0 13 10 13 15 0 0 0 0 
0 0 0 0 0 0 0 0 0 0 0 0 0 0 0 0 18 16 13 14 
12 12 12 11 0 0 0 0 0 0 0 0 0 0 0 0 0 0 0 0 
0 0 0 0 0 0 0 0 13 14 11 11 0 0 0 0 0 0 0 0 
0 0 0 0 13 15 20 18 17 11 17 11 10 10 18 10 0 0 0 0 
0 0 0 0 12 15 15 15 15 17 17 19 20 20 10 10 0 0 0 0 
0 0 0 0 0 0 0 0 0 0 0 0 0 0 0 0 12 17 20 13 
19 12 16 11 0 0 0 0 0 0 0 0 0 0 0 0 0 0 0 0 
0 0 0 0 19 12 19 11 11 13 14 12 15 14 12 12 0 0 0 0 
0 0 0 0 15 13 16 17 18 20 13 20 0 0 0 0 0 0 0 0 
0 0 0 0 11 11 12 12 19 15 19 20 20 10 15 18 0 0 0 0 
0 0 0 0 0 0 0 0 0 0 0 0 0 0 0 0 19 20 19 10 
19 14 17 20 0 0 0 0 0 0 0 0 0 0 0 0 0 0 0 0 
0 0 0 0 14 14 12 19 20 15 11 16 15 18 20 19 0 0 0 0 
0 0 0 0 0 0 0 0 14 12 17 15 14 19 15 19 0 0 0 0 
0 0 0 0 17 10 16 19 12 15 14 15 17 10 11 10 0 0 0 0 
0 0 0 0 0 0 0 0 0 0 0 0 0 0 0 0 17 15 16 13 
11 14 18 18 0 0 0 0 0 0 0 0 0 0 0 0 0 0 0 0 
0 0 0 0 17 13 12 15 0 0 0 0 0 0 0 0 0 0 0 0 
0 0 0 0 14 17 11 18 20 18 15 11 0 0 0 0 0 0 0 0 
0 0 0 0 0 0 0 0 14 12 12 19 19 16 20 15 0 0 0 0 
0 0 0 0 0 0 0 0 0 0 0 0 0 0 0 0 16 15 15 17 
19 19 18 13 0 0 0 0 0 0 0 0 0 0 0 0 0 0 0 0 
0 0 0 0 20 11 12 11 20 13 18 11 15 11 18 12 0 0 0 0 
0 0 0 0 12 11 20 14 10 11 10 17 0 0 0 0 0 0 0 0 
0 0 0 0 0 0 0 0 11 17 14 15 0 0 0 0 0 0 0 0 
0 0 0 0 0 0 0 0 0 0 0 0 0 0 0 0 12 16 16 20 
12 15 11 15 0 0 0 0 0 0 0 0 0 0 0 0 0 0 0 0 
0 0 0 0 20 20 14 13 19 15 12 17 12 15 14 11 0 0 0 0 
0 0 0 0 13 12 20 16 19 15 18 17 20 13 15 11 0 0 0 0 
0 0 0 0 17 17 15 15 0 0 0 0 15 19 12 12 0 0 0 0 
0 0 0 0 0 0 0 0 0 0 0 0 0 0 0 0 18 14 20 15 
17 19 16 18 0 0 0 0 0 0 0 0 0 0 0 0 0 0 0 0 
0 0 0 0 0 0 0 0 16 13 19 13 13 15 14 11 0 0 0 0 
0 0 0 0 17 15 19 14 12 15 10 14 13 12 17 16 0 0 0 0 
0 0 0 0 0 0 0 0 14 15 18 10 0 0 0 0 0 0 0 0 
0 0 0 0 0 0 0 0 0 0 0 0 0 0 0 0 19 11 15 11 
15 13 11 17 0 0 0 0 0 0 0 0 0 0 0 0 0 0 0 0 
0 0 0 0 0 0 0 0 17 16 12 10 15 20 15 19 0 0 0 0 
0 0 0 0 17 10 20 11 0 0 0 0 0 0 0 0 0 0 0 0 
0 0 0 0 20 12 12 10 0 0 0 0 0 0 0 0 0 0 0 0 
0 0 0 0 0 0 0 0 0 0 0 0 0 0 0 0 11 14 10 13 
14 20 10 11 0 0 0 0 0 0 0 0 0 0 0 0 0 0 0 0 
0 0 0 0 20 16 18 14 0 0 0 0 0 0 0 0 0 0 0 0 
0 0 0 0 0 0 0 0 11 19 14 12 0 0 0 0 0 0 0 0 
0 0 0 0 14 19 11 19 16 13 12 12 0 0 0 0 0 0 0 0 
0 0 0 0 0 0 0 0 0 0 0 0 0 0 0 0 11 10 12 20 
19 20 16 20 0 0 0 0 0 0 0 0 0 0 0 0 0 0 0 0 
0 0 0 0 10 17 18 11 20 17 14 12 0 0 0 0 0 0 0 0 
0 0 0 0 20 14 20 13 17 10 16 14 11 13 16 15 0 0 0 0 
0 0 0 0 18 16 14 15 10 10 11 19 20 14 14 17 0 0 0 0 
0 0 0 0 0 0 0 0 0 0 0 0 0 0 0 0 15 19 15 18 
13 14 19 13 0 0 0 0 0 0 0 0 0 0 0 0 0 0 0 0 
0 0 0 0 19 14 16 16 11 17 11 11 15 18 10 12 0 0 0 0 
0 0 0 0 18 17 14 15 13 12 19 19 12 16 13 13 0 0 0 0 
0 0 0 0 0 0 0 0 16 12 13 12 11 11 13 11 0 0 0 0 
0 0 0 0 0 0 0 0 0 0 0 0 0 0 0 0 10 14 10 20 
13 11 19 14 0 0 0 0 0 0 0 0 0 0 0 0 0 0 0 0 
0 0 0 0 10 20 11 14 15 17 12 15 10 15 18 12 0 0 0 0 
0 0 0 0 12 19 19 14 0 0 0 0 11 15 14 17 0 0 0 0 
0 0 0 0 0 0 0 0 11 13 15 15 0 0 0 0 0 0 0 0 
0 0 0 0 0 0 0 0 0 0 0 0 0 0 0 0 19 12 14 19 
19 19 10 19 0 0 0 0 0 0 0 0 0 0 0 0 0 0 0 0 
0 0 0 0 0 0 0 0 0 0 0 0 15 15 18 19 0 0 0 0 
0 0 0 0 0 0 0 0 0 0 0 0 18 10 17 19 0 0 0 0 
0 0 0 0 12 12 16 17 20 15 13 18 14 12 15 18 0 0 0 0 
0 0 0 0 0 0 0 0 0 0 0 0 0 0 0 0 14 20 20 11 
14 14 19 14 0 0 0 0 0 0 0 0 0 0 0 0 0 0 0 0 
0 0 0 0 13 20 13 14 19 16 19 17 10 20 11 15 0 0 0 0 
0 0 0 0 0 0 0 0 13 17 15 15 16 15 11 17 0 0 0 0 
0 0 0 0 0 0 0 0 17 15 10 20 0 0 0 0 0 0 0 0 
0 0 0 0 0 0 0 0 0 0 0 0 0 0 0 0 20 10 19 18 
14 13 13 12 0 0 0 0 0 0 0 0 0 0 0 0 0 0 0 0 
0 0 0 0 0 0 0 0 0 0 0 0 13 12 19 10 0 0 0 0 
0 0 0 0 19 14 15 20 20 14 16 16 11 15 18 10 0 0 0 0 
0 0 0 0 11 16 19 10 0 0 0 0 17 13 10 20 0 0 0 0 
0 0 0 0 0 0 0 0 0 0 0 0 0 0 0 0 13 14 11 12 
12 13 16 15 0 0 0 0 0 0 0 0 0 0 0 0 0 0 0 0 
0 0 0 0 19 18 17 12 18 18 17 11 11 20 13 16 0 0 0 0 
0 0 0 0 20 13 16 18 0 0 0 0 0 0 0 0 0 0 0 0 
0 0 0 0 15 12 17 16 0 0 0 0 20 14 14 18 0 0 0 0 
0 0 0 0 0 0 0 0 0 0 0 0 0 0 0 0 13 18 12 17 
20 14 15 10 0 0 0 0 0 0 0 0 0 0 0 0 0 0 0 0 
0 0 0 0 0 0 0 0 0 0 0 0 19 10 17 17 0 0 0 0 
0 0 0 0 17 17 17 15 0 0 0 0 17 18 13 12 0 0 0 0 
0 0 0 0 0 0 0 0 13 13 10 12 0 0 0 0 0 0 0 0 
0 0 0 0 0 0 0 0 0 0 0 0 0 0 0 0 12 13 18 17 
13 11 11 10 0 0 0 0 0 0 0 0 0 0 0 0 0 0 0 0 
0 0 0 0 10 13 10 12 16 13 18 19 20 13 19 13 0 0 0 0 
0 0 0 0 0 0 0 0 10 12 15 18 12 11 11 16 0 0 0 0 
0 0 0 0 0 0 0 0 17 11 18 10 15 10 20 10 0 0 0 0 
0 0 0 0 0 0 0 0 0 0 0 0 0 0 0 0 15 19 20 19 
19 14 15 12 0 0 0 0 0 0 0 0 0 0 0 0 0 0 0 0 
0 0 0 0 13 15 20 13 0 0 0 0 0 0 0 0 0 0 0 0 
0 0 0 0 16 16 13 18 20 12 17 20 11 20 13 19 0 0 0 0 
0 0 0 0 11 13 18 15 14 16 13 10 20 11 12 14 0 0 0 0 
0 0 0 0 0 0 0 0 0 0 0 0 0 0 0 0 15 14 18 13 
20 17 14 11 0 0 0 0 0 0 0 0 0 0 0 0 0 0 0 0 
0 0 0 0 18 18 18 15 20 10 18 18 0 0 0 0 0 0 0 0 
0 0 0 0 0 0 0 0 13 18 13 10 0 0 0 0 0 0 0 0 
0 0 0 0 15 15 17 11 0 0 0 0 0 0 0 0 0 0 0 0 
0 0 0 0 0 0 0 0 0 0 0 0 0 0 0 0 16 11 14 16 
18 18 15 18 0 0 0 0 0 0 0 0 0 0 0 0 0 0 0 0 
0 0 0 0 16 13 11 14 0 0 0 0 12 17 10 20 0 0 0 0 
0 0 0 0 11 14 17 10 13 17 20 12 18 11 11 12 0 0 0 0 
0 0 0 0 19 11 19 17 14 17 12 18 0 0 0 0 0 0 0 0 
0 0 0 0 0 0 0 0 0 0 0 0 0 0 0 0 16 18 10 17 
20 20 14 19 0 0 0 0 0 0 0 0 0 0 0 0 0 0 0 0 
0 0 0 0 0 0 0 0 15 11 10 20 11 14 12 13 0 0 0 0 
0 0 0 0 17 11 18 12 17 18 16 19 20 14 15 20 0 0 0 0 
0 0 0 0 16 18 15 12 0 0 0 0 18 11 15 10 0 0 0 0 
0 0 0 0 0 0 0 0 0 0 0 0 0 0 0 0 13 13 19 13 
12 17 12 15 0 0 0 0 0 0 0 0 0 0 0 0 0 0 0 0 
0 0 0 0 20 18 14 13 17 20 13 17 0 0 0 0 0 0 0 0 
0 0 0 0 0 0 0 0 12 14 17 14 18 19 14 10 0 0 0 0 
0 0 0 0 13 10 18 15 19 20 14 19 10 14 13 20 0 0 0 0 
0 0 0 0 0 0 0 0 0 0 0 0 0 0 0 0 18 13 10 14 
16 17 20 12 0 0 0 0 0 0 0 0 0 0 0 0 0 0 0 0 
0 0 0 0 12 11 17 18 16 15 15 12 12 18 18 19 0 0 0 0 
0 0 0 0 0 0 0 0 15 15 17 17 15 17 11 10 0 0 0 0 
0 0 0 0 19 17 14 17 12 14 16 20 15 10 15 17 0 0 0 0 
0 0 0 0 0 0 0 0 0 0 0 0 0 0 0 0 14 14 14 18 
16 16 13 10 0 0 0 0 0 0 0 0 0 0 0 0 0 0 0 0 
0 0 0 0 20 14 19 10 11 13 12 19 17 20 10 14 0 0 0 0 
0 0 0 0 0 0 0 0 13 12 16 17 0 0 0 0 0 0 0 0 
0 0 0 0 14 18 12 20 19 20 14 14 18 18 12 13 0 0 0 0 
0 0 0 0 0 0 0 0 0 0 0 0 0 0 0 0 10 17 10 12 
19 19 18 11 0 0 0 0 0 0 0 0 0 0 0 0 0 0 0 0 
0 0 0 0 11 14 16 11 14 17 14 15 18 14 18 20 0 0 0 0 
0 0 0 0 16 11 11 19 0 0 0 0 0 0 0 0 0 0 0 0 
0 0 0 0 0 0 0 0 10 11 13 18 18 20 18 12 0 0 0 0 
0 0 0 0 0 0 0 0 0 0 0 0 0 0 0 0 17 18 11 16 
10 20 20 18 0 0 0 0 0 0 0 0 0 0 0 0 0 0 0 0 
0 0 0 0 0 0 0 0 0 0 0 0 15 20 19 12 0 0 0 0 
0 0 0 0 0 0 0 0 16 11 13 13 0 0 0 0 0 0 0 0 
0 0 0 0 0 0 0 0 0 0 0 0 12 10 16 17 0 0 0 0 
0 0 0 0 0 0 0 0 0 0 0 0 0 0 0 0 10 17 12 19 
12 20 14 13 0 0 0 0 0 0 0 0 0 0 0 0 0 0 0 0 
0 0 0 0 0 0 0 0 11 16 10 20 0 0 0 0 0 0 0 0 
0 0 0 0 18 16 13 15 0 0 0 0 0 0 0 0 0 0 0 0 
0 0 0 0 0 0 0 0 16 12 13 19 20 19 15 17 0 0 0 0 
0 0 0 0 0 0 0 0 0 0 0 0 0 0 0 0 17 20 20 13 
20 20 18 16 0 0 0 0 0 0 0 0 0 0 0 0 0 0 0 0 
0 0 0 0 17 20 17 14 10 18 15 19 0 0 0 0 0 0 0 0 
0 0 0 0 20 18 20 16 15 20 15 20 10 20 12 19 0 0 0 0 
0 0 0 0 13 10 11 17 10 20 17 13 0 0 0 0 0 0 0 0 
0 0 0 0 0 0 0 0 0 0 0 0 0 0 0 0 17 12 11 19 
11 12 16 20 0 0 0 0 0 0 0 0 0 0 0 0 0 0 0 0 
0 0 0 0 20 13 19 10 10 15 20 12 20 13 13 18 0 0 0 0 
0 0 0 0 0 0 0 0 0 0 0 0 13 15 17 12 0 0 0 0 
0 0 0 0 17 13 16 16 10 18 17 20 0 0 0 0 0 0 0 0 
0 0 0 0 0 0 0 0 0 0 0 0 0 0 0 0 13 12 11 18 
19 15 20 13 0 0 0 0 0 0 0 0 0 0 0 0 0 0 0 0 
0 0 0 0 20 14 11 10 13 16 13 20 13 11 12 15 0 0 0 0 
0 0 0 0 0 0 0 0 11 10 14 15 0 0 0 0 0 0 0 0 
0 0 0 0 0 0 0 0 16 15 13 10 15 16 16 11 0 0 0 0 
0 0 0 0 0 0 0 0 0 0 0 0 0 0 0 0 15 17 12 11 
11 16 16 11 0 0 0 0 0 0 0 0 0 0 0 0 0 0 0 0 
0 0 0 0 0 0 0 0 0 0 0 0 12 16 15 13 0 0 0 0 
0 0 0 0 19 17 17 16 15 11 15 17 12 11 10 17 0 0 0 0 
0 0 0 0 11 19 14 20 0 0 0 0 0 0 0 0 0 0 0 0 
0 0 0 0 0 0 0 0 0 0 0 0 0 0 0 0 20 16 12 16 
11 17 13 14 0 0 0 0 0 0 0 0 0 0 0 0 0 0 0 0 
0 0 0 0 18 10 19 20 12 14 17 10 14 14 20 18 0 0 0 0 
0 0 0 0 10 15 14 20 16 11 18 13 18 10 13 17 0 0 0 0 
0 0 0 0 0 0 0 0 20 19 10 19 18 15 12 14 0 0 0 0 
0 0 0 0 0 0 0 0 0 0 0 0 0 0 0 0 14 13 11 11 
10 15 16 13 0 0 0 0 0 0 0 0 0 0 0 0 0 0 0 0 
0 0 0 0 14 14 19 13 0 0 0 0 19 14 20 11 0 0 0 0 
0 0 0 0 11 11 15 18 10 15 18 16 18 19 17 15 0 0 0 0 
0 0 0 0 14 11 11 13 20 11 13 16 14 10 10 19 0 0 0 0 
0 0 0 0 0 0 0 0 0 0 0 0 0 0 0 0 12 19 13 20 
20 11 11 18 0 0 0 0 0 0 0 0 0 0 0 0 0 0 0 0 
0 0 0 0 19 13 11 12 0 0 0 0 12 11 16 17 0 0 0 0 
0 0 0 0 11 19 14 17 15 18 11 15 18 14 19 20 0 0 0 0 
0 0 0 0 0 0 0 0 13 18 16 13 0 0 0 0 0 0 0 0 
0 0 0 0 0 0 0 0 0 0 0 0 0 0 0 0 12 19 11 14 
16 13 11 17 0 0 0 0 0 0 0 0 0 0 0 0 0 0 0 0 
0 0 0 0 10 19 12 11 0 0 0 0 20 16 11 17 0 0 0 0 
0 0 0 0 0 0 0 0 11 14 12 10 0 0 0 0 0 0 0 0 
0 0 0 0 0 0 0 0 16 10 15 19 20 11 15 18 0 0 0 0 
0 0 0 0 0 0 0 0 0 0 0 0 0 0 0 0 10 13 20 10 
11 19 13 16 0 0 0 0 0 0 0 0 0 0 0 0 0 0 0 0 
0 0 0 0 20 11 12 20 16 15 16 18 14 20 13 18 0 0 0 0 
0 0 0 0 0 0 0 0 18 16 16 14 0 0 0 0 0 0 0 0 
0 0 0 0 0 0 0 0 0 0 0 0 19 11 15 12 0 0 0 0 
0 0 0 0 0 0 0 0 0 0 0 0 0 0 0 0 20 11 19 12 
17 18 13 19 0 0 0 0 0 0 0 0 0 0 0 0 0 0 0 0 
0 0 0 0 13 14 20 20 19 12 19 20 20 20 14 14 0 0 0 0 
0 0 0 0 20 12 10 18 0 0 0 0 0 0 0 0 0 0 0 0 
0 0 0 0 14 13 11 10 19 18 18 13 20 13 17 16 0 0 0 0 
0 0 0 0 0 0 0 0 0 0 0 0 0 0 0 0 17 13 11 16 
13 16 16 15 0 0 0 0 0 0 0 0 0 0 0 0 0 0 0 0 
0 0 0 0 20 16 20 19 20 11 11 15 10 19 20 19 0 0 0 0 
0 0 0 0 16 16 13 18 18 20 20 15 20 10 19 18 0 0 0 0 
0 0 0 0 17 13 16 11 10 16 11 13 20 20 12 10 0 0 0 0 
0 0 0 0 0 0 0 0 0 0 0 0 0 0 0 0 10 12 16 20 
14 18 18 12 0 0 0 0 0 0 0 0 0 0 0 0 0 0 0 0 
0 0 0 0 14 19 16 12 0 0 0 0 18 18 17 18 0 0 0 0 
0 0 0 0 0 0 0 0 0 0 0 0 11 13 13 17 0 0 0 0 
0 0 0 0 0 0 0 0 0 0 0 0 13 14 11 18 0 0 0 0 
0 0 0 0 0 0 0 0 0 0 0 0 0 0 0 0 11 14 13 17 
11 20 13 13 0 0 0 0 0 0 0 0 0 0 0 0 0 0 0 0 
0 0 0 0 18 11 19 11 20 14 11 10 11 18 15 18 0 0 0 0 
0 0 0 0 0 0 0 0 15 12 12 18 0 0 0 0 0 0 0 0 
0 0 0 0 10 12 14 12 0 0 0 0 0 0 0 0 0 0 0 0 
0 0 0 0 0 0 0 0 0 0 0 0 0 0 0 0 13 17 18 18 
13 18 15 18 0 0 0 0 0 0 0 0 0 0 0 0 0 0 0 0 
0 0 0 0 20 12 18 14 0 0 0 0 12 15 13 15 0 0 0 0 
0 0 0 0 15 18 11 13 0 0 0 0 14 19 12 17 0 0 0 0 
0 0 0 0 0 0 0 0 0 0 0 0 18 20 10 16 0 0 0 0 
0 0 0 0 0 0 0 0 0 0 0 0 0 0 0 0 19 15 19 18 
17 13 14 12 0 0 0 0 0 0 0 0 0 0 0 0 0 0 0 0 
0 0 0 0 0 0 0 0 11 18 12 12 0 0 0 0 0 0 0 0 
0 0 0 0 0 0 0 0 0 0 0 0 17 17 17 19 0 0 0 0 
0 0 0 0 0 0 0 0 10 19 14 10 0 0 0 0 0 0 0 0 
0 0 0 0 0 0 0 0 0 0 0 0 0 0 0 0 16 19 19 11 
10 17 13 18 0 0 0 0 0 0 0 0 0 0 0 0 0 0 0 0 
0 0 0 0 18 18 13 14 0 0 0 0 0 0 0 0 0 0 0 0 
0 0 0 0 13 17 19 20 0 0 0 0 17 13 15 17 0 0 0 0 
0 0 0 0 0 0 0 0 14 20 17 17 0 0 0 0 0 0 0 0 
0 0 0 0 0 0 0 0 0 0 0 0 0 0 0 0 17 19 19 18 
16 16 19 14 0 0 0 0 0 0 0 0 0 0 0 0 0 0 0 0 
0 0 0 0 15 12 17 14 12 11 11 20 15 16 14 14 0 0 0 0 
0 0 0 0 11 14 15 18 0 0 0 0 0 0 0 0 0 0 0 0 
0 0 0 0 0 0 0 0 20 14 19 12 10 12 17 12 0 0 0 0 
0 0 0 0 0 0 0 0 0 0 0 0 0 0 0 0 17 11 18 17 
11 10 20 13 0 0 0 0 0 0 0 0 0 0 0 0 0 0 0 0 
0 0 0 0 10 16 19 20 0 0 0 0 18 13 10 13 0 0 0 0 
0 0 0 0 16 19 19 11 17 14 12 18 14 10 15 20 0 0 0 0 
0 0 0 0 0 0 0 0 20 19 16 10 11 19 17 20 0 0 0 0 
0 0 0 0 0 0 0 0 0 0 0 0 0 0 0 0 13 11 11 15 
18 13 19 14 0 0 0 0 0 0 0 0 0 0 0 0 0 0 0 0 
0 0 0 0 0 0 0 0 0 0 0 0 11 17 15 16 0 0 0 0 
0 0 0 0 0 0 0 0 19 12 17 15 12 10 18 15 0 0 0 0 
0 0 0 0 16 11 13 13 17 14 12 16 19 16 20 16 0 0 0 0 
0 0 0 0 0 0 0 0 0 0 0 0 0 0 0 0 10 12 15 17
---------------------
 
Distance between cells
Rows and Columns: correspond to cell number
0 330 366 167 400 352 
330 0 52 361 56 122 
366 52 0 332 382 287 
167 361 332 0 154 173 
400 56 382 154 0 232 
352 122 287 173 232 0
---------------------
 
Distribution of machines in cells   (1 -- if machine m is distributed in cell u;0 -- else) 
Rows: correspond to cell number; Columns: correspond to machine number
0 0 0 0 0 1 1 0 0 0 0 1 1 0 0 0 0 0 0 0 
0 0 1 0 0 0 0 0 0 0 0 0 0 0 0 0 1 0 0 0 
0 0 0 0 0 0 0 0 1 1 1 0 0 0 0 0 0 1 0 0 
1 0 0 1 0 0 0 0 0 0 0 0 0 0 0 0 0 0 0 0 
0 1 0 0 0 0 0 0 0 0 0 0 0 1 0 1 0 0 0 1 
0 0 0 0 1 0 0 1 0 0 0 0 0 0 1 0 0 0 1 0
---------------------
 
