Adaption from Behnke12

Number of operations for each part
5 5 5 5 5 5 5 5 5 5 5 5 5 5 5 5 5 5 5 5 5 5 5 5 5 5 5 5 5 5 5 5 5 5 5 5 5 5 5 5 5 5 5 5 5 5 5 5 5 5
---------------------
 
Processing time   (0 -- non-optional machine)
Rows: sequential for each operation of each part; Columns: correspond to machine number
18 25 27 21 0 0 0 0 0 0 0 0 0 0 0 0 0 0 0 0 
0 0 0 0 23 29 26 16 29 18 28 13 28 21 23 22 0 0 0 0 
0 0 0 0 22 17 26 24 11 30 16 26 12 14 10 29 0 0 0 0 
0 0 0 0 10 27 15 13 27 24 30 10 13 14 21 25 0 0 0 0 
0 0 0 0 0 0 0 0 0 0 0 0 0 0 0 0 14 22 26 10 
21 26 11 28 0 0 0 0 0 0 0 0 0 0 0 0 0 0 0 0 
0 0 0 0 15 30 30 27 30 10 29 19 15 16 25 30 0 0 0 0 
0 0 0 0 26 24 28 17 0 0 0 0 0 0 0 0 0 0 0 0 
0 0 0 0 15 14 30 17 16 10 12 29 10 30 26 10 0 0 0 0 
0 0 0 0 0 0 0 0 0 0 0 0 0 0 0 0 10 30 26 10 
20 16 29 19 0 0 0 0 0 0 0 0 0 0 0 0 0 0 0 0 
0 0 0 0 10 11 12 17 0 0 0 0 0 0 0 0 0 0 0 0 
0 0 0 0 19 17 24 11 21 23 18 22 17 14 24 26 0 0 0 0 
0 0 0 0 0 0 0 0 28 12 17 12 0 0 0 0 0 0 0 0 
0 0 0 0 0 0 0 0 0 0 0 0 0 0 0 0 22 21 14 24 
27 23 10 27 0 0 0 0 0 0 0 0 0 0 0 0 0 0 0 0 
0 0 0 0 10 10 28 14 0 0 0 0 0 0 0 0 0 0 0 0 
0 0 0 0 16 25 13 12 23 26 25 11 0 0 0 0 0 0 0 0 
0 0 0 0 11 10 30 27 0 0 0 0 15 29 14 18 0 0 0 0 
0 0 0 0 0 0 0 0 0 0 0 0 0 0 0 0 17 23 12 25 
30 10 18 24 0 0 0 0 0 0 0 0 0 0 0 0 0 0 0 0 
0 0 0 0 17 11 30 17 11 12 21 13 18 20 28 10 0 0 0 0 
0 0 0 0 13 22 25 21 19 14 16 21 20 25 29 18 0 0 0 0 
0 0 0 0 18 30 18 24 0 0 0 0 0 0 0 0 0 0 0 0 
0 0 0 0 0 0 0 0 0 0 0 0 0 0 0 0 22 11 22 22 
14 30 11 17 0 0 0 0 0 0 0 0 0 0 0 0 0 0 0 0 
0 0 0 0 0 0 0 0 14 30 18 27 23 13 14 11 0 0 0 0 
0 0 0 0 0 0 0 0 30 14 15 15 21 23 27 13 0 0 0 0 
0 0 0 0 0 0 0 0 0 0 0 0 11 19 24 20 0 0 0 0 
0 0 0 0 0 0 0 0 0 0 0 0 0 0 0 0 16 16 26 22 
21 25 29 18 0 0 0 0 0 0 0 0 0 0 0 0 0 0 0 0 
0 0 0 0 24 20 14 27 26 11 17 15 27 26 21 17 0 0 0 0 
0 0 0 0 0 0 0 0 16 21 26 29 24 23 16 25 0 0 0 0 
0 0 0 0 0 0 0 0 0 0 0 0 24 11 23 10 0 0 0 0 
0 0 0 0 0 0 0 0 0 0 0 0 0 0 0 0 26 27 17 26 
24 22 13 15 0 0 0 0 0 0 0 0 0 0 0 0 0 0 0 0 
0 0 0 0 12 11 28 16 0 0 0 0 0 0 0 0 0 0 0 0 
0 0 0 0 13 30 28 11 25 13 10 16 12 17 15 22 0 0 0 0 
0 0 0 0 15 30 25 15 0 0 0 0 0 0 0 0 0 0 0 0 
0 0 0 0 0 0 0 0 0 0 0 0 0 0 0 0 27 15 22 20 
19 19 24 10 0 0 0 0 0 0 0 0 0 0 0 0 0 0 0 0 
0 0 0 0 13 26 15 24 29 18 10 28 25 21 21 12 0 0 0 0 
0 0 0 0 0 0 0 0 26 30 28 30 25 16 19 27 0 0 0 0 
0 0 0 0 10 15 23 17 20 19 26 19 27 15 12 14 0 0 0 0 
0 0 0 0 0 0 0 0 0 0 0 0 0 0 0 0 11 12 24 22 
24 11 15 10 0 0 0 0 0 0 0 0 0 0 0 0 0 0 0 0 
0 0 0 0 0 0 0 0 0 0 0 0 15 15 18 11 0 0 0 0 
0 0 0 0 12 13 11 10 11 14 26 26 25 10 15 14 0 0 0 0 
0 0 0 0 0 0 0 0 0 0 0 0 28 26 18 24 0 0 0 0 
0 0 0 0 0 0 0 0 0 0 0 0 0 0 0 0 20 25 25 30 
26 20 19 10 0 0 0 0 0 0 0 0 0 0 0 0 0 0 0 0 
0 0 0 0 18 26 21 18 0 0 0 0 0 0 0 0 0 0 0 0 
0 0 0 0 0 0 0 0 30 26 25 11 10 18 19 18 0 0 0 0 
0 0 0 0 22 16 28 30 22 22 26 26 0 0 0 0 0 0 0 0 
0 0 0 0 0 0 0 0 0 0 0 0 0 0 0 0 30 13 25 25 
23 14 21 10 0 0 0 0 0 0 0 0 0 0 0 0 0 0 0 0 
0 0 0 0 11 28 16 13 11 27 21 15 17 16 16 20 0 0 0 0 
0 0 0 0 0 0 0 0 12 30 20 27 0 0 0 0 0 0 0 0 
0 0 0 0 30 24 17 15 10 11 22 12 27 22 28 19 0 0 0 0 
0 0 0 0 0 0 0 0 0 0 0 0 0 0 0 0 23 10 25 24 
12 14 26 14 0 0 0 0 0 0 0 0 0 0 0 0 0 0 0 0 
0 0 0 0 28 12 14 22 26 25 26 23 0 0 0 0 0 0 0 0 
0 0 0 0 0 0 0 0 20 22 27 18 25 25 17 15 0 0 0 0 
0 0 0 0 14 26 19 25 11 10 10 25 13 11 22 29 0 0 0 0 
0 0 0 0 0 0 0 0 0 0 0 0 0 0 0 0 30 13 21 17 
19 15 22 17 0 0 0 0 0 0 0 0 0 0 0 0 0 0 0 0 
0 0 0 0 26 17 13 26 25 30 26 13 23 23 16 25 0 0 0 0 
0 0 0 0 12 13 24 10 0 0 0 0 0 0 0 0 0 0 0 0 
0 0 0 0 26 11 15 15 0 0 0 0 28 17 30 25 0 0 0 0 
0 0 0 0 0 0 0 0 0 0 0 0 0 0 0 0 24 28 27 30 
20 24 21 16 0 0 0 0 0 0 0 0 0 0 0 0 0 0 0 0 
0 0 0 0 27 12 25 16 0 0 0 0 20 14 19 17 0 0 0 0 
0 0 0 0 22 29 24 15 0 0 0 0 12 19 27 28 0 0 0 0 
0 0 0 0 22 15 23 21 19 19 24 14 11 22 26 30 0 0 0 0 
0 0 0 0 0 0 0 0 0 0 0 0 0 0 0 0 24 10 12 22 
18 17 10 17 0 0 0 0 0 0 0 0 0 0 0 0 0 0 0 0 
0 0 0 0 14 21 11 23 23 27 13 19 25 17 16 26 0 0 0 0 
0 0 0 0 19 17 20 11 0 0 0 0 13 24 10 20 0 0 0 0 
0 0 0 0 11 30 22 16 15 29 20 21 25 16 16 20 0 0 0 0 
0 0 0 0 0 0 0 0 0 0 0 0 0 0 0 0 24 21 16 15 
17 25 22 21 0 0 0 0 0 0 0 0 0 0 0 0 0 0 0 0 
0 0 0 0 26 19 16 13 0 0 0 0 0 0 0 0 0 0 0 0 
0 0 0 0 20 21 17 24 30 29 29 11 27 28 15 10 0 0 0 0 
0 0 0 0 16 30 11 14 14 21 21 13 17 21 18 14 0 0 0 0 
0 0 0 0 0 0 0 0 0 0 0 0 0 0 0 0 17 19 13 28 
22 12 28 24 0 0 0 0 0 0 0 0 0 0 0 0 0 0 0 0 
0 0 0 0 0 0 0 0 10 23 11 21 30 25 30 15 0 0 0 0 
0 0 0 0 20 25 27 19 0 0 0 0 16 12 19 22 0 0 0 0 
0 0 0 0 0 0 0 0 22 21 21 22 0 0 0 0 0 0 0 0 
0 0 0 0 0 0 0 0 0 0 0 0 0 0 0 0 15 28 11 26 
28 17 11 10 0 0 0 0 0 0 0 0 0 0 0 0 0 0 0 0 
0 0 0 0 0 0 0 0 24 20 12 21 13 19 14 16 0 0 0 0 
0 0 0 0 0 0 0 0 18 24 29 14 14 26 30 28 0 0 0 0 
0 0 0 0 29 30 23 18 28 22 14 14 22 14 23 21 0 0 0 0 
0 0 0 0 0 0 0 0 0 0 0 0 0 0 0 0 11 26 13 23 
16 18 22 23 0 0 0 0 0 0 0 0 0 0 0 0 0 0 0 0 
0 0 0 0 0 0 0 0 0 0 0 0 12 12 23 30 0 0 0 0 
0 0 0 0 0 0 0 0 13 30 22 25 0 0 0 0 0 0 0 0 
0 0 0 0 27 30 30 17 28 20 18 13 19 12 25 26 0 0 0 0 
0 0 0 0 0 0 0 0 0 0 0 0 0 0 0 0 21 13 26 14 
21 30 23 11 0 0 0 0 0 0 0 0 0 0 0 0 0 0 0 0 
0 0 0 0 28 16 24 15 28 24 10 24 22 12 21 11 0 0 0 0 
0 0 0 0 0 0 0 0 12 12 11 28 24 28 23 13 0 0 0 0 
0 0 0 0 20 24 10 21 0 0 0 0 0 0 0 0 0 0 0 0 
0 0 0 0 0 0 0 0 0 0 0 0 0 0 0 0 10 28 26 22 
15 19 22 16 0 0 0 0 0 0 0 0 0 0 0 0 0 0 0 0 
0 0 0 0 23 26 12 28 15 12 29 19 12 14 28 11 0 0 0 0 
0 0 0 0 27 22 15 14 20 19 26 10 0 0 0 0 0 0 0 0 
0 0 0 0 10 20 26 16 24 24 12 14 22 16 22 17 0 0 0 0 
0 0 0 0 0 0 0 0 0 0 0 0 0 0 0 0 11 25 14 22 
13 13 21 22 0 0 0 0 0 0 0 0 0 0 0 0 0 0 0 0 
0 0 0 0 0 0 0 0 0 0 0 0 29 24 18 16 0 0 0 0 
0 0 0 0 23 17 24 11 0 0 0 0 0 0 0 0 0 0 0 0 
0 0 0 0 29 12 20 16 20 27 27 24 18 29 19 21 0 0 0 0 
0 0 0 0 0 0 0 0 0 0 0 0 0 0 0 0 20 30 30 24 
22 17 22 20 0 0 0 0 0 0 0 0 0 0 0 0 0 0 0 0 
0 0 0 0 28 26 14 18 11 15 17 24 0 0 0 0 0 0 0 0 
0 0 0 0 27 15 24 28 0 0 0 0 23 14 10 20 0 0 0 0 
0 0 0 0 28 13 12 30 21 13 15 24 29 26 16 23 0 0 0 0 
0 0 0 0 0 0 0 0 0 0 0 0 0 0 0 0 30 25 10 29 
28 10 20 26 0 0 0 0 0 0 0 0 0 0 0 0 0 0 0 0 
0 0 0 0 21 13 28 13 0 0 0 0 0 0 0 0 0 0 0 0 
0 0 0 0 19 20 10 13 0 0 0 0 0 0 0 0 0 0 0 0 
0 0 0 0 19 20 22 17 0 0 0 0 0 0 0 0 0 0 0 0 
0 0 0 0 0 0 0 0 0 0 0 0 0 0 0 0 30 13 19 10 
16 30 20 14 0 0 0 0 0 0 0 0 0 0 0 0 0 0 0 0 
0 0 0 0 0 0 0 0 19 18 12 23 0 0 0 0 0 0 0 0 
0 0 0 0 12 28 25 26 0 0 0 0 0 0 0 0 0 0 0 0 
0 0 0 0 19 20 11 26 29 17 27 22 21 17 30 16 0 0 0 0 
0 0 0 0 0 0 0 0 0 0 0 0 0 0 0 0 16 13 18 24 
14 30 27 29 0 0 0 0 0 0 0 0 0 0 0 0 0 0 0 0 
0 0 0 0 0 0 0 0 13 10 13 22 0 0 0 0 0 0 0 0 
0 0 0 0 20 17 13 12 0 0 0 0 10 12 26 25 0 0 0 0 
0 0 0 0 0 0 0 0 0 0 0 0 19 26 12 18 0 0 0 0 
0 0 0 0 0 0 0 0 0 0 0 0 0 0 0 0 20 30 10 18 
14 14 16 25 0 0 0 0 0 0 0 0 0 0 0 0 0 0 0 0 
0 0 0 0 30 27 19 26 0 0 0 0 0 0 0 0 0 0 0 0 
0 0 0 0 19 26 29 30 25 27 15 10 0 0 0 0 0 0 0 0 
0 0 0 0 22 19 19 24 27 18 24 23 0 0 0 0 0 0 0 0 
0 0 0 0 0 0 0 0 0 0 0 0 0 0 0 0 29 16 15 26 
22 28 11 22 0 0 0 0 0 0 0 0 0 0 0 0 0 0 0 0 
0 0 0 0 0 0 0 0 19 25 15 30 26 10 14 23 0 0 0 0 
0 0 0 0 0 0 0 0 11 21 28 24 0 0 0 0 0 0 0 0 
0 0 0 0 23 28 12 20 0 0 0 0 14 13 21 26 0 0 0 0 
0 0 0 0 0 0 0 0 0 0 0 0 0 0 0 0 16 13 10 14 
14 18 12 21 0 0 0 0 0 0 0 0 0 0 0 0 0 0 0 0 
0 0 0 0 0 0 0 0 21 18 21 19 0 0 0 0 0 0 0 0 
0 0 0 0 29 27 16 19 10 21 27 22 0 0 0 0 0 0 0 0 
0 0 0 0 13 17 18 28 21 22 11 16 17 15 30 16 0 0 0 0 
0 0 0 0 0 0 0 0 0 0 0 0 0 0 0 0 14 21 19 25 
20 30 14 28 0 0 0 0 0 0 0 0 0 0 0 0 0 0 0 0 
0 0 0 0 27 20 10 28 13 21 17 27 14 20 10 15 0 0 0 0 
0 0 0 0 17 27 18 15 24 21 11 27 22 21 18 19 0 0 0 0 
0 0 0 0 16 15 18 23 26 22 27 29 13 27 24 16 0 0 0 0 
0 0 0 0 0 0 0 0 0 0 0 0 0 0 0 0 20 10 30 19 
29 23 20 30 0 0 0 0 0 0 0 0 0 0 0 0 0 0 0 0 
0 0 0 0 11 24 17 17 27 18 29 16 12 15 30 11 0 0 0 0 
0 0 0 0 0 0 0 0 27 22 13 11 10 12 10 11 0 0 0 0 
0 0 0 0 25 12 20 14 29 13 28 27 19 17 29 27 0 0 0 0 
0 0 0 0 0 0 0 0 0 0 0 0 0 0 0 0 14 18 17 17 
20 21 17 21 0 0 0 0 0 0 0 0 0 0 0 0 0 0 0 0 
0 0 0 0 22 17 21 11 0 0 0 0 17 16 26 28 0 0 0 0 
0 0 0 0 24 14 25 20 12 11 27 15 15 16 21 15 0 0 0 0 
0 0 0 0 22 30 26 26 11 16 16 22 0 0 0 0 0 0 0 0 
0 0 0 0 0 0 0 0 0 0 0 0 0 0 0 0 29 14 15 23 
30 20 26 29 0 0 0 0 0 0 0 0 0 0 0 0 0 0 0 0 
0 0 0 0 0 0 0 0 24 21 21 28 0 0 0 0 0 0 0 0 
0 0 0 0 0 0 0 0 26 12 17 29 12 14 23 11 0 0 0 0 
0 0 0 0 16 19 26 11 22 17 17 13 0 0 0 0 0 0 0 0 
0 0 0 0 0 0 0 0 0 0 0 0 0 0 0 0 15 18 14 15 
29 20 28 18 0 0 0 0 0 0 0 0 0 0 0 0 0 0 0 0 
0 0 0 0 0 0 0 0 0 0 0 0 14 18 17 13 0 0 0 0 
0 0 0 0 20 26 25 20 12 13 16 10 0 0 0 0 0 0 0 0 
0 0 0 0 0 0 0 0 0 0 0 0 19 12 23 29 0 0 0 0 
0 0 0 0 0 0 0 0 0 0 0 0 0 0 0 0 10 20 17 26 
19 29 25 30 0 0 0 0 0 0 0 0 0 0 0 0 0 0 0 0 
0 0 0 0 22 20 14 23 0 0 0 0 0 0 0 0 0 0 0 0 
0 0 0 0 30 17 13 22 28 21 18 17 28 29 13 14 0 0 0 0 
0 0 0 0 30 10 11 23 17 19 27 26 30 19 26 25 0 0 0 0 
0 0 0 0 0 0 0 0 0 0 0 0 0 0 0 0 10 18 19 11 
21 19 17 20 0 0 0 0 0 0 0 0 0 0 0 0 0 0 0 0 
0 0 0 0 0 0 0 0 30 21 23 27 28 16 30 14 0 0 0 0 
0 0 0 0 0 0 0 0 28 11 27 13 0 0 0 0 0 0 0 0 
0 0 0 0 17 27 23 29 10 16 17 14 20 10 27 11 0 0 0 0 
0 0 0 0 0 0 0 0 0 0 0 0 0 0 0 0 28 18 20 13 
11 29 25 20 0 0 0 0 0 0 0 0 0 0 0 0 0 0 0 0 
0 0 0 0 12 13 26 15 15 15 14 14 24 10 11 18 0 0 0 0 
0 0 0 0 0 0 0 0 26 26 17 18 22 25 16 12 0 0 0 0 
0 0 0 0 24 24 12 26 18 17 29 15 0 0 0 0 0 0 0 0 
0 0 0 0 0 0 0 0 0 0 0 0 0 0 0 0 22 22 13 19 
18 10 14 18 0 0 0 0 0 0 0 0 0 0 0 0 0 0 0 0 
0 0 0 0 13 30 27 22 0 0 0 0 20 23 15 14 0 0 0 0 
0 0 0 0 0 0 0 0 0 0 0 0 13 17 10 24 0 0 0 0 
0 0 0 0 14 15 12 26 28 13 22 21 0 0 0 0 0 0 0 0 
0 0 0 0 0 0 0 0 0 0 0 0 0 0 0 0 23 13 26 18 
10 30 19 28 0 0 0 0 0 0 0 0 0 0 0 0 0 0 0 0 
0 0 0 0 0 0 0 0 11 30 29 24 0 0 0 0 0 0 0 0 
0 0 0 0 30 14 14 11 0 0 0 0 12 26 15 12 0 0 0 0 
0 0 0 0 0 0 0 0 27 19 25 10 22 17 11 19 0 0 0 0 
0 0 0 0 0 0 0 0 0 0 0 0 0 0 0 0 16 12 22 29 
27 27 18 10 0 0 0 0 0 0 0 0 0 0 0 0 0 0 0 0 
0 0 0 0 22 26 26 14 29 13 13 28 27 11 22 30 0 0 0 0 
0 0 0 0 0 0 0 0 10 16 12 11 0 0 0 0 0 0 0 0 
0 0 0 0 16 25 29 10 18 15 21 30 15 27 17 27 0 0 0 0 
0 0 0 0 0 0 0 0 0 0 0 0 0 0 0 0 26 14 12 18 
16 24 18 21 0 0 0 0 0 0 0 0 0 0 0 0 0 0 0 0 
0 0 0 0 26 14 27 28 12 26 26 24 16 12 14 13 0 0 0 0 
0 0 0 0 11 29 11 30 0 0 0 0 0 0 0 0 0 0 0 0 
0 0 0 0 16 14 14 21 22 22 19 12 13 11 26 14 0 0 0 0 
0 0 0 0 0 0 0 0 0 0 0 0 0 0 0 0 25 15 17 12 
17 16 28 24 0 0 0 0 0 0 0 0 0 0 0 0 0 0 0 0 
0 0 0 0 18 29 16 15 21 28 11 26 13 25 21 18 0 0 0 0 
0 0 0 0 13 19 20 10 18 12 17 13 27 25 22 24 0 0 0 0 
0 0 0 0 19 10 16 21 21 27 11 27 13 29 28 17 0 0 0 0 
0 0 0 0 0 0 0 0 0 0 0 0 0 0 0 0 12 11 13 19 
16 25 19 30 0 0 0 0 0 0 0 0 0 0 0 0 0 0 0 0 
0 0 0 0 18 29 29 29 30 11 12 22 14 13 28 22 0 0 0 0 
0 0 0 0 17 14 18 19 0 0 0 0 16 30 24 13 0 0 0 0 
0 0 0 0 10 30 24 23 20 13 11 20 24 15 26 11 0 0 0 0 
0 0 0 0 0 0 0 0 0 0 0 0 0 0 0 0 24 27 26 11 
29 26 19 15 0 0 0 0 0 0 0 0 0 0 0 0 0 0 0 0 
0 0 0 0 0 0 0 0 12 29 29 11 11 29 15 30 0 0 0 0 
0 0 0 0 25 18 20 29 22 14 14 24 24 22 10 12 0 0 0 0 
0 0 0 0 20 12 17 30 29 20 13 22 10 22 29 22 0 0 0 0 
0 0 0 0 0 0 0 0 0 0 0 0 0 0 0 0 21 12 24 19 
21 18 14 16 0 0 0 0 0 0 0 0 0 0 0 0 0 0 0 0 
0 0 0 0 25 27 14 12 0 0 0 0 0 0 0 0 0 0 0 0 
0 0 0 0 29 22 21 26 26 29 29 17 0 0 0 0 0 0 0 0 
0 0 0 0 0 0 0 0 0 0 0 0 19 21 21 29 0 0 0 0 
0 0 0 0 0 0 0 0 0 0 0 0 0 0 0 0 14 28 21 30 
19 29 27 13 0 0 0 0 0 0 0 0 0 0 0 0 0 0 0 0 
0 0 0 0 28 28 29 26 30 27 26 22 0 0 0 0 0 0 0 0 
0 0 0 0 18 13 30 26 13 17 21 15 14 25 11 26 0 0 0 0 
0 0 0 0 28 29 17 15 30 24 28 29 0 0 0 0 0 0 0 0 
0 0 0 0 0 0 0 0 0 0 0 0 0 0 0 0 24 18 18 15 
10 30 27 22 0 0 0 0 0 0 0 0 0 0 0 0 0 0 0 0 
0 0 0 0 15 29 17 29 0 0 0 0 0 0 0 0 0 0 0 0 
0 0 0 0 14 30 29 23 13 30 10 22 10 11 10 30 0 0 0 0 
0 0 0 0 30 11 24 24 0 0 0 0 0 0 0 0 0 0 0 0 
0 0 0 0 0 0 0 0 0 0 0 0 0 0 0 0 14 13 15 25 
12 12 29 20 0 0 0 0 0 0 0 0 0 0 0 0 0 0 0 0 
0 0 0 0 0 0 0 0 0 0 0 0 24 14 12 14 0 0 0 0 
0 0 0 0 13 27 14 22 30 20 20 16 18 23 27 15 0 0 0 0 
0 0 0 0 13 12 27 21 24 28 26 14 17 30 21 11 0 0 0 0 
0 0 0 0 0 0 0 0 0 0 0 0 0 0 0 0 15 10 10 19 
11 15 16 27 0 0 0 0 0 0 0 0 0 0 0 0 0 0 0 0 
0 0 0 0 23 29 25 28 20 15 18 14 0 0 0 0 0 0 0 0 
0 0 0 0 0 0 0 0 14 11 26 19 0 0 0 0 0 0 0 0 
0 0 0 0 0 0 0 0 0 0 0 0 29 27 28 29 0 0 0 0 
0 0 0 0 0 0 0 0 0 0 0 0 0 0 0 0 30 20 19 14
---------------------
 
Processing cost   (0 -- non-optional machine)
Rows: sequential for each operation of each part; Columns: correspond to machine number
13 18 12 19 0 0 0 0 0 0 0 0 0 0 0 0 0 0 0 0 
0 0 0 0 20 12 20 12 18 12 17 15 18 14 20 14 0 0 0 0 
0 0 0 0 17 10 15 16 13 15 19 14 15 18 10 15 0 0 0 0 
0 0 0 0 16 16 15 19 14 14 11 20 20 14 12 15 0 0 0 0 
0 0 0 0 0 0 0 0 0 0 0 0 0 0 0 0 19 14 17 14 
17 13 11 15 0 0 0 0 0 0 0 0 0 0 0 0 0 0 0 0 
0 0 0 0 14 17 19 15 11 10 19 16 17 17 10 14 0 0 0 0 
0 0 0 0 13 12 10 19 0 0 0 0 0 0 0 0 0 0 0 0 
0 0 0 0 13 12 10 14 14 20 11 19 13 15 13 10 0 0 0 0 
0 0 0 0 0 0 0 0 0 0 0 0 0 0 0 0 18 11 11 20 
15 11 19 14 0 0 0 0 0 0 0 0 0 0 0 0 0 0 0 0 
0 0 0 0 13 14 13 18 0 0 0 0 0 0 0 0 0 0 0 0 
0 0 0 0 18 15 18 15 10 19 12 12 10 17 14 19 0 0 0 0 
0 0 0 0 0 0 0 0 11 10 16 13 0 0 0 0 0 0 0 0 
0 0 0 0 0 0 0 0 0 0 0 0 0 0 0 0 18 19 10 15 
18 11 11 18 0 0 0 0 0 0 0 0 0 0 0 0 0 0 0 0 
0 0 0 0 18 16 18 15 0 0 0 0 0 0 0 0 0 0 0 0 
0 0 0 0 17 15 10 18 17 18 19 19 0 0 0 0 0 0 0 0 
0 0 0 0 10 10 10 18 0 0 0 0 19 11 19 10 0 0 0 0 
0 0 0 0 0 0 0 0 0 0 0 0 0 0 0 0 14 14 14 11 
15 14 17 14 0 0 0 0 0 0 0 0 0 0 0 0 0 0 0 0 
0 0 0 0 17 15 10 15 20 17 19 18 18 19 17 10 0 0 0 0 
0 0 0 0 12 18 13 17 18 14 10 19 20 14 19 14 0 0 0 0 
0 0 0 0 15 12 13 12 0 0 0 0 0 0 0 0 0 0 0 0 
0 0 0 0 0 0 0 0 0 0 0 0 0 0 0 0 14 10 12 11 
10 13 10 17 0 0 0 0 0 0 0 0 0 0 0 0 0 0 0 0 
0 0 0 0 0 0 0 0 11 16 19 12 14 17 18 12 0 0 0 0 
0 0 0 0 0 0 0 0 16 16 19 18 14 19 14 18 0 0 0 0 
0 0 0 0 0 0 0 0 0 0 0 0 11 13 17 18 0 0 0 0 
0 0 0 0 0 0 0 0 0 0 0 0 0 0 0 0 17 13 15 17 
14 16 13 14 0 0 0 0 0 0 0 0 0 0 0 0 0 0 0 0 
0 0 0 0 14 19 19 11 10 17 11 14 17 15 15 18 0 0 0 0 
0 0 0 0 0 0 0 0 19 20 15 19 11 12 17 20 0 0 0 0 
0 0 0 0 0 0 0 0 0 0 0 0 10 10 10 17 0 0 0 0 
0 0 0 0 0 0 0 0 0 0 0 0 0 0 0 0 16 10 11 19 
13 20 17 18 0 0 0 0 0 0 0 0 0 0 0 0 0 0 0 0 
0 0 0 0 15 20 12 20 0 0 0 0 0 0 0 0 0 0 0 0 
0 0 0 0 18 15 16 18 17 12 15 13 10 13 20 12 0 0 0 0 
0 0 0 0 16 20 12 11 0 0 0 0 0 0 0 0 0 0 0 0 
0 0 0 0 0 0 0 0 0 0 0 0 0 0 0 0 17 10 17 19 
11 11 17 14 0 0 0 0 0 0 0 0 0 0 0 0 0 0 0 0 
0 0 0 0 20 14 19 14 10 13 15 14 12 19 18 14 0 0 0 0 
0 0 0 0 0 0 0 0 12 11 15 20 18 20 10 15 0 0 0 0 
0 0 0 0 15 20 17 19 13 20 16 11 11 20 12 19 0 0 0 0 
0 0 0 0 0 0 0 0 0 0 0 0 0 0 0 0 12 18 16 13 
10 16 20 17 0 0 0 0 0 0 0 0 0 0 0 0 0 0 0 0 
0 0 0 0 0 0 0 0 0 0 0 0 18 17 16 16 0 0 0 0 
0 0 0 0 10 16 10 15 16 20 11 16 12 10 18 17 0 0 0 0 
0 0 0 0 0 0 0 0 0 0 0 0 17 12 15 14 0 0 0 0 
0 0 0 0 0 0 0 0 0 0 0 0 0 0 0 0 19 17 13 16 
13 17 13 10 0 0 0 0 0 0 0 0 0 0 0 0 0 0 0 0 
0 0 0 0 15 17 14 16 0 0 0 0 0 0 0 0 0 0 0 0 
0 0 0 0 0 0 0 0 14 12 13 20 11 20 12 14 0 0 0 0 
0 0 0 0 14 10 12 15 10 19 15 17 0 0 0 0 0 0 0 0 
0 0 0 0 0 0 0 0 0 0 0 0 0 0 0 0 12 19 19 11 
11 12 20 18 0 0 0 0 0 0 0 0 0 0 0 0 0 0 0 0 
0 0 0 0 12 14 16 16 12 13 18 20 10 12 10 15 0 0 0 0 
0 0 0 0 0 0 0 0 13 14 13 10 0 0 0 0 0 0 0 0 
0 0 0 0 11 16 14 12 14 17 11 12 13 17 18 13 0 0 0 0 
0 0 0 0 0 0 0 0 0 0 0 0 0 0 0 0 11 19 15 18 
19 16 18 19 0 0 0 0 0 0 0 0 0 0 0 0 0 0 0 0 
0 0 0 0 18 17 15 15 13 15 14 16 0 0 0 0 0 0 0 0 
0 0 0 0 0 0 0 0 12 11 20 10 20 20 15 19 0 0 0 0 
0 0 0 0 16 14 10 13 10 18 20 20 19 10 13 12 0 0 0 0 
0 0 0 0 0 0 0 0 0 0 0 0 0 0 0 0 11 17 10 10 
10 12 17 19 0 0 0 0 0 0 0 0 0 0 0 0 0 0 0 0 
0 0 0 0 12 20 10 10 17 14 18 13 14 16 12 17 0 0 0 0 
0 0 0 0 19 20 20 11 0 0 0 0 0 0 0 0 0 0 0 0 
0 0 0 0 20 18 16 15 0 0 0 0 17 10 17 20 0 0 0 0 
0 0 0 0 0 0 0 0 0 0 0 0 0 0 0 0 13 10 18 13 
15 20 10 15 0 0 0 0 0 0 0 0 0 0 0 0 0 0 0 0 
0 0 0 0 19 19 10 15 0 0 0 0 11 16 19 18 0 0 0 0 
0 0 0 0 11 10 13 19 0 0 0 0 17 20 13 10 0 0 0 0 
0 0 0 0 17 13 14 13 15 15 18 13 17 16 15 13 0 0 0 0 
0 0 0 0 0 0 0 0 0 0 0 0 0 0 0 0 18 19 12 15 
10 14 13 14 0 0 0 0 0 0 0 0 0 0 0 0 0 0 0 0 
0 0 0 0 14 13 12 19 18 20 12 14 20 10 15 14 0 0 0 0 
0 0 0 0 20 17 20 16 0 0 0 0 18 13 17 12 0 0 0 0 
0 0 0 0 20 17 14 18 11 11 12 15 12 18 16 10 0 0 0 0 
0 0 0 0 0 0 0 0 0 0 0 0 0 0 0 0 17 12 11 15 
14 13 16 12 0 0 0 0 0 0 0 0 0 0 0 0 0 0 0 0 
0 0 0 0 17 12 20 17 0 0 0 0 0 0 0 0 0 0 0 0 
0 0 0 0 10 13 10 12 13 13 11 20 18 17 15 18 0 0 0 0 
0 0 0 0 15 12 15 11 11 15 10 14 10 16 17 19 0 0 0 0 
0 0 0 0 0 0 0 0 0 0 0 0 0 0 0 0 14 10 15 15 
16 19 17 20 0 0 0 0 0 0 0 0 0 0 0 0 0 0 0 0 
0 0 0 0 0 0 0 0 15 20 20 13 18 16 18 15 0 0 0 0 
0 0 0 0 18 10 16 11 0 0 0 0 12 18 11 13 0 0 0 0 
0 0 0 0 0 0 0 0 10 17 15 15 0 0 0 0 0 0 0 0 
0 0 0 0 0 0 0 0 0 0 0 0 0 0 0 0 16 17 13 19 
10 19 16 20 0 0 0 0 0 0 0 0 0 0 0 0 0 0 0 0 
0 0 0 0 0 0 0 0 13 16 10 13 10 12 16 18 0 0 0 0 
0 0 0 0 0 0 0 0 15 10 19 13 12 13 11 10 0 0 0 0 
0 0 0 0 15 18 12 10 10 10 16 12 18 13 16 10 0 0 0 0 
0 0 0 0 0 0 0 0 0 0 0 0 0 0 0 0 16 20 10 11 
17 13 12 13 0 0 0 0 0 0 0 0 0 0 0 0 0 0 0 0 
0 0 0 0 0 0 0 0 0 0 0 0 13 17 10 15 0 0 0 0 
0 0 0 0 0 0 0 0 10 14 17 17 0 0 0 0 0 0 0 0 
0 0 0 0 12 16 20 13 19 11 20 18 20 20 13 13 0 0 0 0 
0 0 0 0 0 0 0 0 0 0 0 0 0 0 0 0 18 15 19 13 
11 10 16 17 0 0 0 0 0 0 0 0 0 0 0 0 0 0 0 0 
0 0 0 0 20 18 13 14 13 11 13 12 15 10 11 16 0 0 0 0 
0 0 0 0 0 0 0 0 10 16 19 17 20 13 14 18 0 0 0 0 
0 0 0 0 14 12 12 15 0 0 0 0 0 0 0 0 0 0 0 0 
0 0 0 0 0 0 0 0 0 0 0 0 0 0 0 0 12 20 16 15 
12 18 17 15 0 0 0 0 0 0 0 0 0 0 0 0 0 0 0 0 
0 0 0 0 18 12 20 13 19 19 15 13 15 19 13 12 0 0 0 0 
0 0 0 0 17 19 15 10 10 12 12 12 0 0 0 0 0 0 0 0 
0 0 0 0 11 12 14 18 16 15 11 13 10 18 13 15 0 0 0 0 
0 0 0 0 0 0 0 0 0 0 0 0 0 0 0 0 17 11 11 17 
11 15 15 14 0 0 0 0 0 0 0 0 0 0 0 0 0 0 0 0 
0 0 0 0 0 0 0 0 0 0 0 0 11 15 11 20 0 0 0 0 
0 0 0 0 19 12 10 17 0 0 0 0 0 0 0 0 0 0 0 0 
0 0 0 0 17 15 12 10 16 16 16 16 17 15 10 15 0 0 0 0 
0 0 0 0 0 0 0 0 0 0 0 0 0 0 0 0 13 20 10 12 
18 11 13 16 0 0 0 0 0 0 0 0 0 0 0 0 0 0 0 0 
0 0 0 0 11 17 15 18 11 17 10 18 0 0 0 0 0 0 0 0 
0 0 0 0 13 17 11 20 0 0 0 0 14 19 12 12 0 0 0 0 
0 0 0 0 14 16 12 10 17 18 17 16 15 18 10 10 0 0 0 0 
0 0 0 0 0 0 0 0 0 0 0 0 0 0 0 0 10 11 16 17 
11 19 20 18 0 0 0 0 0 0 0 0 0 0 0 0 0 0 0 0 
0 0 0 0 11 17 19 18 0 0 0 0 0 0 0 0 0 0 0 0 
0 0 0 0 20 20 12 17 0 0 0 0 0 0 0 0 0 0 0 0 
0 0 0 0 20 11 14 18 0 0 0 0 0 0 0 0 0 0 0 0 
0 0 0 0 0 0 0 0 0 0 0 0 0 0 0 0 16 19 19 13 
16 10 18 19 0 0 0 0 0 0 0 0 0 0 0 0 0 0 0 0 
0 0 0 0 0 0 0 0 19 20 13 11 0 0 0 0 0 0 0 0 
0 0 0 0 12 18 15 17 0 0 0 0 0 0 0 0 0 0 0 0 
0 0 0 0 13 10 20 11 17 15 20 14 19 11 13 12 0 0 0 0 
0 0 0 0 0 0 0 0 0 0 0 0 0 0 0 0 13 12 15 17 
20 11 20 20 0 0 0 0 0 0 0 0 0 0 0 0 0 0 0 0 
0 0 0 0 0 0 0 0 20 15 15 19 0 0 0 0 0 0 0 0 
0 0 0 0 17 11 18 19 0 0 0 0 17 12 19 13 0 0 0 0 
0 0 0 0 0 0 0 0 0 0 0 0 19 20 14 20 0 0 0 0 
0 0 0 0 0 0 0 0 0 0 0 0 0 0 0 0 19 14 20 10 
17 14 11 13 0 0 0 0 0 0 0 0 0 0 0 0 0 0 0 0 
0 0 0 0 17 13 11 11 0 0 0 0 0 0 0 0 0 0 0 0 
0 0 0 0 17 11 17 14 13 11 15 13 0 0 0 0 0 0 0 0 
0 0 0 0 11 15 10 19 15 12 17 10 0 0 0 0 0 0 0 0 
0 0 0 0 0 0 0 0 0 0 0 0 0 0 0 0 15 13 12 15 
12 10 12 19 0 0 0 0 0 0 0 0 0 0 0 0 0 0 0 0 
0 0 0 0 0 0 0 0 12 17 18 13 18 14 18 17 0 0 0 0 
0 0 0 0 0 0 0 0 15 12 20 14 0 0 0 0 0 0 0 0 
0 0 0 0 14 13 13 15 0 0 0 0 11 12 14 13 0 0 0 0 
0 0 0 0 0 0 0 0 0 0 0 0 0 0 0 0 16 10 15 10 
15 16 13 16 0 0 0 0 0 0 0 0 0 0 0 0 0 0 0 0 
0 0 0 0 0 0 0 0 14 17 16 19 0 0 0 0 0 0 0 0 
0 0 0 0 20 14 20 15 16 18 10 10 0 0 0 0 0 0 0 0 
0 0 0 0 14 13 11 10 12 16 11 18 12 17 13 12 0 0 0 0 
0 0 0 0 0 0 0 0 0 0 0 0 0 0 0 0 12 15 15 13 
12 14 18 15 0 0 0 0 0 0 0 0 0 0 0 0 0 0 0 0 
0 0 0 0 16 14 17 14 18 12 18 14 15 12 18 17 0 0 0 0 
0 0 0 0 19 14 16 15 13 12 18 11 11 16 18 20 0 0 0 0 
0 0 0 0 19 16 16 12 15 13 19 13 13 16 12 18 0 0 0 0 
0 0 0 0 0 0 0 0 0 0 0 0 0 0 0 0 10 11 11 17 
11 10 11 15 0 0 0 0 0 0 0 0 0 0 0 0 0 0 0 0 
0 0 0 0 12 17 20 13 19 19 11 15 10 15 15 10 0 0 0 0 
0 0 0 0 0 0 0 0 11 20 16 10 18 16 13 11 0 0 0 0 
0 0 0 0 17 12 17 20 12 18 15 13 19 16 11 18 0 0 0 0 
0 0 0 0 0 0 0 0 0 0 0 0 0 0 0 0 12 14 13 10 
10 10 11 14 0 0 0 0 0 0 0 0 0 0 0 0 0 0 0 0 
0 0 0 0 10 18 14 12 0 0 0 0 17 18 12 11 0 0 0 0 
0 0 0 0 20 11 12 15 10 13 15 14 16 14 14 10 0 0 0 0 
0 0 0 0 19 10 16 11 13 20 18 13 0 0 0 0 0 0 0 0 
0 0 0 0 0 0 0 0 0 0 0 0 0 0 0 0 10 12 11 18 
11 14 20 19 0 0 0 0 0 0 0 0 0 0 0 0 0 0 0 0 
0 0 0 0 0 0 0 0 15 17 11 17 0 0 0 0 0 0 0 0 
0 0 0 0 0 0 0 0 13 14 10 12 18 17 17 13 0 0 0 0 
0 0 0 0 15 12 16 12 16 12 10 10 0 0 0 0 0 0 0 0 
0 0 0 0 0 0 0 0 0 0 0 0 0 0 0 0 19 14 15 19 
20 18 15 19 0 0 0 0 0 0 0 0 0 0 0 0 0 0 0 0 
0 0 0 0 0 0 0 0 0 0 0 0 16 16 15 14 0 0 0 0 
0 0 0 0 20 18 17 13 13 16 11 18 0 0 0 0 0 0 0 0 
0 0 0 0 0 0 0 0 0 0 0 0 10 10 13 19 0 0 0 0 
0 0 0 0 0 0 0 0 0 0 0 0 0 0 0 0 14 18 12 17 
20 18 16 16 0 0 0 0 0 0 0 0 0 0 0 0 0 0 0 0 
0 0 0 0 14 18 13 10 0 0 0 0 0 0 0 0 0 0 0 0 
0 0 0 0 14 18 19 13 17 20 16 10 13 14 13 20 0 0 0 0 
0 0 0 0 19 13 14 12 16 15 11 10 14 10 17 16 0 0 0 0 
0 0 0 0 0 0 0 0 0 0 0 0 0 0 0 0 15 16 17 10 
12 11 17 14 0 0 0 0 0 0 0 0 0 0 0 0 0 0 0 0 
0 0 0 0 0 0 0 0 11 17 16 18 19 17 14 14 0 0 0 0 
0 0 0 0 0 0 0 0 12 14 13 14 0 0 0 0 0 0 0 0 
0 0 0 0 18 14 11 10 17 15 18 15 16 18 11 16 0 0 0 0 
0 0 0 0 0 0 0 0 0 0 0 0 0 0 0 0 17 16 15 15 
11 14 13 18 0 0 0 0 0 0 0 0 0 0 0 0 0 0 0 0 
0 0 0 0 11 12 12 18 11 19 13 16 18 14 17 17 0 0 0 0 
0 0 0 0 0 0 0 0 16 14 20 17 10 10 12 20 0 0 0 0 
0 0 0 0 17 13 12 18 13 18 17 15 0 0 0 0 0 0 0 0 
0 0 0 0 0 0 0 0 0 0 0 0 0 0 0 0 12 15 20 20 
17 20 20 19 0 0 0 0 0 0 0 0 0 0 0 0 0 0 0 0 
0 0 0 0 10 18 20 12 0 0 0 0 11 11 14 17 0 0 0 0 
0 0 0 0 0 0 0 0 0 0 0 0 19 19 13 17 0 0 0 0 
0 0 0 0 19 16 13 17 17 12 13 18 0 0 0 0 0 0 0 0 
0 0 0 0 0 0 0 0 0 0 0 0 0 0 0 0 14 13 12 13 
17 14 16 18 0 0 0 0 0 0 0 0 0 0 0 0 0 0 0 0 
0 0 0 0 0 0 0 0 20 12 18 17 0 0 0 0 0 0 0 0 
0 0 0 0 19 20 17 20 0 0 0 0 14 18 20 11 0 0 0 0 
0 0 0 0 0 0 0 0 11 18 17 12 12 16 10 15 0 0 0 0 
0 0 0 0 0 0 0 0 0 0 0 0 0 0 0 0 12 11 20 16 
11 17 12 20 0 0 0 0 0 0 0 0 0 0 0 0 0 0 0 0 
0 0 0 0 16 15 19 11 15 16 13 13 18 12 14 20 0 0 0 0 
0 0 0 0 0 0 0 0 15 11 15 19 0 0 0 0 0 0 0 0 
0 0 0 0 14 13 11 19 10 18 19 15 14 15 14 20 0 0 0 0 
0 0 0 0 0 0 0 0 0 0 0 0 0 0 0 0 12 15 14 11 
15 12 16 18 0 0 0 0 0 0 0 0 0 0 0 0 0 0 0 0 
0 0 0 0 11 10 12 10 11 16 17 12 20 11 16 10 0 0 0 0 
0 0 0 0 14 15 10 10 0 0 0 0 0 0 0 0 0 0 0 0 
0 0 0 0 10 13 12 13 13 18 20 14 19 12 10 17 0 0 0 0 
0 0 0 0 0 0 0 0 0 0 0 0 0 0 0 0 10 17 17 17 
16 12 18 10 0 0 0 0 0 0 0 0 0 0 0 0 0 0 0 0 
0 0 0 0 11 16 12 13 13 13 12 13 12 14 16 16 0 0 0 0 
0 0 0 0 12 12 19 18 13 10 10 17 15 18 18 12 0 0 0 0 
0 0 0 0 19 14 16 12 13 14 19 17 10 20 18 13 0 0 0 0 
0 0 0 0 0 0 0 0 0 0 0 0 0 0 0 0 12 20 16 10 
20 17 15 15 0 0 0 0 0 0 0 0 0 0 0 0 0 0 0 0 
0 0 0 0 18 17 16 19 17 13 11 14 14 16 16 17 0 0 0 0 
0 0 0 0 14 20 16 16 0 0 0 0 20 20 16 18 0 0 0 0 
0 0 0 0 12 15 10 11 19 19 20 13 14 13 20 11 0 0 0 0 
0 0 0 0 0 0 0 0 0 0 0 0 0 0 0 0 20 11 12 17 
13 13 14 16 0 0 0 0 0 0 0 0 0 0 0 0 0 0 0 0 
0 0 0 0 0 0 0 0 11 11 10 11 12 16 10 15 0 0 0 0 
0 0 0 0 15 13 14 11 10 17 15 12 14 11 12 18 0 0 0 0 
0 0 0 0 19 15 13 18 18 10 20 10 18 20 14 13 0 0 0 0 
0 0 0 0 0 0 0 0 0 0 0 0 0 0 0 0 16 11 12 15 
13 15 10 10 0 0 0 0 0 0 0 0 0 0 0 0 0 0 0 0 
0 0 0 0 10 18 18 12 0 0 0 0 0 0 0 0 0 0 0 0 
0 0 0 0 20 19 16 17 19 18 16 14 0 0 0 0 0 0 0 0 
0 0 0 0 0 0 0 0 0 0 0 0 10 10 13 18 0 0 0 0 
0 0 0 0 0 0 0 0 0 0 0 0 0 0 0 0 13 13 16 12 
16 10 18 14 0 0 0 0 0 0 0 0 0 0 0 0 0 0 0 0 
0 0 0 0 12 16 16 13 15 16 19 11 0 0 0 0 0 0 0 0 
0 0 0 0 15 15 19 20 10 12 12 17 20 18 16 13 0 0 0 0 
0 0 0 0 14 16 13 14 10 17 20 20 0 0 0 0 0 0 0 0 
0 0 0 0 0 0 0 0 0 0 0 0 0 0 0 0 12 19 17 10 
10 19 20 20 0 0 0 0 0 0 0 0 0 0 0 0 0 0 0 0 
0 0 0 0 11 18 20 14 0 0 0 0 0 0 0 0 0 0 0 0 
0 0 0 0 15 13 11 18 18 16 16 12 10 14 16 17 0 0 0 0 
0 0 0 0 14 14 10 11 0 0 0 0 0 0 0 0 0 0 0 0 
0 0 0 0 0 0 0 0 0 0 0 0 0 0 0 0 18 11 20 16 
19 10 15 11 0 0 0 0 0 0 0 0 0 0 0 0 0 0 0 0 
0 0 0 0 0 0 0 0 0 0 0 0 19 20 18 13 0 0 0 0 
0 0 0 0 12 10 19 20 14 17 10 12 17 20 16 19 0 0 0 0 
0 0 0 0 20 12 10 17 10 16 10 19 15 17 11 12 0 0 0 0 
0 0 0 0 0 0 0 0 0 0 0 0 0 0 0 0 12 18 19 15 
16 14 15 11 0 0 0 0 0 0 0 0 0 0 0 0 0 0 0 0 
0 0 0 0 13 16 18 20 16 19 13 14 0 0 0 0 0 0 0 0 
0 0 0 0 0 0 0 0 15 15 15 20 0 0 0 0 0 0 0 0 
0 0 0 0 0 0 0 0 0 0 0 0 19 11 12 15 0 0 0 0 
0 0 0 0 0 0 0 0 0 0 0 0 0 0 0 0 11 12 15 18
---------------------
 
Distance between cells
Rows and Columns: correspond to cell number
0 95 222 246 161 322 
95 0 459 430 167 472 
222 459 0 153 259 446 
246 430 153 0 190 436 
161 167 259 190 0 318 
322 472 446 436 318 0
---------------------
 
Distribution of machines in cells   (1 -- if machine m is distributed in cell u;0 -- else) 
Rows: correspond to cell number; Columns: correspond to machine number
0 0 1 0 0 0 0 0 0 0 0 0 0 1 0 0 0 0 1 0 
0 0 0 0 0 0 0 0 0 0 0 0 1 0 0 0 0 0 0 1 
0 0 0 1 0 0 0 0 0 1 0 0 0 0 0 0 0 1 0 0 
1 0 0 0 0 1 0 0 0 0 1 1 0 0 0 0 0 0 0 0 
0 1 0 0 1 0 0 0 0 0 0 0 0 0 1 1 0 0 0 0 
0 0 0 0 0 0 1 1 1 0 0 0 0 0 0 0 1 0 0 0
---------------------
 
