Adaption from Behnke13

Number of operations for each part
5 5 5 5 5 5 5 5 5 5 5 5 5 5 5 5 5 5 5 5 5 5 5 5 5 5 5 5 5 5 5 5 5 5 5 5 5 5 5 5 5 5 5 5 5 5 5 5 5 5
---------------------
 
Processing time   (0 -- non-optional machine)
Rows: sequential for each operation of each part; Columns: correspond to machine number
24 21 23 24 0 0 0 0 0 0 0 0 0 0 0 0 0 0 0 0 
0 0 0 0 12 27 20 11 11 26 27 14 27 16 28 12 0 0 0 0 
0 0 0 0 13 20 21 10 0 0 0 0 0 0 0 0 0 0 0 0 
0 0 0 0 21 30 14 26 10 22 15 29 18 16 15 15 0 0 0 0 
0 0 0 0 0 0 0 0 0 0 0 0 0 0 0 0 11 13 17 12 
10 22 17 17 0 0 0 0 0 0 0 0 0 0 0 0 0 0 0 0 
0 0 0 0 26 10 22 13 25 18 29 29 17 16 15 29 0 0 0 0 
0 0 0 0 29 21 22 15 0 0 0 0 29 24 12 18 0 0 0 0 
0 0 0 0 18 24 10 20 24 20 12 18 28 12 16 15 0 0 0 0 
0 0 0 0 0 0 0 0 0 0 0 0 0 0 0 0 22 23 25 29 
13 20 14 18 0 0 0 0 0 0 0 0 0 0 0 0 0 0 0 0 
0 0 0 0 28 18 20 20 10 30 28 29 18 22 19 28 0 0 0 0 
0 0 0 0 21 30 28 30 27 13 21 20 16 19 12 30 0 0 0 0 
0 0 0 0 22 19 27 28 0 0 0 0 13 17 21 18 0 0 0 0 
0 0 0 0 0 0 0 0 0 0 0 0 0 0 0 0 30 11 10 28 
26 21 30 12 0 0 0 0 0 0 0 0 0 0 0 0 0 0 0 0 
0 0 0 0 10 11 10 10 26 28 23 15 30 10 16 15 0 0 0 0 
0 0 0 0 18 29 24 10 15 15 23 11 0 0 0 0 0 0 0 0 
0 0 0 0 21 11 29 17 0 0 0 0 0 0 0 0 0 0 0 0 
0 0 0 0 0 0 0 0 0 0 0 0 0 0 0 0 23 29 15 27 
27 15 16 28 0 0 0 0 0 0 0 0 0 0 0 0 0 0 0 0 
0 0 0 0 0 0 0 0 26 25 29 21 30 14 15 17 0 0 0 0 
0 0 0 0 0 0 0 0 24 30 27 17 30 16 26 28 0 0 0 0 
0 0 0 0 15 12 15 15 25 17 21 13 0 0 0 0 0 0 0 0 
0 0 0 0 0 0 0 0 0 0 0 0 0 0 0 0 25 30 27 27 
29 11 20 18 0 0 0 0 0 0 0 0 0 0 0 0 0 0 0 0 
0 0 0 0 19 24 11 13 10 10 29 25 24 26 26 15 0 0 0 0 
0 0 0 0 0 0 0 0 0 0 0 0 10 25 21 30 0 0 0 0 
0 0 0 0 26 23 28 26 0 0 0 0 16 15 13 15 0 0 0 0 
0 0 0 0 0 0 0 0 0 0 0 0 0 0 0 0 30 19 14 23 
10 20 18 28 0 0 0 0 0 0 0 0 0 0 0 0 0 0 0 0 
0 0 0 0 28 16 18 25 24 13 25 28 20 19 11 28 0 0 0 0 
0 0 0 0 14 25 19 12 21 13 11 13 10 15 16 26 0 0 0 0 
0 0 0 0 24 19 11 14 17 30 23 19 20 18 25 29 0 0 0 0 
0 0 0 0 0 0 0 0 0 0 0 0 0 0 0 0 27 29 10 16 
30 22 17 12 0 0 0 0 0 0 0 0 0 0 0 0 0 0 0 0 
0 0 0 0 13 30 20 15 0 0 0 0 23 10 17 14 0 0 0 0 
0 0 0 0 0 0 0 0 0 0 0 0 17 14 21 23 0 0 0 0 
0 0 0 0 0 0 0 0 26 28 27 15 0 0 0 0 0 0 0 0 
0 0 0 0 0 0 0 0 0 0 0 0 0 0 0 0 10 23 11 27 
30 17 17 25 0 0 0 0 0 0 0 0 0 0 0 0 0 0 0 0 
0 0 0 0 0 0 0 0 28 29 21 26 0 0 0 0 0 0 0 0 
0 0 0 0 18 19 21 30 0 0 0 0 14 26 18 30 0 0 0 0 
0 0 0 0 0 0 0 0 17 25 15 25 13 11 27 27 0 0 0 0 
0 0 0 0 0 0 0 0 0 0 0 0 0 0 0 0 28 19 12 10 
15 12 28 22 0 0 0 0 0 0 0 0 0 0 0 0 0 0 0 0 
0 0 0 0 27 27 28 12 0 0 0 0 0 0 0 0 0 0 0 0 
0 0 0 0 12 24 27 18 20 25 29 19 19 24 14 24 0 0 0 0 
0 0 0 0 0 0 0 0 16 29 25 30 27 21 26 12 0 0 0 0 
0 0 0 0 0 0 0 0 0 0 0 0 0 0 0 0 13 28 16 24 
26 13 30 20 0 0 0 0 0 0 0 0 0 0 0 0 0 0 0 0 
0 0 0 0 0 0 0 0 19 29 16 25 11 11 21 27 0 0 0 0 
0 0 0 0 14 24 23 12 17 24 21 26 0 0 0 0 0 0 0 0 
0 0 0 0 13 17 26 12 0 0 0 0 24 13 23 28 0 0 0 0 
0 0 0 0 0 0 0 0 0 0 0 0 0 0 0 0 25 23 14 20 
22 12 13 14 0 0 0 0 0 0 0 0 0 0 0 0 0 0 0 0 
0 0 0 0 12 20 14 14 0 0 0 0 15 11 14 21 0 0 0 0 
0 0 0 0 20 27 19 10 29 11 13 22 0 0 0 0 0 0 0 0 
0 0 0 0 0 0 0 0 23 12 28 25 22 26 24 16 0 0 0 0 
0 0 0 0 0 0 0 0 0 0 0 0 0 0 0 0 10 10 18 24 
24 12 29 28 0 0 0 0 0 0 0 0 0 0 0 0 0 0 0 0 
0 0 0 0 26 24 11 10 0 0 0 0 0 0 0 0 0 0 0 0 
0 0 0 0 16 16 25 14 10 28 21 27 0 0 0 0 0 0 0 0 
0 0 0 0 10 26 14 20 28 10 13 27 0 0 0 0 0 0 0 0 
0 0 0 0 0 0 0 0 0 0 0 0 0 0 0 0 28 29 28 19 
27 30 18 26 0 0 0 0 0 0 0 0 0 0 0 0 0 0 0 0 
0 0 0 0 23 26 10 24 0 0 0 0 14 27 26 27 0 0 0 0 
0 0 0 0 12 12 25 27 27 17 27 12 14 25 24 30 0 0 0 0 
0 0 0 0 0 0 0 0 28 25 11 10 17 10 19 18 0 0 0 0 
0 0 0 0 0 0 0 0 0 0 0 0 0 0 0 0 14 20 14 23 
12 21 30 11 0 0 0 0 0 0 0 0 0 0 0 0 0 0 0 0 
0 0 0 0 23 25 22 14 12 22 10 25 25 17 14 15 0 0 0 0 
0 0 0 0 20 17 15 20 0 0 0 0 0 0 0 0 0 0 0 0 
0 0 0 0 26 26 10 21 17 22 25 20 0 0 0 0 0 0 0 0 
0 0 0 0 0 0 0 0 0 0 0 0 0 0 0 0 23 27 30 13 
18 21 25 14 0 0 0 0 0 0 0 0 0 0 0 0 0 0 0 0 
0 0 0 0 29 20 20 28 0 0 0 0 15 20 10 24 0 0 0 0 
0 0 0 0 19 30 27 23 0 0 0 0 27 25 23 22 0 0 0 0 
0 0 0 0 16 20 25 24 30 13 18 14 19 12 20 29 0 0 0 0 
0 0 0 0 0 0 0 0 0 0 0 0 0 0 0 0 21 19 27 21 
10 19 21 13 0 0 0 0 0 0 0 0 0 0 0 0 0 0 0 0 
0 0 0 0 0 0 0 0 15 22 23 13 0 0 0 0 0 0 0 0 
0 0 0 0 19 19 11 15 0 0 0 0 0 0 0 0 0 0 0 0 
0 0 0 0 25 10 17 23 20 12 18 27 26 26 12 14 0 0 0 0 
0 0 0 0 0 0 0 0 0 0 0 0 0 0 0 0 25 24 23 24 
26 22 25 19 0 0 0 0 0 0 0 0 0 0 0 0 0 0 0 0 
0 0 0 0 0 0 0 0 10 30 16 17 0 0 0 0 0 0 0 0 
0 0 0 0 13 20 22 14 16 18 21 20 19 22 22 21 0 0 0 0 
0 0 0 0 0 0 0 0 23 17 10 30 30 16 29 27 0 0 0 0 
0 0 0 0 0 0 0 0 0 0 0 0 0 0 0 0 22 16 25 23 
30 11 17 30 0 0 0 0 0 0 0 0 0 0 0 0 0 0 0 0 
0 0 0 0 22 17 29 26 0 0 0 0 0 0 0 0 0 0 0 0 
0 0 0 0 12 15 15 29 12 14 26 22 23 20 19 12 0 0 0 0 
0 0 0 0 17 17 24 14 0 0 0 0 0 0 0 0 0 0 0 0 
0 0 0 0 0 0 0 0 0 0 0 0 0 0 0 0 30 13 10 18 
18 26 14 13 0 0 0 0 0 0 0 0 0 0 0 0 0 0 0 0 
0 0 0 0 29 15 18 12 0 0 0 0 30 21 23 11 0 0 0 0 
0 0 0 0 0 0 0 0 19 23 16 26 16 26 17 30 0 0 0 0 
0 0 0 0 13 22 26 28 12 11 11 20 0 0 0 0 0 0 0 0 
0 0 0 0 0 0 0 0 0 0 0 0 0 0 0 0 13 20 29 15 
22 21 17 17 0 0 0 0 0 0 0 0 0 0 0 0 0 0 0 0 
0 0 0 0 21 13 30 17 0 0 0 0 10 28 14 17 0 0 0 0 
0 0 0 0 10 11 20 26 30 29 10 12 26 11 12 22 0 0 0 0 
0 0 0 0 13 12 20 20 22 30 24 30 0 0 0 0 0 0 0 0 
0 0 0 0 0 0 0 0 0 0 0 0 0 0 0 0 14 10 20 18 
18 14 28 28 0 0 0 0 0 0 0 0 0 0 0 0 0 0 0 0 
0 0 0 0 30 26 19 17 0 0 0 0 0 0 0 0 0 0 0 0 
0 0 0 0 30 28 24 23 20 10 22 11 17 22 14 14 0 0 0 0 
0 0 0 0 12 30 16 21 30 16 13 12 22 19 30 14 0 0 0 0 
0 0 0 0 0 0 0 0 0 0 0 0 0 0 0 0 12 19 10 16 
12 28 22 24 0 0 0 0 0 0 0 0 0 0 0 0 0 0 0 0 
0 0 0 0 0 0 0 0 0 0 0 0 22 17 15 17 0 0 0 0 
0 0 0 0 21 19 25 20 0 0 0 0 11 29 12 22 0 0 0 0 
0 0 0 0 12 17 16 15 10 28 15 16 28 20 15 30 0 0 0 0 
0 0 0 0 0 0 0 0 0 0 0 0 0 0 0 0 24 24 30 29 
10 25 10 12 0 0 0 0 0 0 0 0 0 0 0 0 0 0 0 0 
0 0 0 0 21 24 13 26 28 30 30 24 0 0 0 0 0 0 0 0 
0 0 0 0 11 11 29 15 22 30 19 22 0 0 0 0 0 0 0 0 
0 0 0 0 15 19 15 21 0 0 0 0 0 0 0 0 0 0 0 0 
0 0 0 0 0 0 0 0 0 0 0 0 0 0 0 0 29 30 10 15 
27 25 22 18 0 0 0 0 0 0 0 0 0 0 0 0 0 0 0 0 
0 0 0 0 14 24 23 22 25 29 25 26 26 25 26 27 0 0 0 0 
0 0 0 0 0 0 0 0 22 17 23 22 14 18 12 23 0 0 0 0 
0 0 0 0 27 18 23 29 19 20 12 27 26 27 24 30 0 0 0 0 
0 0 0 0 0 0 0 0 0 0 0 0 0 0 0 0 29 17 29 12 
29 21 18 15 0 0 0 0 0 0 0 0 0 0 0 0 0 0 0 0 
0 0 0 0 0 0 0 0 0 0 0 0 25 25 11 23 0 0 0 0 
0 0 0 0 27 23 30 20 13 26 29 13 10 19 24 30 0 0 0 0 
0 0 0 0 0 0 0 0 26 15 13 19 0 0 0 0 0 0 0 0 
0 0 0 0 0 0 0 0 0 0 0 0 0 0 0 0 19 15 28 13 
12 15 26 16 0 0 0 0 0 0 0 0 0 0 0 0 0 0 0 0 
0 0 0 0 0 0 0 0 19 27 24 21 0 0 0 0 0 0 0 0 
0 0 0 0 0 0 0 0 13 14 24 28 15 15 25 17 0 0 0 0 
0 0 0 0 22 10 20 26 0 0 0 0 0 0 0 0 0 0 0 0 
0 0 0 0 0 0 0 0 0 0 0 0 0 0 0 0 19 14 19 27 
20 29 25 10 0 0 0 0 0 0 0 0 0 0 0 0 0 0 0 0 
0 0 0 0 10 24 13 30 0 0 0 0 0 0 0 0 0 0 0 0 
0 0 0 0 0 0 0 0 29 11 16 26 28 16 12 18 0 0 0 0 
0 0 0 0 26 19 10 15 0 0 0 0 0 0 0 0 0 0 0 0 
0 0 0 0 0 0 0 0 0 0 0 0 0 0 0 0 15 13 22 16 
15 23 14 21 0 0 0 0 0 0 0 0 0 0 0 0 0 0 0 0 
0 0 0 0 12 14 14 23 19 25 28 23 29 25 24 28 0 0 0 0 
0 0 0 0 0 0 0 0 29 29 22 27 24 14 22 12 0 0 0 0 
0 0 0 0 17 26 27 25 16 17 20 12 0 0 0 0 0 0 0 0 
0 0 0 0 0 0 0 0 0 0 0 0 0 0 0 0 30 11 11 26 
10 25 23 21 0 0 0 0 0 0 0 0 0 0 0 0 0 0 0 0 
0 0 0 0 0 0 0 0 0 0 0 0 23 25 21 14 0 0 0 0 
0 0 0 0 11 27 20 24 21 24 10 28 0 0 0 0 0 0 0 0 
0 0 0 0 17 20 24 11 0 0 0 0 0 0 0 0 0 0 0 0 
0 0 0 0 0 0 0 0 0 0 0 0 0 0 0 0 22 18 30 30 
12 15 29 24 0 0 0 0 0 0 0 0 0 0 0 0 0 0 0 0 
0 0 0 0 29 28 17 12 0 0 0 0 0 0 0 0 0 0 0 0 
0 0 0 0 0 0 0 0 22 15 28 13 21 18 13 29 0 0 0 0 
0 0 0 0 0 0 0 0 11 25 12 10 0 0 0 0 0 0 0 0 
0 0 0 0 0 0 0 0 0 0 0 0 0 0 0 0 22 11 20 19 
30 16 28 26 0 0 0 0 0 0 0 0 0 0 0 0 0 0 0 0 
0 0 0 0 20 25 13 17 11 15 23 18 14 10 18 24 0 0 0 0 
0 0 0 0 16 22 17 22 22 17 20 11 25 19 25 29 0 0 0 0 
0 0 0 0 16 16 18 10 29 25 22 21 24 14 20 12 0 0 0 0 
0 0 0 0 0 0 0 0 0 0 0 0 0 0 0 0 17 11 24 28 
17 16 30 11 0 0 0 0 0 0 0 0 0 0 0 0 0 0 0 0 
0 0 0 0 0 0 0 0 30 14 24 28 28 10 13 14 0 0 0 0 
0 0 0 0 17 19 11 25 19 27 21 13 21 23 26 22 0 0 0 0 
0 0 0 0 15 10 15 13 10 24 12 27 13 15 25 15 0 0 0 0 
0 0 0 0 0 0 0 0 0 0 0 0 0 0 0 0 15 15 17 11 
20 17 25 23 0 0 0 0 0 0 0 0 0 0 0 0 0 0 0 0 
0 0 0 0 0 0 0 0 13 20 18 23 0 0 0 0 0 0 0 0 
0 0 0 0 0 0 0 0 0 0 0 0 27 14 29 18 0 0 0 0 
0 0 0 0 0 0 0 0 10 21 24 13 13 16 13 22 0 0 0 0 
0 0 0 0 0 0 0 0 0 0 0 0 0 0 0 0 11 20 23 19 
22 27 24 18 0 0 0 0 0 0 0 0 0 0 0 0 0 0 0 0 
0 0 0 0 20 23 19 28 0 0 0 0 20 15 30 23 0 0 0 0 
0 0 0 0 12 29 25 12 22 21 10 20 11 15 18 20 0 0 0 0 
0 0 0 0 10 26 16 30 21 29 21 24 13 30 18 26 0 0 0 0 
0 0 0 0 0 0 0 0 0 0 0 0 0 0 0 0 20 29 14 27 
12 21 21 25 0 0 0 0 0 0 0 0 0 0 0 0 0 0 0 0 
0 0 0 0 11 22 20 27 0 0 0 0 15 14 23 24 0 0 0 0 
0 0 0 0 14 19 23 25 10 23 19 17 18 25 19 21 0 0 0 0 
0 0 0 0 24 12 22 12 21 15 22 17 0 0 0 0 0 0 0 0 
0 0 0 0 0 0 0 0 0 0 0 0 0 0 0 0 26 11 26 11 
19 29 20 12 0 0 0 0 0 0 0 0 0 0 0 0 0 0 0 0 
0 0 0 0 19 30 28 28 0 0 0 0 10 10 25 21 0 0 0 0 
0 0 0 0 0 0 0 0 27 20 16 19 23 28 21 13 0 0 0 0 
0 0 0 0 21 15 27 27 0 0 0 0 12 26 24 13 0 0 0 0 
0 0 0 0 0 0 0 0 0 0 0 0 0 0 0 0 29 25 29 23 
24 22 11 12 0 0 0 0 0 0 0 0 0 0 0 0 0 0 0 0 
0 0 0 0 23 12 12 17 23 28 17 10 0 0 0 0 0 0 0 0 
0 0 0 0 12 22 28 17 30 18 18 20 26 14 12 21 0 0 0 0 
0 0 0 0 20 10 10 15 10 28 26 25 23 24 29 17 0 0 0 0 
0 0 0 0 0 0 0 0 0 0 0 0 0 0 0 0 23 30 24 24 
21 27 11 19 0 0 0 0 0 0 0 0 0 0 0 0 0 0 0 0 
0 0 0 0 27 23 27 11 0 0 0 0 0 0 0 0 0 0 0 0 
0 0 0 0 0 0 0 0 27 26 30 23 0 0 0 0 0 0 0 0 
0 0 0 0 21 13 24 21 0 0 0 0 13 17 17 22 0 0 0 0 
0 0 0 0 0 0 0 0 0 0 0 0 0 0 0 0 30 16 13 26 
25 16 19 15 0 0 0 0 0 0 0 0 0 0 0 0 0 0 0 0 
0 0 0 0 30 22 14 10 22 11 10 29 0 0 0 0 0 0 0 0 
0 0 0 0 25 15 13 28 27 24 21 13 21 10 13 27 0 0 0 0 
0 0 0 0 11 20 23 14 0 0 0 0 13 24 19 19 0 0 0 0 
0 0 0 0 0 0 0 0 0 0 0 0 0 0 0 0 28 28 26 27 
29 23 28 23 0 0 0 0 0 0 0 0 0 0 0 0 0 0 0 0 
0 0 0 0 20 10 29 23 0 0 0 0 0 0 0 0 0 0 0 0 
0 0 0 0 0 0 0 0 24 30 13 19 27 10 24 26 0 0 0 0 
0 0 0 0 0 0 0 0 11 19 12 27 0 0 0 0 0 0 0 0 
0 0 0 0 0 0 0 0 0 0 0 0 0 0 0 0 14 17 24 24 
28 29 28 27 0 0 0 0 0 0 0 0 0 0 0 0 0 0 0 0 
0 0 0 0 25 18 25 13 19 15 19 23 11 19 19 25 0 0 0 0 
0 0 0 0 16 26 11 25 28 17 17 20 0 0 0 0 0 0 0 0 
0 0 0 0 18 21 23 25 12 30 27 10 0 0 0 0 0 0 0 0 
0 0 0 0 0 0 0 0 0 0 0 0 0 0 0 0 14 26 22 27 
19 23 20 29 0 0 0 0 0 0 0 0 0 0 0 0 0 0 0 0 
0 0 0 0 18 27 17 18 27 29 20 14 29 10 23 13 0 0 0 0 
0 0 0 0 0 0 0 0 0 0 0 0 21 25 12 23 0 0 0 0 
0 0 0 0 24 25 24 19 27 14 20 28 13 13 12 15 0 0 0 0 
0 0 0 0 0 0 0 0 0 0 0 0 0 0 0 0 19 23 13 10 
29 27 13 21 0 0 0 0 0 0 0 0 0 0 0 0 0 0 0 0 
0 0 0 0 0 0 0 0 23 13 15 16 0 0 0 0 0 0 0 0 
0 0 0 0 13 18 27 10 30 11 25 23 0 0 0 0 0 0 0 0 
0 0 0 0 0 0 0 0 14 24 15 10 0 0 0 0 0 0 0 0 
0 0 0 0 0 0 0 0 0 0 0 0 0 0 0 0 15 24 12 17 
23 23 12 27 0 0 0 0 0 0 0 0 0 0 0 0 0 0 0 0 
0 0 0 0 13 20 29 11 20 26 25 23 28 19 30 19 0 0 0 0 
0 0 0 0 18 15 29 18 0 0 0 0 13 12 17 17 0 0 0 0 
0 0 0 0 11 11 13 27 21 30 21 12 14 18 21 10 0 0 0 0 
0 0 0 0 0 0 0 0 0 0 0 0 0 0 0 0 12 27 23 24 
23 24 10 29 0 0 0 0 0 0 0 0 0 0 0 0 0 0 0 0 
0 0 0 0 15 23 11 14 0 0 0 0 22 15 13 22 0 0 0 0 
0 0 0 0 11 11 22 13 11 25 20 27 26 21 23 18 0 0 0 0 
0 0 0 0 0 0 0 0 0 0 0 0 25 17 27 28 0 0 0 0 
0 0 0 0 0 0 0 0 0 0 0 0 0 0 0 0 28 11 25 12 
19 24 13 25 0 0 0 0 0 0 0 0 0 0 0 0 0 0 0 0 
0 0 0 0 0 0 0 0 29 11 20 25 0 0 0 0 0 0 0 0 
0 0 0 0 21 15 18 16 0 0 0 0 0 0 0 0 0 0 0 0 
0 0 0 0 30 22 28 18 0 0 0 0 0 0 0 0 0 0 0 0 
0 0 0 0 0 0 0 0 0 0 0 0 0 0 0 0 22 17 29 22 
16 30 26 11 0 0 0 0 0 0 0 0 0 0 0 0 0 0 0 0 
0 0 0 0 21 28 12 30 30 12 17 24 10 24 17 22 0 0 0 0 
0 0 0 0 26 14 30 27 14 23 28 26 29 21 19 27 0 0 0 0 
0 0 0 0 29 21 24 27 0 0 0 0 0 0 0 0 0 0 0 0 
0 0 0 0 0 0 0 0 0 0 0 0 0 0 0 0 23 20 23 25 
26 17 20 25 0 0 0 0 0 0 0 0 0 0 0 0 0 0 0 0 
0 0 0 0 12 30 23 29 29 15 29 25 0 0 0 0 0 0 0 0 
0 0 0 0 25 14 18 10 13 15 15 22 11 10 13 28 0 0 0 0 
0 0 0 0 0 0 0 0 0 0 0 0 12 25 30 26 0 0 0 0 
0 0 0 0 0 0 0 0 0 0 0 0 0 0 0 0 27 13 14 24 
10 13 18 14 0 0 0 0 0 0 0 0 0 0 0 0 0 0 0 0 
0 0 0 0 0 0 0 0 26 12 27 28 25 11 21 20 0 0 0 0 
0 0 0 0 0 0 0 0 30 21 25 20 0 0 0 0 0 0 0 0 
0 0 0 0 0 0 0 0 30 28 13 30 12 22 17 14 0 0 0 0 
0 0 0 0 0 0 0 0 0 0 0 0 0 0 0 0 19 15 15 15
---------------------
 
Processing cost   (0 -- non-optional machine)
Rows: sequential for each operation of each part; Columns: correspond to machine number
12 16 10 19 0 0 0 0 0 0 0 0 0 0 0 0 0 0 0 0 
0 0 0 0 16 15 13 10 18 10 15 15 15 15 13 15 0 0 0 0 
0 0 0 0 14 17 13 12 0 0 0 0 0 0 0 0 0 0 0 0 
0 0 0 0 11 10 20 11 13 12 13 12 19 14 18 14 0 0 0 0 
0 0 0 0 0 0 0 0 0 0 0 0 0 0 0 0 14 17 20 17 
19 15 10 16 0 0 0 0 0 0 0 0 0 0 0 0 0 0 0 0 
0 0 0 0 12 18 11 16 14 15 19 19 15 18 16 16 0 0 0 0 
0 0 0 0 16 14 16 14 0 0 0 0 11 13 12 20 0 0 0 0 
0 0 0 0 18 17 12 19 17 14 13 13 11 18 18 15 0 0 0 0 
0 0 0 0 0 0 0 0 0 0 0 0 0 0 0 0 19 16 20 14 
14 11 11 12 0 0 0 0 0 0 0 0 0 0 0 0 0 0 0 0 
0 0 0 0 13 14 12 19 13 12 19 14 16 20 11 20 0 0 0 0 
0 0 0 0 11 20 12 15 19 13 10 16 16 11 11 19 0 0 0 0 
0 0 0 0 17 15 17 17 0 0 0 0 17 18 17 10 0 0 0 0 
0 0 0 0 0 0 0 0 0 0 0 0 0 0 0 0 14 17 12 11 
19 18 13 10 0 0 0 0 0 0 0 0 0 0 0 0 0 0 0 0 
0 0 0 0 18 17 14 12 19 20 12 16 16 10 16 16 0 0 0 0 
0 0 0 0 14 19 17 19 19 15 11 18 0 0 0 0 0 0 0 0 
0 0 0 0 16 15 20 18 0 0 0 0 0 0 0 0 0 0 0 0 
0 0 0 0 0 0 0 0 0 0 0 0 0 0 0 0 14 20 16 16 
10 19 10 14 0 0 0 0 0 0 0 0 0 0 0 0 0 0 0 0 
0 0 0 0 0 0 0 0 19 13 12 19 10 13 15 12 0 0 0 0 
0 0 0 0 0 0 0 0 20 13 19 14 14 12 12 19 0 0 0 0 
0 0 0 0 10 17 11 14 19 19 20 17 0 0 0 0 0 0 0 0 
0 0 0 0 0 0 0 0 0 0 0 0 0 0 0 0 13 10 16 17 
19 20 20 16 0 0 0 0 0 0 0 0 0 0 0 0 0 0 0 0 
0 0 0 0 20 18 14 11 14 11 13 17 14 18 11 20 0 0 0 0 
0 0 0 0 0 0 0 0 0 0 0 0 12 20 15 15 0 0 0 0 
0 0 0 0 19 10 12 17 0 0 0 0 20 20 16 18 0 0 0 0 
0 0 0 0 0 0 0 0 0 0 0 0 0 0 0 0 13 14 15 20 
12 16 17 10 0 0 0 0 0 0 0 0 0 0 0 0 0 0 0 0 
0 0 0 0 16 16 12 15 12 10 16 19 13 12 10 11 0 0 0 0 
0 0 0 0 18 17 14 11 14 15 15 13 11 20 15 18 0 0 0 0 
0 0 0 0 15 19 16 16 20 12 15 10 14 13 17 14 0 0 0 0 
0 0 0 0 0 0 0 0 0 0 0 0 0 0 0 0 17 13 11 19 
20 19 20 20 0 0 0 0 0 0 0 0 0 0 0 0 0 0 0 0 
0 0 0 0 13 19 16 15 0 0 0 0 19 18 18 10 0 0 0 0 
0 0 0 0 0 0 0 0 0 0 0 0 16 11 11 13 0 0 0 0 
0 0 0 0 0 0 0 0 16 12 18 10 0 0 0 0 0 0 0 0 
0 0 0 0 0 0 0 0 0 0 0 0 0 0 0 0 19 18 12 17 
15 11 14 20 0 0 0 0 0 0 0 0 0 0 0 0 0 0 0 0 
0 0 0 0 0 0 0 0 12 12 16 13 0 0 0 0 0 0 0 0 
0 0 0 0 18 12 11 18 0 0 0 0 10 19 11 10 0 0 0 0 
0 0 0 0 0 0 0 0 18 15 15 10 18 14 17 11 0 0 0 0 
0 0 0 0 0 0 0 0 0 0 0 0 0 0 0 0 20 12 16 11 
10 20 15 11 0 0 0 0 0 0 0 0 0 0 0 0 0 0 0 0 
0 0 0 0 15 14 16 11 0 0 0 0 0 0 0 0 0 0 0 0 
0 0 0 0 13 12 12 12 15 20 10 18 19 10 17 14 0 0 0 0 
0 0 0 0 0 0 0 0 10 16 12 12 10 16 17 13 0 0 0 0 
0 0 0 0 0 0 0 0 0 0 0 0 0 0 0 0 14 10 15 17 
19 14 16 13 0 0 0 0 0 0 0 0 0 0 0 0 0 0 0 0 
0 0 0 0 0 0 0 0 17 10 17 13 15 17 15 12 0 0 0 0 
0 0 0 0 15 16 17 12 10 18 13 16 0 0 0 0 0 0 0 0 
0 0 0 0 10 15 19 14 0 0 0 0 14 18 18 15 0 0 0 0 
0 0 0 0 0 0 0 0 0 0 0 0 0 0 0 0 18 20 20 15 
11 14 16 15 0 0 0 0 0 0 0 0 0 0 0 0 0 0 0 0 
0 0 0 0 15 14 16 14 0 0 0 0 10 15 11 17 0 0 0 0 
0 0 0 0 13 10 11 15 20 18 16 17 0 0 0 0 0 0 0 0 
0 0 0 0 0 0 0 0 20 20 13 12 15 12 17 14 0 0 0 0 
0 0 0 0 0 0 0 0 0 0 0 0 0 0 0 0 14 11 11 14 
12 19 19 19 0 0 0 0 0 0 0 0 0 0 0 0 0 0 0 0 
0 0 0 0 18 18 19 11 0 0 0 0 0 0 0 0 0 0 0 0 
0 0 0 0 19 14 12 15 15 12 17 10 0 0 0 0 0 0 0 0 
0 0 0 0 14 19 14 18 10 10 14 19 0 0 0 0 0 0 0 0 
0 0 0 0 0 0 0 0 0 0 0 0 0 0 0 0 14 20 11 15 
10 16 20 10 0 0 0 0 0 0 0 0 0 0 0 0 0 0 0 0 
0 0 0 0 18 20 16 14 0 0 0 0 20 13 19 12 0 0 0 0 
0 0 0 0 13 14 18 15 14 16 10 14 17 19 15 13 0 0 0 0 
0 0 0 0 0 0 0 0 18 16 20 13 19 15 19 15 0 0 0 0 
0 0 0 0 0 0 0 0 0 0 0 0 0 0 0 0 13 10 11 18 
16 20 17 10 0 0 0 0 0 0 0 0 0 0 0 0 0 0 0 0 
0 0 0 0 16 19 12 12 15 11 17 11 12 14 18 19 0 0 0 0 
0 0 0 0 14 10 19 18 0 0 0 0 0 0 0 0 0 0 0 0 
0 0 0 0 17 20 18 20 10 11 12 12 0 0 0 0 0 0 0 0 
0 0 0 0 0 0 0 0 0 0 0 0 0 0 0 0 17 18 11 15 
18 14 13 10 0 0 0 0 0 0 0 0 0 0 0 0 0 0 0 0 
0 0 0 0 16 18 10 11 0 0 0 0 16 15 14 19 0 0 0 0 
0 0 0 0 13 16 14 16 0 0 0 0 17 16 19 10 0 0 0 0 
0 0 0 0 19 20 16 11 18 20 16 18 12 10 20 14 0 0 0 0 
0 0 0 0 0 0 0 0 0 0 0 0 0 0 0 0 16 15 12 17 
18 13 17 16 0 0 0 0 0 0 0 0 0 0 0 0 0 0 0 0 
0 0 0 0 0 0 0 0 10 13 11 18 0 0 0 0 0 0 0 0 
0 0 0 0 17 12 10 19 0 0 0 0 0 0 0 0 0 0 0 0 
0 0 0 0 10 13 19 10 18 13 15 11 17 12 11 10 0 0 0 0 
0 0 0 0 0 0 0 0 0 0 0 0 0 0 0 0 12 15 17 12 
12 16 13 20 0 0 0 0 0 0 0 0 0 0 0 0 0 0 0 0 
0 0 0 0 0 0 0 0 15 19 18 12 0 0 0 0 0 0 0 0 
0 0 0 0 19 14 14 14 19 15 18 15 18 11 16 20 0 0 0 0 
0 0 0 0 0 0 0 0 17 17 16 20 11 15 18 18 0 0 0 0 
0 0 0 0 0 0 0 0 0 0 0 0 0 0 0 0 18 11 19 16 
12 20 16 17 0 0 0 0 0 0 0 0 0 0 0 0 0 0 0 0 
0 0 0 0 19 10 10 18 0 0 0 0 0 0 0 0 0 0 0 0 
0 0 0 0 17 16 13 19 16 20 15 18 13 12 16 10 0 0 0 0 
0 0 0 0 13 17 10 18 0 0 0 0 0 0 0 0 0 0 0 0 
0 0 0 0 0 0 0 0 0 0 0 0 0 0 0 0 13 13 10 12 
14 14 10 20 0 0 0 0 0 0 0 0 0 0 0 0 0 0 0 0 
0 0 0 0 20 13 15 10 0 0 0 0 10 11 19 17 0 0 0 0 
0 0 0 0 0 0 0 0 14 16 10 10 14 17 14 14 0 0 0 0 
0 0 0 0 13 11 17 18 16 10 14 20 0 0 0 0 0 0 0 0 
0 0 0 0 0 0 0 0 0 0 0 0 0 0 0 0 13 14 11 10 
20 16 14 18 0 0 0 0 0 0 0 0 0 0 0 0 0 0 0 0 
0 0 0 0 13 16 20 16 0 0 0 0 10 11 18 10 0 0 0 0 
0 0 0 0 18 10 12 20 10 18 20 10 19 20 12 10 0 0 0 0 
0 0 0 0 15 20 13 13 13 20 11 13 0 0 0 0 0 0 0 0 
0 0 0 0 0 0 0 0 0 0 0 0 0 0 0 0 14 15 11 16 
13 19 18 18 0 0 0 0 0 0 0 0 0 0 0 0 0 0 0 0 
0 0 0 0 16 15 18 15 0 0 0 0 0 0 0 0 0 0 0 0 
0 0 0 0 20 17 16 19 10 12 20 17 13 14 16 15 0 0 0 0 
0 0 0 0 10 11 15 15 14 20 11 15 16 16 14 19 0 0 0 0 
0 0 0 0 0 0 0 0 0 0 0 0 0 0 0 0 10 16 17 19 
17 17 19 16 0 0 0 0 0 0 0 0 0 0 0 0 0 0 0 0 
0 0 0 0 0 0 0 0 0 0 0 0 16 16 17 13 0 0 0 0 
0 0 0 0 12 13 10 11 0 0 0 0 19 19 10 16 0 0 0 0 
0 0 0 0 14 16 18 12 13 12 19 20 13 14 15 16 0 0 0 0 
0 0 0 0 0 0 0 0 0 0 0 0 0 0 0 0 18 14 12 17 
18 10 18 15 0 0 0 0 0 0 0 0 0 0 0 0 0 0 0 0 
0 0 0 0 12 11 13 20 15 20 14 10 0 0 0 0 0 0 0 0 
0 0 0 0 13 12 14 17 17 10 11 18 0 0 0 0 0 0 0 0 
0 0 0 0 10 18 17 10 0 0 0 0 0 0 0 0 0 0 0 0 
0 0 0 0 0 0 0 0 0 0 0 0 0 0 0 0 14 18 13 10 
12 11 18 17 0 0 0 0 0 0 0 0 0 0 0 0 0 0 0 0 
0 0 0 0 18 19 13 16 13 15 10 16 19 18 18 20 0 0 0 0 
0 0 0 0 0 0 0 0 13 18 14 15 15 14 19 12 0 0 0 0 
0 0 0 0 11 15 18 10 14 12 18 18 20 18 18 11 0 0 0 0 
0 0 0 0 0 0 0 0 0 0 0 0 0 0 0 0 17 10 20 12 
14 15 19 10 0 0 0 0 0 0 0 0 0 0 0 0 0 0 0 0 
0 0 0 0 0 0 0 0 0 0 0 0 15 12 18 17 0 0 0 0 
0 0 0 0 11 13 19 20 15 10 12 15 19 13 18 12 0 0 0 0 
0 0 0 0 0 0 0 0 18 11 15 15 0 0 0 0 0 0 0 0 
0 0 0 0 0 0 0 0 0 0 0 0 0 0 0 0 15 11 10 19 
18 15 10 16 0 0 0 0 0 0 0 0 0 0 0 0 0 0 0 0 
0 0 0 0 0 0 0 0 15 20 14 17 0 0 0 0 0 0 0 0 
0 0 0 0 0 0 0 0 13 20 12 11 18 19 14 12 0 0 0 0 
0 0 0 0 12 10 14 10 0 0 0 0 0 0 0 0 0 0 0 0 
0 0 0 0 0 0 0 0 0 0 0 0 0 0 0 0 20 14 14 17 
17 12 16 17 0 0 0 0 0 0 0 0 0 0 0 0 0 0 0 0 
0 0 0 0 18 10 15 11 0 0 0 0 0 0 0 0 0 0 0 0 
0 0 0 0 0 0 0 0 18 18 12 20 12 19 15 13 0 0 0 0 
0 0 0 0 10 13 16 13 0 0 0 0 0 0 0 0 0 0 0 0 
0 0 0 0 0 0 0 0 0 0 0 0 0 0 0 0 17 15 12 12 
13 16 16 15 0 0 0 0 0 0 0 0 0 0 0 0 0 0 0 0 
0 0 0 0 12 12 20 17 15 16 19 12 11 13 16 12 0 0 0 0 
0 0 0 0 0 0 0 0 17 14 19 18 20 19 20 15 0 0 0 0 
0 0 0 0 15 13 20 10 20 14 14 16 0 0 0 0 0 0 0 0 
0 0 0 0 0 0 0 0 0 0 0 0 0 0 0 0 13 17 19 20 
14 14 11 15 0 0 0 0 0 0 0 0 0 0 0 0 0 0 0 0 
0 0 0 0 0 0 0 0 0 0 0 0 16 15 19 14 0 0 0 0 
0 0 0 0 11 12 17 10 10 20 18 19 0 0 0 0 0 0 0 0 
0 0 0 0 13 11 16 14 0 0 0 0 0 0 0 0 0 0 0 0 
0 0 0 0 0 0 0 0 0 0 0 0 0 0 0 0 11 13 18 18 
14 16 20 12 0 0 0 0 0 0 0 0 0 0 0 0 0 0 0 0 
0 0 0 0 14 16 11 20 0 0 0 0 0 0 0 0 0 0 0 0 
0 0 0 0 0 0 0 0 14 15 18 20 16 11 18 19 0 0 0 0 
0 0 0 0 0 0 0 0 20 14 19 17 0 0 0 0 0 0 0 0 
0 0 0 0 0 0 0 0 0 0 0 0 0 0 0 0 13 19 17 19 
11 17 12 18 0 0 0 0 0 0 0 0 0 0 0 0 0 0 0 0 
0 0 0 0 16 12 11 16 16 12 18 16 17 20 12 14 0 0 0 0 
0 0 0 0 14 12 18 12 19 14 12 14 15 18 17 15 0 0 0 0 
0 0 0 0 15 15 12 14 16 18 13 11 19 19 20 14 0 0 0 0 
0 0 0 0 0 0 0 0 0 0 0 0 0 0 0 0 13 20 20 20 
11 14 16 18 0 0 0 0 0 0 0 0 0 0 0 0 0 0 0 0 
0 0 0 0 0 0 0 0 16 20 10 19 10 10 12 19 0 0 0 0 
0 0 0 0 14 15 10 13 11 14 20 18 15 12 14 16 0 0 0 0 
0 0 0 0 14 12 15 19 19 17 17 20 15 19 15 20 0 0 0 0 
0 0 0 0 0 0 0 0 0 0 0 0 0 0 0 0 15 17 10 14 
18 13 17 15 0 0 0 0 0 0 0 0 0 0 0 0 0 0 0 0 
0 0 0 0 0 0 0 0 10 12 14 19 0 0 0 0 0 0 0 0 
0 0 0 0 0 0 0 0 0 0 0 0 20 16 16 19 0 0 0 0 
0 0 0 0 0 0 0 0 15 12 17 18 17 15 20 13 0 0 0 0 
0 0 0 0 0 0 0 0 0 0 0 0 0 0 0 0 13 15 14 14 
17 15 20 18 0 0 0 0 0 0 0 0 0 0 0 0 0 0 0 0 
0 0 0 0 15 10 20 15 0 0 0 0 15 16 13 13 0 0 0 0 
0 0 0 0 12 11 15 18 16 11 19 12 18 16 12 13 0 0 0 0 
0 0 0 0 17 19 13 15 10 13 18 14 17 13 14 16 0 0 0 0 
0 0 0 0 0 0 0 0 0 0 0 0 0 0 0 0 20 20 18 16 
14 10 18 10 0 0 0 0 0 0 0 0 0 0 0 0 0 0 0 0 
0 0 0 0 15 10 10 14 0 0 0 0 15 18 20 18 0 0 0 0 
0 0 0 0 14 12 19 17 12 15 16 10 16 11 10 14 0 0 0 0 
0 0 0 0 16 19 15 20 10 17 18 20 0 0 0 0 0 0 0 0 
0 0 0 0 0 0 0 0 0 0 0 0 0 0 0 0 11 13 18 20 
18 16 10 18 0 0 0 0 0 0 0 0 0 0 0 0 0 0 0 0 
0 0 0 0 14 20 18 20 0 0 0 0 18 19 20 14 0 0 0 0 
0 0 0 0 0 0 0 0 10 12 19 12 16 19 12 10 0 0 0 0 
0 0 0 0 16 18 18 13 0 0 0 0 13 17 12 18 0 0 0 0 
0 0 0 0 0 0 0 0 0 0 0 0 0 0 0 0 17 16 16 14 
15 11 20 18 0 0 0 0 0 0 0 0 0 0 0 0 0 0 0 0 
0 0 0 0 10 10 14 15 16 13 16 19 0 0 0 0 0 0 0 0 
0 0 0 0 18 16 14 14 13 19 12 13 11 10 11 12 0 0 0 0 
0 0 0 0 19 15 11 17 12 16 16 10 14 19 14 12 0 0 0 0 
0 0 0 0 0 0 0 0 0 0 0 0 0 0 0 0 17 10 11 10 
14 19 16 16 0 0 0 0 0 0 0 0 0 0 0 0 0 0 0 0 
0 0 0 0 17 19 10 12 0 0 0 0 0 0 0 0 0 0 0 0 
0 0 0 0 0 0 0 0 15 12 17 14 0 0 0 0 0 0 0 0 
0 0 0 0 16 15 16 11 0 0 0 0 13 10 20 17 0 0 0 0 
0 0 0 0 0 0 0 0 0 0 0 0 0 0 0 0 13 13 10 18 
15 13 14 14 0 0 0 0 0 0 0 0 0 0 0 0 0 0 0 0 
0 0 0 0 19 12 13 17 18 19 10 17 0 0 0 0 0 0 0 0 
0 0 0 0 17 11 12 16 13 15 11 13 16 17 14 16 0 0 0 0 
0 0 0 0 15 10 12 13 0 0 0 0 20 13 18 17 0 0 0 0 
0 0 0 0 0 0 0 0 0 0 0 0 0 0 0 0 15 13 10 16 
10 12 15 18 0 0 0 0 0 0 0 0 0 0 0 0 0 0 0 0 
0 0 0 0 11 16 16 19 0 0 0 0 0 0 0 0 0 0 0 0 
0 0 0 0 0 0 0 0 20 10 14 14 14 16 16 20 0 0 0 0 
0 0 0 0 0 0 0 0 18 13 12 20 0 0 0 0 0 0 0 0 
0 0 0 0 0 0 0 0 0 0 0 0 0 0 0 0 10 14 17 14 
17 11 13 11 0 0 0 0 0 0 0 0 0 0 0 0 0 0 0 0 
0 0 0 0 17 19 16 18 13 15 20 20 10 18 12 20 0 0 0 0 
0 0 0 0 16 14 13 15 18 19 11 16 0 0 0 0 0 0 0 0 
0 0 0 0 16 19 18 10 18 10 20 10 0 0 0 0 0 0 0 0 
0 0 0 0 0 0 0 0 0 0 0 0 0 0 0 0 12 15 17 12 
16 15 20 12 0 0 0 0 0 0 0 0 0 0 0 0 0 0 0 0 
0 0 0 0 14 14 11 15 14 15 15 13 13 17 20 14 0 0 0 0 
0 0 0 0 0 0 0 0 0 0 0 0 19 12 20 17 0 0 0 0 
0 0 0 0 12 12 11 11 14 10 18 15 12 18 13 11 0 0 0 0 
0 0 0 0 0 0 0 0 0 0 0 0 0 0 0 0 19 18 20 20 
16 12 15 15 0 0 0 0 0 0 0 0 0 0 0 0 0 0 0 0 
0 0 0 0 0 0 0 0 11 19 12 17 0 0 0 0 0 0 0 0 
0 0 0 0 16 19 13 10 18 10 13 14 0 0 0 0 0 0 0 0 
0 0 0 0 0 0 0 0 11 14 18 10 0 0 0 0 0 0 0 0 
0 0 0 0 0 0 0 0 0 0 0 0 0 0 0 0 14 16 19 10 
18 16 18 17 0 0 0 0 0 0 0 0 0 0 0 0 0 0 0 0 
0 0 0 0 17 15 18 18 12 16 18 15 20 16 10 17 0 0 0 0 
0 0 0 0 17 19 12 19 0 0 0 0 10 10 14 17 0 0 0 0 
0 0 0 0 10 11 19 14 12 15 18 14 16 11 20 18 0 0 0 0 
0 0 0 0 0 0 0 0 0 0 0 0 0 0 0 0 10 20 14 10 
11 13 17 19 0 0 0 0 0 0 0 0 0 0 0 0 0 0 0 0 
0 0 0 0 19 19 16 15 0 0 0 0 10 11 19 10 0 0 0 0 
0 0 0 0 12 17 11 18 18 14 10 17 14 20 16 17 0 0 0 0 
0 0 0 0 0 0 0 0 0 0 0 0 12 17 20 10 0 0 0 0 
0 0 0 0 0 0 0 0 0 0 0 0 0 0 0 0 15 10 17 13 
16 14 11 12 0 0 0 0 0 0 0 0 0 0 0 0 0 0 0 0 
0 0 0 0 0 0 0 0 20 17 13 12 0 0 0 0 0 0 0 0 
0 0 0 0 15 16 17 12 0 0 0 0 0 0 0 0 0 0 0 0 
0 0 0 0 20 11 17 18 0 0 0 0 0 0 0 0 0 0 0 0 
0 0 0 0 0 0 0 0 0 0 0 0 0 0 0 0 11 20 12 16 
11 11 17 20 0 0 0 0 0 0 0 0 0 0 0 0 0 0 0 0 
0 0 0 0 11 18 14 19 13 15 13 20 18 15 12 16 0 0 0 0 
0 0 0 0 20 16 14 17 20 11 19 16 12 14 10 10 0 0 0 0 
0 0 0 0 18 17 17 16 0 0 0 0 0 0 0 0 0 0 0 0 
0 0 0 0 0 0 0 0 0 0 0 0 0 0 0 0 14 13 18 19 
18 20 19 14 0 0 0 0 0 0 0 0 0 0 0 0 0 0 0 0 
0 0 0 0 14 12 15 10 17 12 16 15 0 0 0 0 0 0 0 0 
0 0 0 0 13 16 18 17 14 17 15 16 13 19 19 16 0 0 0 0 
0 0 0 0 0 0 0 0 0 0 0 0 13 11 18 10 0 0 0 0 
0 0 0 0 0 0 0 0 0 0 0 0 0 0 0 0 12 12 14 11 
14 12 18 14 0 0 0 0 0 0 0 0 0 0 0 0 0 0 0 0 
0 0 0 0 0 0 0 0 18 17 19 20 14 16 13 20 0 0 0 0 
0 0 0 0 0 0 0 0 12 19 11 18 0 0 0 0 0 0 0 0 
0 0 0 0 0 0 0 0 19 17 11 13 17 11 13 17 0 0 0 0 
0 0 0 0 0 0 0 0 0 0 0 0 0 0 0 0 15 16 12 13
---------------------
 
Distance between cells
Rows and Columns: correspond to cell number
0 402 237 208 457 385 440 
402 0 70 499 92 385 204 
237 70 0 137 403 431 175 
208 499 137 0 84 384 453 
457 92 403 84 0 380 323 
385 385 431 384 380 0 322 
440 204 175 453 323 322 0
---------------------
 
Distribution of machines in cells   (1 -- if machine m is distributed in cell u;0 -- else) 
Rows: correspond to cell number; Columns: correspond to machine number
0 1 0 0 0 1 1 0 0 0 0 0 0 0 0 1 0 0 0 0 
1 0 0 1 0 0 0 1 0 0 0 0 0 0 0 0 0 0 1 0 
0 0 0 0 0 0 0 0 1 0 0 0 0 1 0 0 0 0 0 1 
0 0 0 0 1 0 0 0 0 0 0 0 0 0 0 0 0 1 0 0 
0 0 0 0 0 0 0 0 0 1 0 0 0 0 0 0 1 0 0 0 
0 0 1 0 0 0 0 0 0 0 0 0 1 0 1 0 0 0 0 0 
0 0 0 0 0 0 0 0 0 0 1 1 0 0 0 0 0 0 0 0
---------------------
 
