Adaption from Behnke15

Number of operations for each part
5 5 5 5 5 5 5 5 5 5 5 5 5 5 5 5 5 5 5 5 5 5 5 5 5 5 5 5 5 5 5 5 5 5 5 5 5 5 5 5 5 5 5 5 5 5 5 5 5 5
---------------------
 
Processing time   (0 -- non-optional machine)
Rows: sequential for each operation of each part; Columns: correspond to machine number
11 11 25 23 0 0 0 0 0 0 0 0 0 0 0 0 0 0 0 0 
0 0 0 0 13 19 30 12 0 0 0 0 0 0 0 0 0 0 0 0 
0 0 0 0 15 27 11 24 0 0 0 0 0 0 0 0 0 0 0 0 
0 0 0 0 15 28 19 10 0 0 0 0 0 0 0 0 0 0 0 0 
0 0 0 0 0 0 0 0 0 0 0 0 0 0 0 0 12 23 26 12 
12 30 28 21 0 0 0 0 0 0 0 0 0 0 0 0 0 0 0 0 
0 0 0 0 17 14 21 12 21 13 25 11 0 0 0 0 0 0 0 0 
0 0 0 0 13 19 21 22 16 16 25 18 0 0 0 0 0 0 0 0 
0 0 0 0 13 15 30 21 16 16 10 14 17 22 19 12 0 0 0 0 
0 0 0 0 0 0 0 0 0 0 0 0 0 0 0 0 15 15 18 27 
20 22 27 19 0 0 0 0 0 0 0 0 0 0 0 0 0 0 0 0 
0 0 0 0 17 10 27 22 22 10 27 29 24 21 30 15 0 0 0 0 
0 0 0 0 0 0 0 0 0 0 0 0 29 24 24 10 0 0 0 0 
0 0 0 0 16 20 18 10 16 25 11 10 0 0 0 0 0 0 0 0 
0 0 0 0 0 0 0 0 0 0 0 0 0 0 0 0 19 15 24 11 
10 24 10 20 0 0 0 0 0 0 0 0 0 0 0 0 0 0 0 0 
0 0 0 0 17 10 26 25 14 11 28 30 0 0 0 0 0 0 0 0 
0 0 0 0 0 0 0 0 0 0 0 0 21 14 12 23 0 0 0 0 
0 0 0 0 30 15 23 23 21 20 23 12 13 23 11 14 0 0 0 0 
0 0 0 0 0 0 0 0 0 0 0 0 0 0 0 0 13 23 26 22 
27 24 23 28 0 0 0 0 0 0 0 0 0 0 0 0 0 0 0 0 
0 0 0 0 0 0 0 0 30 14 13 27 0 0 0 0 0 0 0 0 
0 0 0 0 21 17 16 15 14 19 13 23 21 17 10 24 0 0 0 0 
0 0 0 0 28 28 11 19 15 16 29 13 24 16 14 26 0 0 0 0 
0 0 0 0 0 0 0 0 0 0 0 0 0 0 0 0 25 17 15 16 
10 30 12 19 0 0 0 0 0 0 0 0 0 0 0 0 0 0 0 0 
0 0 0 0 0 0 0 0 0 0 0 0 22 28 30 28 0 0 0 0 
0 0 0 0 16 25 18 11 12 12 14 17 18 21 23 20 0 0 0 0 
0 0 0 0 0 0 0 0 29 17 22 28 24 21 14 30 0 0 0 0 
0 0 0 0 0 0 0 0 0 0 0 0 0 0 0 0 21 23 29 23 
17 20 26 14 0 0 0 0 0 0 0 0 0 0 0 0 0 0 0 0 
0 0 0 0 27 13 15 12 30 27 29 27 0 0 0 0 0 0 0 0 
0 0 0 0 0 0 0 0 0 0 0 0 30 20 25 17 0 0 0 0 
0 0 0 0 0 0 0 0 30 27 25 21 0 0 0 0 0 0 0 0 
0 0 0 0 0 0 0 0 0 0 0 0 0 0 0 0 22 27 25 22 
23 18 23 15 0 0 0 0 0 0 0 0 0 0 0 0 0 0 0 0 
0 0 0 0 0 0 0 0 23 26 10 29 0 0 0 0 0 0 0 0 
0 0 0 0 0 0 0 0 25 10 17 11 0 0 0 0 0 0 0 0 
0 0 0 0 22 10 21 15 0 0 0 0 0 0 0 0 0 0 0 0 
0 0 0 0 0 0 0 0 0 0 0 0 0 0 0 0 16 29 18 26 
14 13 29 28 0 0 0 0 0 0 0 0 0 0 0 0 0 0 0 0 
0 0 0 0 0 0 0 0 0 0 0 0 26 12 13 11 0 0 0 0 
0 0 0 0 22 17 23 17 10 16 25 28 28 17 21 21 0 0 0 0 
0 0 0 0 29 24 16 30 18 20 30 18 0 0 0 0 0 0 0 0 
0 0 0 0 0 0 0 0 0 0 0 0 0 0 0 0 10 21 22 10 
29 23 13 29 0 0 0 0 0 0 0 0 0 0 0 0 0 0 0 0 
0 0 0 0 0 0 0 0 16 22 14 29 12 25 27 22 0 0 0 0 
0 0 0 0 27 10 27 23 30 16 11 21 25 23 20 22 0 0 0 0 
0 0 0 0 10 16 18 27 0 0 0 0 0 0 0 0 0 0 0 0 
0 0 0 0 0 0 0 0 0 0 0 0 0 0 0 0 28 13 10 12 
17 15 14 17 0 0 0 0 0 0 0 0 0 0 0 0 0 0 0 0 
0 0 0 0 0 0 0 0 0 0 0 0 20 29 19 28 0 0 0 0 
0 0 0 0 30 30 24 16 20 13 14 28 17 25 11 25 0 0 0 0 
0 0 0 0 22 11 23 21 19 21 12 17 24 19 28 26 0 0 0 0 
0 0 0 0 0 0 0 0 0 0 0 0 0 0 0 0 14 21 18 27 
22 28 29 13 0 0 0 0 0 0 0 0 0 0 0 0 0 0 0 0 
0 0 0 0 0 0 0 0 0 0 0 0 20 11 17 16 0 0 0 0 
0 0 0 0 26 17 30 13 24 10 22 13 16 14 28 21 0 0 0 0 
0 0 0 0 30 24 25 13 26 21 18 27 0 0 0 0 0 0 0 0 
0 0 0 0 0 0 0 0 0 0 0 0 0 0 0 0 24 14 18 12 
30 22 23 18 0 0 0 0 0 0 0 0 0 0 0 0 0 0 0 0 
0 0 0 0 0 0 0 0 27 15 19 14 0 0 0 0 0 0 0 0 
0 0 0 0 22 16 22 18 18 23 28 29 25 14 27 27 0 0 0 0 
0 0 0 0 0 0 0 0 0 0 0 0 12 10 20 10 0 0 0 0 
0 0 0 0 0 0 0 0 0 0 0 0 0 0 0 0 17 24 25 28 
17 30 20 29 0 0 0 0 0 0 0 0 0 0 0 0 0 0 0 0 
0 0 0 0 29 19 13 20 21 28 19 15 0 0 0 0 0 0 0 0 
0 0 0 0 22 22 29 26 0 0 0 0 25 28 15 22 0 0 0 0 
0 0 0 0 0 0 0 0 25 30 30 17 21 20 12 27 0 0 0 0 
0 0 0 0 0 0 0 0 0 0 0 0 0 0 0 0 25 14 18 11 
19 27 11 10 0 0 0 0 0 0 0 0 0 0 0 0 0 0 0 0 
0 0 0 0 21 11 30 19 23 19 20 25 28 17 11 13 0 0 0 0 
0 0 0 0 11 22 12 13 26 14 26 20 23 24 25 10 0 0 0 0 
0 0 0 0 17 26 14 20 10 20 13 18 0 0 0 0 0 0 0 0 
0 0 0 0 0 0 0 0 0 0 0 0 0 0 0 0 18 10 16 18 
30 26 12 18 0 0 0 0 0 0 0 0 0 0 0 0 0 0 0 0 
0 0 0 0 0 0 0 0 16 30 26 11 0 0 0 0 0 0 0 0 
0 0 0 0 11 14 11 25 19 23 26 16 0 0 0 0 0 0 0 0 
0 0 0 0 0 0 0 0 26 20 15 26 0 0 0 0 0 0 0 0 
0 0 0 0 0 0 0 0 0 0 0 0 0 0 0 0 12 15 10 22 
15 17 29 15 0 0 0 0 0 0 0 0 0 0 0 0 0 0 0 0 
0 0 0 0 18 28 10 27 0 0 0 0 0 0 0 0 0 0 0 0 
0 0 0 0 16 16 27 18 10 20 12 27 21 10 27 25 0 0 0 0 
0 0 0 0 0 0 0 0 23 17 14 16 0 0 0 0 0 0 0 0 
0 0 0 0 0 0 0 0 0 0 0 0 0 0 0 0 12 22 27 14 
15 25 14 28 0 0 0 0 0 0 0 0 0 0 0 0 0 0 0 0 
0 0 0 0 10 19 24 29 0 0 0 0 18 30 12 19 0 0 0 0 
0 0 0 0 0 0 0 0 10 27 16 30 0 0 0 0 0 0 0 0 
0 0 0 0 28 21 27 26 0 0 0 0 24 26 24 29 0 0 0 0 
0 0 0 0 0 0 0 0 0 0 0 0 0 0 0 0 20 25 12 29 
24 23 15 24 0 0 0 0 0 0 0 0 0 0 0 0 0 0 0 0 
0 0 0 0 15 19 11 10 0 0 0 0 0 0 0 0 0 0 0 0 
0 0 0 0 0 0 0 0 13 22 30 19 0 0 0 0 0 0 0 0 
0 0 0 0 0 0 0 0 30 18 21 11 0 0 0 0 0 0 0 0 
0 0 0 0 0 0 0 0 0 0 0 0 0 0 0 0 15 14 16 22 
20 18 22 13 0 0 0 0 0 0 0 0 0 0 0 0 0 0 0 0 
0 0 0 0 0 0 0 0 19 15 17 10 0 0 0 0 0 0 0 0 
0 0 0 0 11 22 17 19 0 0 0 0 0 0 0 0 0 0 0 0 
0 0 0 0 28 14 17 14 0 0 0 0 0 0 0 0 0 0 0 0 
0 0 0 0 0 0 0 0 0 0 0 0 0 0 0 0 20 22 27 26 
30 23 22 13 0 0 0 0 0 0 0 0 0 0 0 0 0 0 0 0 
0 0 0 0 24 22 20 17 19 24 14 10 28 12 12 15 0 0 0 0 
0 0 0 0 19 14 18 15 12 20 11 30 16 18 11 26 0 0 0 0 
0 0 0 0 23 30 17 18 14 15 13 17 30 16 24 26 0 0 0 0 
0 0 0 0 0 0 0 0 0 0 0 0 0 0 0 0 19 29 14 24 
21 19 22 29 0 0 0 0 0 0 0 0 0 0 0 0 0 0 0 0 
0 0 0 0 29 12 27 13 23 20 12 14 30 20 19 20 0 0 0 0 
0 0 0 0 0 0 0 0 12 12 30 27 0 0 0 0 0 0 0 0 
0 0 0 0 16 21 19 16 19 13 30 12 17 28 14 24 0 0 0 0 
0 0 0 0 0 0 0 0 0 0 0 0 0 0 0 0 15 21 28 21 
28 30 17 27 0 0 0 0 0 0 0 0 0 0 0 0 0 0 0 0 
0 0 0 0 0 0 0 0 20 30 15 13 0 0 0 0 0 0 0 0 
0 0 0 0 0 0 0 0 0 0 0 0 20 30 11 24 0 0 0 0 
0 0 0 0 29 30 28 10 30 15 24 19 0 0 0 0 0 0 0 0 
0 0 0 0 0 0 0 0 0 0 0 0 0 0 0 0 24 22 23 27 
10 18 27 19 0 0 0 0 0 0 0 0 0 0 0 0 0 0 0 0 
0 0 0 0 17 26 19 13 0 0 0 0 0 0 0 0 0 0 0 0 
0 0 0 0 15 21 27 21 11 24 24 13 12 21 27 16 0 0 0 0 
0 0 0 0 16 12 18 15 29 17 24 27 10 16 22 17 0 0 0 0 
0 0 0 0 0 0 0 0 0 0 0 0 0 0 0 0 12 19 13 28 
15 12 25 18 0 0 0 0 0 0 0 0 0 0 0 0 0 0 0 0 
0 0 0 0 21 29 13 14 0 0 0 0 22 10 20 20 0 0 0 0 
0 0 0 0 16 22 15 21 13 14 24 11 0 0 0 0 0 0 0 0 
0 0 0 0 19 11 10 16 26 30 16 20 12 30 28 22 0 0 0 0 
0 0 0 0 0 0 0 0 0 0 0 0 0 0 0 0 16 24 21 10 
16 17 26 10 0 0 0 0 0 0 0 0 0 0 0 0 0 0 0 0 
0 0 0 0 30 19 15 14 0 0 0 0 0 0 0 0 0 0 0 0 
0 0 0 0 0 0 0 0 13 22 24 12 19 18 25 15 0 0 0 0 
0 0 0 0 12 13 20 14 14 15 29 15 21 14 17 21 0 0 0 0 
0 0 0 0 0 0 0 0 0 0 0 0 0 0 0 0 29 25 13 27 
30 28 15 11 0 0 0 0 0 0 0 0 0 0 0 0 0 0 0 0 
0 0 0 0 21 10 17 19 0 0 0 0 0 0 0 0 0 0 0 0 
0 0 0 0 0 0 0 0 15 14 29 23 29 22 13 17 0 0 0 0 
0 0 0 0 12 20 19 20 28 20 21 25 14 11 20 20 0 0 0 0 
0 0 0 0 0 0 0 0 0 0 0 0 0 0 0 0 21 18 15 15 
26 13 30 10 0 0 0 0 0 0 0 0 0 0 0 0 0 0 0 0 
0 0 0 0 30 17 25 18 0 0 0 0 18 14 14 29 0 0 0 0 
0 0 0 0 23 24 18 19 14 28 19 15 17 27 25 26 0 0 0 0 
0 0 0 0 13 14 10 12 0 0 0 0 0 0 0 0 0 0 0 0 
0 0 0 0 0 0 0 0 0 0 0 0 0 0 0 0 15 22 12 14 
15 22 29 13 0 0 0 0 0 0 0 0 0 0 0 0 0 0 0 0 
0 0 0 0 15 28 27 24 16 14 28 12 18 13 29 28 0 0 0 0 
0 0 0 0 11 12 10 15 28 22 15 23 24 14 16 11 0 0 0 0 
0 0 0 0 18 13 25 22 16 15 26 16 27 22 25 14 0 0 0 0 
0 0 0 0 0 0 0 0 0 0 0 0 0 0 0 0 22 19 19 22 
24 26 23 29 0 0 0 0 0 0 0 0 0 0 0 0 0 0 0 0 
0 0 0 0 24 29 15 23 13 15 11 27 30 23 13 23 0 0 0 0 
0 0 0 0 12 22 18 27 27 10 13 11 22 30 21 14 0 0 0 0 
0 0 0 0 14 25 13 11 13 29 10 29 17 20 18 16 0 0 0 0 
0 0 0 0 0 0 0 0 0 0 0 0 0 0 0 0 10 28 21 28 
30 12 23 18 0 0 0 0 0 0 0 0 0 0 0 0 0 0 0 0 
0 0 0 0 23 29 11 19 0 0 0 0 0 0 0 0 0 0 0 0 
0 0 0 0 0 0 0 0 19 19 26 17 0 0 0 0 0 0 0 0 
0 0 0 0 14 11 19 21 11 26 25 29 0 0 0 0 0 0 0 0 
0 0 0 0 0 0 0 0 0 0 0 0 0 0 0 0 15 12 23 16 
23 10 13 19 0 0 0 0 0 0 0 0 0 0 0 0 0 0 0 0 
0 0 0 0 19 12 27 26 16 21 29 29 30 27 10 16 0 0 0 0 
0 0 0 0 21 19 12 19 11 20 18 29 24 24 13 27 0 0 0 0 
0 0 0 0 0 0 0 0 10 17 27 17 18 10 10 29 0 0 0 0 
0 0 0 0 0 0 0 0 0 0 0 0 0 0 0 0 10 17 18 29 
14 19 17 26 0 0 0 0 0 0 0 0 0 0 0 0 0 0 0 0 
0 0 0 0 12 23 10 13 18 20 29 22 0 0 0 0 0 0 0 0 
0 0 0 0 15 11 28 16 0 0 0 0 0 0 0 0 0 0 0 0 
0 0 0 0 29 25 28 16 0 0 0 0 26 21 11 24 0 0 0 0 
0 0 0 0 0 0 0 0 0 0 0 0 0 0 0 0 28 29 17 13 
22 26 11 20 0 0 0 0 0 0 0 0 0 0 0 0 0 0 0 0 
0 0 0 0 0 0 0 0 0 0 0 0 29 10 24 11 0 0 0 0 
0 0 0 0 29 16 15 10 12 20 15 29 25 21 27 22 0 0 0 0 
0 0 0 0 0 0 0 0 22 16 20 23 27 18 14 17 0 0 0 0 
0 0 0 0 0 0 0 0 0 0 0 0 0 0 0 0 24 25 23 16 
15 18 12 23 0 0 0 0 0 0 0 0 0 0 0 0 0 0 0 0 
0 0 0 0 18 28 19 23 0 0 0 0 0 0 0 0 0 0 0 0 
0 0 0 0 15 10 12 11 30 24 18 12 28 21 11 16 0 0 0 0 
0 0 0 0 17 26 16 24 0 0 0 0 18 14 26 17 0 0 0 0 
0 0 0 0 0 0 0 0 0 0 0 0 0 0 0 0 13 14 20 27 
25 18 23 27 0 0 0 0 0 0 0 0 0 0 0 0 0 0 0 0 
0 0 0 0 10 27 10 17 22 24 17 13 27 30 11 10 0 0 0 0 
0 0 0 0 0 0 0 0 18 10 10 23 0 0 0 0 0 0 0 0 
0 0 0 0 0 0 0 0 0 0 0 0 24 10 12 19 0 0 0 0 
0 0 0 0 0 0 0 0 0 0 0 0 0 0 0 0 18 26 11 10 
20 28 20 19 0 0 0 0 0 0 0 0 0 0 0 0 0 0 0 0 
0 0 0 0 0 0 0 0 15 18 13 25 22 27 19 11 0 0 0 0 
0 0 0 0 25 20 21 12 25 20 14 24 22 10 27 21 0 0 0 0 
0 0 0 0 0 0 0 0 0 0 0 0 23 11 28 18 0 0 0 0 
0 0 0 0 0 0 0 0 0 0 0 0 0 0 0 0 10 30 15 13 
15 29 18 15 0 0 0 0 0 0 0 0 0 0 0 0 0 0 0 0 
0 0 0 0 0 0 0 0 27 27 20 23 26 22 14 11 0 0 0 0 
0 0 0 0 0 0 0 0 0 0 0 0 10 17 11 11 0 0 0 0 
0 0 0 0 24 19 27 19 0 0 0 0 0 0 0 0 0 0 0 0 
0 0 0 0 0 0 0 0 0 0 0 0 0 0 0 0 26 24 25 29 
25 29 10 16 0 0 0 0 0 0 0 0 0 0 0 0 0 0 0 0 
0 0 0 0 25 30 24 18 27 17 16 30 30 13 25 29 0 0 0 0 
0 0 0 0 12 28 10 17 30 14 27 21 15 26 17 21 0 0 0 0 
0 0 0 0 13 23 25 22 0 0 0 0 0 0 0 0 0 0 0 0 
0 0 0 0 0 0 0 0 0 0 0 0 0 0 0 0 20 12 29 18 
14 14 19 15 0 0 0 0 0 0 0 0 0 0 0 0 0 0 0 0 
0 0 0 0 0 0 0 0 15 10 13 16 21 22 28 16 0 0 0 0 
0 0 0 0 26 28 25 12 0 0 0 0 17 26 10 13 0 0 0 0 
0 0 0 0 25 15 13 25 10 15 25 19 12 25 18 20 0 0 0 0 
0 0 0 0 0 0 0 0 0 0 0 0 0 0 0 0 22 30 22 17 
20 21 25 12 0 0 0 0 0 0 0 0 0 0 0 0 0 0 0 0 
0 0 0 0 25 25 28 28 26 25 10 28 14 27 13 19 0 0 0 0 
0 0 0 0 0 0 0 0 12 22 26 27 0 0 0 0 0 0 0 0 
0 0 0 0 0 0 0 0 13 27 16 26 30 13 15 14 0 0 0 0 
0 0 0 0 0 0 0 0 0 0 0 0 0 0 0 0 13 26 14 11 
16 15 12 19 0 0 0 0 0 0 0 0 0 0 0 0 0 0 0 0 
0 0 0 0 14 29 16 16 20 25 17 10 17 28 22 11 0 0 0 0 
0 0 0 0 0 0 0 0 0 0 0 0 17 10 18 29 0 0 0 0 
0 0 0 0 30 16 25 25 13 26 21 27 0 0 0 0 0 0 0 0 
0 0 0 0 0 0 0 0 0 0 0 0 0 0 0 0 18 18 17 18 
25 15 14 20 0 0 0 0 0 0 0 0 0 0 0 0 0 0 0 0 
0 0 0 0 0 0 0 0 0 0 0 0 29 17 30 24 0 0 0 0 
0 0 0 0 17 12 17 23 0 0 0 0 0 0 0 0 0 0 0 0 
0 0 0 0 12 16 22 10 11 16 19 15 14 25 26 27 0 0 0 0 
0 0 0 0 0 0 0 0 0 0 0 0 0 0 0 0 23 24 30 25 
17 19 12 29 0 0 0 0 0 0 0 0 0 0 0 0 0 0 0 0 
0 0 0 0 19 22 22 23 21 11 17 19 11 20 23 16 0 0 0 0 
0 0 0 0 16 29 20 20 0 0 0 0 0 0 0 0 0 0 0 0 
0 0 0 0 0 0 0 0 13 27 10 21 21 11 14 19 0 0 0 0 
0 0 0 0 0 0 0 0 0 0 0 0 0 0 0 0 22 11 13 19 
11 18 15 23 0 0 0 0 0 0 0 0 0 0 0 0 0 0 0 0 
0 0 0 0 12 30 17 27 11 11 23 19 30 17 19 23 0 0 0 0 
0 0 0 0 23 16 15 26 22 12 20 24 26 11 12 23 0 0 0 0 
0 0 0 0 22 27 26 13 18 20 26 18 0 0 0 0 0 0 0 0 
0 0 0 0 0 0 0 0 0 0 0 0 0 0 0 0 13 12 25 30 
24 28 27 22 0 0 0 0 0 0 0 0 0 0 0 0 0 0 0 0 
0 0 0 0 29 19 15 19 11 13 20 23 19 16 10 25 0 0 0 0 
0 0 0 0 29 27 17 17 0 0 0 0 0 0 0 0 0 0 0 0 
0 0 0 0 0 0 0 0 13 29 27 23 0 0 0 0 0 0 0 0 
0 0 0 0 0 0 0 0 0 0 0 0 0 0 0 0 23 24 17 19 
22 11 14 15 0 0 0 0 0 0 0 0 0 0 0 0 0 0 0 0 
0 0 0 0 0 0 0 0 0 0 0 0 25 23 27 27 0 0 0 0 
0 0 0 0 15 10 14 18 0 0 0 0 0 0 0 0 0 0 0 0 
0 0 0 0 0 0 0 0 30 28 17 11 14 12 28 30 0 0 0 0 
0 0 0 0 0 0 0 0 0 0 0 0 0 0 0 0 18 21 12 19 
10 20 12 15 0 0 0 0 0 0 0 0 0 0 0 0 0 0 0 0 
0 0 0 0 15 30 12 28 11 14 16 14 30 26 22 19 0 0 0 0 
0 0 0 0 0 0 0 0 0 0 0 0 22 25 12 27 0 0 0 0 
0 0 0 0 0 0 0 0 0 0 0 0 14 19 24 28 0 0 0 0 
0 0 0 0 0 0 0 0 0 0 0 0 0 0 0 0 10 28 17 26 
24 11 25 11 0 0 0 0 0 0 0 0 0 0 0 0 0 0 0 0 
0 0 0 0 14 29 25 16 0 0 0 0 28 27 10 15 0 0 0 0 
0 0 0 0 28 17 22 28 0 0 0 0 20 10 11 11 0 0 0 0 
0 0 0 0 18 21 24 10 0 0 0 0 0 0 0 0 0 0 0 0 
0 0 0 0 0 0 0 0 0 0 0 0 0 0 0 0 29 30 24 21 
22 13 18 19 0 0 0 0 0 0 0 0 0 0 0 0 0 0 0 0 
0 0 0 0 26 22 19 24 22 21 19 18 23 17 25 28 0 0 0 0 
0 0 0 0 13 30 22 13 29 30 11 21 20 23 21 16 0 0 0 0 
0 0 0 0 21 29 19 29 26 29 14 22 0 0 0 0 0 0 0 0 
0 0 0 0 0 0 0 0 0 0 0 0 0 0 0 0 17 17 10 12
---------------------
 
Processing cost   (0 -- non-optional machine)
Rows: sequential for each operation of each part; Columns: correspond to machine number
10 15 11 18 0 0 0 0 0 0 0 0 0 0 0 0 0 0 0 0 
0 0 0 0 20 17 13 11 0 0 0 0 0 0 0 0 0 0 0 0 
0 0 0 0 14 11 19 10 0 0 0 0 0 0 0 0 0 0 0 0 
0 0 0 0 11 11 14 13 0 0 0 0 0 0 0 0 0 0 0 0 
0 0 0 0 0 0 0 0 0 0 0 0 0 0 0 0 12 15 12 16 
13 15 11 10 0 0 0 0 0 0 0 0 0 0 0 0 0 0 0 0 
0 0 0 0 18 19 16 13 20 20 14 18 0 0 0 0 0 0 0 0 
0 0 0 0 17 19 11 16 20 16 12 11 0 0 0 0 0 0 0 0 
0 0 0 0 17 10 20 13 16 13 17 14 16 12 11 16 0 0 0 0 
0 0 0 0 0 0 0 0 0 0 0 0 0 0 0 0 17 20 12 19 
11 17 10 19 0 0 0 0 0 0 0 0 0 0 0 0 0 0 0 0 
0 0 0 0 17 12 18 17 14 12 19 13 15 18 19 13 0 0 0 0 
0 0 0 0 0 0 0 0 0 0 0 0 12 10 11 20 0 0 0 0 
0 0 0 0 20 13 17 11 17 18 13 18 0 0 0 0 0 0 0 0 
0 0 0 0 0 0 0 0 0 0 0 0 0 0 0 0 18 13 20 15 
16 11 13 20 0 0 0 0 0 0 0 0 0 0 0 0 0 0 0 0 
0 0 0 0 13 15 20 13 19 16 20 12 0 0 0 0 0 0 0 0 
0 0 0 0 0 0 0 0 0 0 0 0 16 13 14 17 0 0 0 0 
0 0 0 0 11 19 12 11 11 15 19 15 19 15 13 16 0 0 0 0 
0 0 0 0 0 0 0 0 0 0 0 0 0 0 0 0 14 16 15 20 
18 11 11 16 0 0 0 0 0 0 0 0 0 0 0 0 0 0 0 0 
0 0 0 0 0 0 0 0 16 18 17 11 0 0 0 0 0 0 0 0 
0 0 0 0 10 15 15 15 13 10 16 12 13 13 12 13 0 0 0 0 
0 0 0 0 15 12 16 18 15 15 15 20 15 13 10 17 0 0 0 0 
0 0 0 0 0 0 0 0 0 0 0 0 0 0 0 0 19 17 13 12 
11 18 12 11 0 0 0 0 0 0 0 0 0 0 0 0 0 0 0 0 
0 0 0 0 0 0 0 0 0 0 0 0 17 12 10 10 0 0 0 0 
0 0 0 0 20 11 18 12 15 19 10 18 12 11 19 19 0 0 0 0 
0 0 0 0 0 0 0 0 19 19 14 16 17 13 16 15 0 0 0 0 
0 0 0 0 0 0 0 0 0 0 0 0 0 0 0 0 19 14 15 16 
19 11 15 11 0 0 0 0 0 0 0 0 0 0 0 0 0 0 0 0 
0 0 0 0 20 13 11 14 19 17 16 10 0 0 0 0 0 0 0 0 
0 0 0 0 0 0 0 0 0 0 0 0 18 10 13 15 0 0 0 0 
0 0 0 0 0 0 0 0 12 13 17 12 0 0 0 0 0 0 0 0 
0 0 0 0 0 0 0 0 0 0 0 0 0 0 0 0 14 17 19 19 
19 20 20 12 0 0 0 0 0 0 0 0 0 0 0 0 0 0 0 0 
0 0 0 0 0 0 0 0 15 15 14 16 0 0 0 0 0 0 0 0 
0 0 0 0 0 0 0 0 17 16 14 19 0 0 0 0 0 0 0 0 
0 0 0 0 14 18 18 11 0 0 0 0 0 0 0 0 0 0 0 0 
0 0 0 0 0 0 0 0 0 0 0 0 0 0 0 0 12 13 19 12 
11 11 18 15 0 0 0 0 0 0 0 0 0 0 0 0 0 0 0 0 
0 0 0 0 0 0 0 0 0 0 0 0 17 16 13 18 0 0 0 0 
0 0 0 0 20 17 10 16 16 11 18 15 13 12 18 11 0 0 0 0 
0 0 0 0 18 20 15 13 16 17 19 11 0 0 0 0 0 0 0 0 
0 0 0 0 0 0 0 0 0 0 0 0 0 0 0 0 17 11 16 15 
13 10 11 20 0 0 0 0 0 0 0 0 0 0 0 0 0 0 0 0 
0 0 0 0 0 0 0 0 17 20 19 18 12 17 10 18 0 0 0 0 
0 0 0 0 12 19 10 12 19 15 11 16 11 20 19 14 0 0 0 0 
0 0 0 0 10 10 20 15 0 0 0 0 0 0 0 0 0 0 0 0 
0 0 0 0 0 0 0 0 0 0 0 0 0 0 0 0 19 16 10 10 
15 13 18 13 0 0 0 0 0 0 0 0 0 0 0 0 0 0 0 0 
0 0 0 0 0 0 0 0 0 0 0 0 18 17 13 18 0 0 0 0 
0 0 0 0 11 16 13 17 17 11 17 15 10 10 14 16 0 0 0 0 
0 0 0 0 13 14 11 16 15 20 20 15 20 18 12 16 0 0 0 0 
0 0 0 0 0 0 0 0 0 0 0 0 0 0 0 0 11 13 20 14 
18 18 10 12 0 0 0 0 0 0 0 0 0 0 0 0 0 0 0 0 
0 0 0 0 0 0 0 0 0 0 0 0 12 13 16 15 0 0 0 0 
0 0 0 0 10 16 15 16 11 13 15 13 12 17 12 12 0 0 0 0 
0 0 0 0 17 20 10 19 13 14 18 17 0 0 0 0 0 0 0 0 
0 0 0 0 0 0 0 0 0 0 0 0 0 0 0 0 14 14 18 19 
15 19 13 20 0 0 0 0 0 0 0 0 0 0 0 0 0 0 0 0 
0 0 0 0 0 0 0 0 20 20 11 15 0 0 0 0 0 0 0 0 
0 0 0 0 17 16 14 16 20 12 15 15 12 16 10 17 0 0 0 0 
0 0 0 0 0 0 0 0 0 0 0 0 15 12 20 13 0 0 0 0 
0 0 0 0 0 0 0 0 0 0 0 0 0 0 0 0 12 10 13 12 
17 17 10 18 0 0 0 0 0 0 0 0 0 0 0 0 0 0 0 0 
0 0 0 0 16 17 17 15 20 18 20 17 0 0 0 0 0 0 0 0 
0 0 0 0 18 13 16 11 0 0 0 0 11 14 11 10 0 0 0 0 
0 0 0 0 0 0 0 0 11 18 11 15 13 14 16 20 0 0 0 0 
0 0 0 0 0 0 0 0 0 0 0 0 0 0 0 0 15 11 19 15 
17 16 16 15 0 0 0 0 0 0 0 0 0 0 0 0 0 0 0 0 
0 0 0 0 12 12 18 12 13 11 17 19 14 18 20 14 0 0 0 0 
0 0 0 0 18 18 11 11 18 16 19 11 20 14 14 10 0 0 0 0 
0 0 0 0 12 13 16 15 13 15 19 20 0 0 0 0 0 0 0 0 
0 0 0 0 0 0 0 0 0 0 0 0 0 0 0 0 14 12 12 17 
16 16 15 15 0 0 0 0 0 0 0 0 0 0 0 0 0 0 0 0 
0 0 0 0 0 0 0 0 15 11 20 18 0 0 0 0 0 0 0 0 
0 0 0 0 18 20 19 13 12 12 19 12 0 0 0 0 0 0 0 0 
0 0 0 0 0 0 0 0 18 10 15 14 0 0 0 0 0 0 0 0 
0 0 0 0 0 0 0 0 0 0 0 0 0 0 0 0 18 16 16 20 
19 20 12 20 0 0 0 0 0 0 0 0 0 0 0 0 0 0 0 0 
0 0 0 0 13 20 17 12 0 0 0 0 0 0 0 0 0 0 0 0 
0 0 0 0 14 20 11 19 12 13 17 10 12 20 10 18 0 0 0 0 
0 0 0 0 0 0 0 0 14 17 14 13 0 0 0 0 0 0 0 0 
0 0 0 0 0 0 0 0 0 0 0 0 0 0 0 0 16 10 19 19 
15 11 14 16 0 0 0 0 0 0 0 0 0 0 0 0 0 0 0 0 
0 0 0 0 19 17 13 20 0 0 0 0 20 20 16 11 0 0 0 0 
0 0 0 0 0 0 0 0 13 16 15 19 0 0 0 0 0 0 0 0 
0 0 0 0 18 12 12 10 0 0 0 0 15 13 18 16 0 0 0 0 
0 0 0 0 0 0 0 0 0 0 0 0 0 0 0 0 16 15 20 10 
10 14 18 19 0 0 0 0 0 0 0 0 0 0 0 0 0 0 0 0 
0 0 0 0 17 19 18 12 0 0 0 0 0 0 0 0 0 0 0 0 
0 0 0 0 0 0 0 0 19 18 13 16 0 0 0 0 0 0 0 0 
0 0 0 0 0 0 0 0 13 14 12 14 0 0 0 0 0 0 0 0 
0 0 0 0 0 0 0 0 0 0 0 0 0 0 0 0 17 11 19 20 
17 15 15 19 0 0 0 0 0 0 0 0 0 0 0 0 0 0 0 0 
0 0 0 0 0 0 0 0 19 10 13 16 0 0 0 0 0 0 0 0 
0 0 0 0 20 15 17 12 0 0 0 0 0 0 0 0 0 0 0 0 
0 0 0 0 11 11 12 20 0 0 0 0 0 0 0 0 0 0 0 0 
0 0 0 0 0 0 0 0 0 0 0 0 0 0 0 0 10 12 20 14 
10 12 10 11 0 0 0 0 0 0 0 0 0 0 0 0 0 0 0 0 
0 0 0 0 15 12 19 15 13 16 18 11 15 12 20 12 0 0 0 0 
0 0 0 0 16 20 16 11 16 10 13 11 20 17 17 15 0 0 0 0 
0 0 0 0 18 14 18 18 17 15 18 14 17 19 18 12 0 0 0 0 
0 0 0 0 0 0 0 0 0 0 0 0 0 0 0 0 19 19 17 12 
15 19 20 13 0 0 0 0 0 0 0 0 0 0 0 0 0 0 0 0 
0 0 0 0 20 20 11 12 11 15 11 14 16 11 13 20 0 0 0 0 
0 0 0 0 0 0 0 0 20 20 15 13 0 0 0 0 0 0 0 0 
0 0 0 0 11 10 20 10 20 18 17 15 18 20 17 13 0 0 0 0 
0 0 0 0 0 0 0 0 0 0 0 0 0 0 0 0 10 18 15 17 
16 12 13 12 0 0 0 0 0 0 0 0 0 0 0 0 0 0 0 0 
0 0 0 0 0 0 0 0 18 18 14 12 0 0 0 0 0 0 0 0 
0 0 0 0 0 0 0 0 0 0 0 0 12 20 16 14 0 0 0 0 
0 0 0 0 13 19 20 11 15 13 18 11 0 0 0 0 0 0 0 0 
0 0 0 0 0 0 0 0 0 0 0 0 0 0 0 0 10 10 14 19 
12 11 19 20 0 0 0 0 0 0 0 0 0 0 0 0 0 0 0 0 
0 0 0 0 11 19 19 10 0 0 0 0 0 0 0 0 0 0 0 0 
0 0 0 0 16 15 16 19 19 17 11 11 16 11 11 20 0 0 0 0 
0 0 0 0 19 18 17 13 12 13 19 12 16 18 13 14 0 0 0 0 
0 0 0 0 0 0 0 0 0 0 0 0 0 0 0 0 12 12 20 18 
15 12 16 19 0 0 0 0 0 0 0 0 0 0 0 0 0 0 0 0 
0 0 0 0 12 20 16 19 0 0 0 0 16 19 12 11 0 0 0 0 
0 0 0 0 19 13 14 16 12 11 10 10 0 0 0 0 0 0 0 0 
0 0 0 0 17 15 18 17 14 16 18 14 11 20 15 18 0 0 0 0 
0 0 0 0 0 0 0 0 0 0 0 0 0 0 0 0 10 18 11 15 
20 17 18 17 0 0 0 0 0 0 0 0 0 0 0 0 0 0 0 0 
0 0 0 0 12 12 10 19 0 0 0 0 0 0 0 0 0 0 0 0 
0 0 0 0 0 0 0 0 18 12 13 18 20 13 19 17 0 0 0 0 
0 0 0 0 13 12 15 12 18 18 17 20 13 19 13 18 0 0 0 0 
0 0 0 0 0 0 0 0 0 0 0 0 0 0 0 0 17 11 17 19 
20 14 13 14 0 0 0 0 0 0 0 0 0 0 0 0 0 0 0 0 
0 0 0 0 17 16 20 11 0 0 0 0 0 0 0 0 0 0 0 0 
0 0 0 0 0 0 0 0 12 12 19 17 17 13 14 12 0 0 0 0 
0 0 0 0 20 19 12 14 11 18 14 14 10 17 20 17 0 0 0 0 
0 0 0 0 0 0 0 0 0 0 0 0 0 0 0 0 10 16 11 14 
13 10 15 11 0 0 0 0 0 0 0 0 0 0 0 0 0 0 0 0 
0 0 0 0 12 19 10 10 0 0 0 0 13 10 17 15 0 0 0 0 
0 0 0 0 17 13 18 14 15 16 15 15 14 17 16 17 0 0 0 0 
0 0 0 0 19 14 20 11 0 0 0 0 0 0 0 0 0 0 0 0 
0 0 0 0 0 0 0 0 0 0 0 0 0 0 0 0 14 19 14 19 
17 10 12 17 0 0 0 0 0 0 0 0 0 0 0 0 0 0 0 0 
0 0 0 0 19 12 12 19 12 18 19 16 17 19 11 15 0 0 0 0 
0 0 0 0 17 12 17 15 16 19 20 10 18 16 20 14 0 0 0 0 
0 0 0 0 17 12 12 12 19 10 14 19 16 20 15 14 0 0 0 0 
0 0 0 0 0 0 0 0 0 0 0 0 0 0 0 0 19 20 18 10 
17 14 10 18 0 0 0 0 0 0 0 0 0 0 0 0 0 0 0 0 
0 0 0 0 18 10 16 16 18 18 19 14 12 13 14 18 0 0 0 0 
0 0 0 0 19 11 17 16 18 13 16 16 17 11 17 18 0 0 0 0 
0 0 0 0 10 17 20 20 11 17 11 13 10 20 16 17 0 0 0 0 
0 0 0 0 0 0 0 0 0 0 0 0 0 0 0 0 14 12 10 12 
19 12 11 17 0 0 0 0 0 0 0 0 0 0 0 0 0 0 0 0 
0 0 0 0 14 16 14 18 0 0 0 0 0 0 0 0 0 0 0 0 
0 0 0 0 0 0 0 0 14 18 17 12 0 0 0 0 0 0 0 0 
0 0 0 0 16 18 11 10 15 10 15 13 0 0 0 0 0 0 0 0 
0 0 0 0 0 0 0 0 0 0 0 0 0 0 0 0 16 15 19 14 
16 19 20 16 0 0 0 0 0 0 0 0 0 0 0 0 0 0 0 0 
0 0 0 0 12 14 18 20 15 19 14 11 12 14 18 10 0 0 0 0 
0 0 0 0 19 14 18 12 17 18 14 12 20 13 11 16 0 0 0 0 
0 0 0 0 0 0 0 0 16 15 10 15 11 11 15 19 0 0 0 0 
0 0 0 0 0 0 0 0 0 0 0 0 0 0 0 0 13 13 12 11 
14 16 15 16 0 0 0 0 0 0 0 0 0 0 0 0 0 0 0 0 
0 0 0 0 10 11 20 16 12 11 16 13 0 0 0 0 0 0 0 0 
0 0 0 0 15 13 14 13 0 0 0 0 0 0 0 0 0 0 0 0 
0 0 0 0 11 20 18 20 0 0 0 0 14 14 17 18 0 0 0 0 
0 0 0 0 0 0 0 0 0 0 0 0 0 0 0 0 18 12 15 16 
10 16 16 14 0 0 0 0 0 0 0 0 0 0 0 0 0 0 0 0 
0 0 0 0 0 0 0 0 0 0 0 0 15 11 10 10 0 0 0 0 
0 0 0 0 14 16 11 11 15 11 11 18 19 11 19 14 0 0 0 0 
0 0 0 0 0 0 0 0 13 12 13 18 14 15 14 19 0 0 0 0 
0 0 0 0 0 0 0 0 0 0 0 0 0 0 0 0 14 14 18 18 
11 12 10 12 0 0 0 0 0 0 0 0 0 0 0 0 0 0 0 0 
0 0 0 0 12 14 17 11 0 0 0 0 0 0 0 0 0 0 0 0 
0 0 0 0 11 10 16 12 12 17 16 13 10 14 17 13 0 0 0 0 
0 0 0 0 17 17 11 10 0 0 0 0 17 17 17 16 0 0 0 0 
0 0 0 0 0 0 0 0 0 0 0 0 0 0 0 0 15 12 18 17 
18 10 20 10 0 0 0 0 0 0 0 0 0 0 0 0 0 0 0 0 
0 0 0 0 10 18 16 12 20 13 20 20 16 17 15 11 0 0 0 0 
0 0 0 0 0 0 0 0 11 12 12 13 0 0 0 0 0 0 0 0 
0 0 0 0 0 0 0 0 0 0 0 0 20 18 17 15 0 0 0 0 
0 0 0 0 0 0 0 0 0 0 0 0 0 0 0 0 15 19 20 13 
15 18 10 14 0 0 0 0 0 0 0 0 0 0 0 0 0 0 0 0 
0 0 0 0 0 0 0 0 13 15 13 18 14 19 19 14 0 0 0 0 
0 0 0 0 15 16 18 19 20 20 13 15 11 14 19 15 0 0 0 0 
0 0 0 0 0 0 0 0 0 0 0 0 19 20 16 11 0 0 0 0 
0 0 0 0 0 0 0 0 0 0 0 0 0 0 0 0 18 18 15 12 
13 12 14 18 0 0 0 0 0 0 0 0 0 0 0 0 0 0 0 0 
0 0 0 0 0 0 0 0 16 15 13 12 11 20 11 12 0 0 0 0 
0 0 0 0 0 0 0 0 0 0 0 0 17 18 12 19 0 0 0 0 
0 0 0 0 20 14 20 10 0 0 0 0 0 0 0 0 0 0 0 0 
0 0 0 0 0 0 0 0 0 0 0 0 0 0 0 0 20 17 20 14 
15 15 13 16 0 0 0 0 0 0 0 0 0 0 0 0 0 0 0 0 
0 0 0 0 13 19 15 19 13 10 11 19 15 19 12 15 0 0 0 0 
0 0 0 0 10 12 14 12 17 11 12 14 13 15 16 20 0 0 0 0 
0 0 0 0 15 13 14 14 0 0 0 0 0 0 0 0 0 0 0 0 
0 0 0 0 0 0 0 0 0 0 0 0 0 0 0 0 20 14 14 16 
18 10 17 12 0 0 0 0 0 0 0 0 0 0 0 0 0 0 0 0 
0 0 0 0 0 0 0 0 13 18 10 19 14 19 11 12 0 0 0 0 
0 0 0 0 18 17 20 13 0 0 0 0 13 16 13 15 0 0 0 0 
0 0 0 0 20 11 20 14 19 11 11 19 15 15 18 15 0 0 0 0 
0 0 0 0 0 0 0 0 0 0 0 0 0 0 0 0 19 10 11 15 
14 11 18 11 0 0 0 0 0 0 0 0 0 0 0 0 0 0 0 0 
0 0 0 0 15 11 16 13 19 16 10 16 13 18 16 16 0 0 0 0 
0 0 0 0 0 0 0 0 10 17 11 11 0 0 0 0 0 0 0 0 
0 0 0 0 0 0 0 0 12 17 15 15 13 19 16 16 0 0 0 0 
0 0 0 0 0 0 0 0 0 0 0 0 0 0 0 0 20 14 20 12 
17 20 13 12 0 0 0 0 0 0 0 0 0 0 0 0 0 0 0 0 
0 0 0 0 18 18 11 14 19 17 17 11 20 20 20 11 0 0 0 0 
0 0 0 0 0 0 0 0 0 0 0 0 10 18 13 10 0 0 0 0 
0 0 0 0 12 18 10 16 20 18 19 20 0 0 0 0 0 0 0 0 
0 0 0 0 0 0 0 0 0 0 0 0 0 0 0 0 15 13 15 11 
15 19 13 11 0 0 0 0 0 0 0 0 0 0 0 0 0 0 0 0 
0 0 0 0 0 0 0 0 0 0 0 0 19 11 20 20 0 0 0 0 
0 0 0 0 18 12 13 20 0 0 0 0 0 0 0 0 0 0 0 0 
0 0 0 0 16 17 16 15 18 18 15 12 13 10 14 17 0 0 0 0 
0 0 0 0 0 0 0 0 0 0 0 0 0 0 0 0 17 12 12 10 
11 13 10 15 0 0 0 0 0 0 0 0 0 0 0 0 0 0 0 0 
0 0 0 0 15 18 15 15 20 19 20 10 19 12 18 10 0 0 0 0 
0 0 0 0 11 17 20 15 0 0 0 0 0 0 0 0 0 0 0 0 
0 0 0 0 0 0 0 0 16 19 17 18 14 15 18 19 0 0 0 0 
0 0 0 0 0 0 0 0 0 0 0 0 0 0 0 0 17 16 12 14 
10 20 18 14 0 0 0 0 0 0 0 0 0 0 0 0 0 0 0 0 
0 0 0 0 20 17 20 17 12 18 17 15 18 15 10 12 0 0 0 0 
0 0 0 0 16 10 17 20 20 19 10 18 13 10 17 12 0 0 0 0 
0 0 0 0 17 18 13 14 14 14 13 12 0 0 0 0 0 0 0 0 
0 0 0 0 0 0 0 0 0 0 0 0 0 0 0 0 12 18 19 18 
11 19 18 19 0 0 0 0 0 0 0 0 0 0 0 0 0 0 0 0 
0 0 0 0 11 13 15 18 19 14 14 10 20 16 18 17 0 0 0 0 
0 0 0 0 10 14 20 10 0 0 0 0 0 0 0 0 0 0 0 0 
0 0 0 0 0 0 0 0 12 17 16 16 0 0 0 0 0 0 0 0 
0 0 0 0 0 0 0 0 0 0 0 0 0 0 0 0 14 12 14 16 
14 17 12 19 0 0 0 0 0 0 0 0 0 0 0 0 0 0 0 0 
0 0 0 0 0 0 0 0 0 0 0 0 15 19 17 15 0 0 0 0 
0 0 0 0 18 16 20 19 0 0 0 0 0 0 0 0 0 0 0 0 
0 0 0 0 0 0 0 0 13 12 13 17 16 17 11 19 0 0 0 0 
0 0 0 0 0 0 0 0 0 0 0 0 0 0 0 0 17 19 12 12 
10 12 15 10 0 0 0 0 0 0 0 0 0 0 0 0 0 0 0 0 
0 0 0 0 18 12 12 15 14 11 15 12 10 20 14 18 0 0 0 0 
0 0 0 0 0 0 0 0 0 0 0 0 10 15 16 12 0 0 0 0 
0 0 0 0 0 0 0 0 0 0 0 0 16 17 19 10 0 0 0 0 
0 0 0 0 0 0 0 0 0 0 0 0 0 0 0 0 17 15 20 20 
13 10 20 15 0 0 0 0 0 0 0 0 0 0 0 0 0 0 0 0 
0 0 0 0 19 19 13 16 0 0 0 0 20 16 17 19 0 0 0 0 
0 0 0 0 18 20 12 20 0 0 0 0 11 20 14 17 0 0 0 0 
0 0 0 0 19 12 11 11 0 0 0 0 0 0 0 0 0 0 0 0 
0 0 0 0 0 0 0 0 0 0 0 0 0 0 0 0 19 12 17 15 
12 11 11 13 0 0 0 0 0 0 0 0 0 0 0 0 0 0 0 0 
0 0 0 0 17 20 13 20 19 13 11 17 10 19 17 20 0 0 0 0 
0 0 0 0 18 16 11 18 16 13 18 13 12 11 12 13 0 0 0 0 
0 0 0 0 13 20 14 17 16 20 20 16 0 0 0 0 0 0 0 0 
0 0 0 0 0 0 0 0 0 0 0 0 0 0 0 0 14 17 10 18
---------------------
 
Distance between cells
Rows and Columns: correspond to cell number
0 266 85 80 108 199 187 325 
266 0 463 76 188 442 242 205 
85 463 0 388 317 105 133 157 
80 76 388 0 293 128 196 449 
108 188 317 293 0 380 282 460 
199 442 105 128 380 0 154 333 
187 242 133 196 282 154 0 258 
325 205 157 449 460 333 258 0
---------------------
 
Distribution of machines in cells   (1 -- if machine m is distributed in cell u;0 -- else) 
Rows: correspond to cell number; Columns: correspond to machine number
1 0 0 0 0 0 0 0 0 0 0 0 0 1 0 0 1 0 0 0 
0 0 0 0 0 0 0 0 1 0 0 1 0 0 0 0 0 0 0 0 
0 0 0 0 1 0 0 0 0 0 0 0 0 0 0 1 0 0 0 0 
0 1 0 0 0 1 0 0 0 0 0 0 0 0 0 0 0 1 0 0 
0 0 0 0 0 0 0 0 0 0 1 0 0 0 1 0 0 0 0 0 
0 0 0 0 0 0 0 1 0 1 0 0 0 0 0 0 0 0 0 1 
0 0 0 1 0 0 0 0 0 0 0 0 1 0 0 0 0 0 0 0 
0 0 1 0 0 0 1 0 0 0 0 0 0 0 0 0 0 0 1 0
---------------------
 
