Adaption from Behnke33

Number of operations for each part
5 5 5 5 5 5 5 5 5 5 5 5 5 5 5 5 5 5 5 5 5 5 5 5 5 5 5 5 5 5 5 5 5 5 5 5 5 5 5 5 5 5 5 5 5 5 5 5 5 5
---------------------
 
Processing time   (0 -- non-optional machine)
Rows: sequential for each operation of each part; Columns: correspond to machine number
14 10 20 30 0 0 0 0 0 0 0 0 0 0 0 0 0 0 0 0 0 0 0 0 0 0 0 0 0 0 0 0 0 0 0 0 0 0 0 0 
0 0 0 0 0 0 0 0 30 30 12 30 28 27 19 12 26 10 19 26 0 0 0 0 13 24 27 13 29 21 10 20 14 12 27 12 0 0 0 0 
0 0 0 0 17 25 20 21 14 13 12 27 26 22 30 24 0 0 0 0 11 12 11 15 0 0 0 0 0 0 0 0 0 0 0 0 0 0 0 0 
0 0 0 0 0 0 0 0 0 0 0 0 0 0 0 0 0 0 0 0 0 0 0 0 0 0 0 0 0 0 0 0 19 17 18 21 0 0 0 0 
0 0 0 0 0 0 0 0 0 0 0 0 0 0 0 0 0 0 0 0 0 0 0 0 0 0 0 0 0 0 0 0 0 0 0 0 14 26 26 19 
29 15 12 11 0 0 0 0 0 0 0 0 0 0 0 0 0 0 0 0 0 0 0 0 0 0 0 0 0 0 0 0 0 0 0 0 0 0 0 0 
0 0 0 0 0 0 0 0 18 21 18 29 0 0 0 0 11 25 27 13 25 29 28 17 0 0 0 0 0 0 0 0 0 0 0 0 0 0 0 0 
0 0 0 0 0 0 0 0 0 0 0 0 0 0 0 0 0 0 0 0 0 0 0 0 0 0 0 0 17 20 21 19 0 0 0 0 0 0 0 0 
0 0 0 0 0 0 0 0 0 0 0 0 0 0 0 0 0 0 0 0 15 19 11 26 14 28 26 22 0 0 0 0 0 0 0 0 0 0 0 0 
0 0 0 0 0 0 0 0 0 0 0 0 0 0 0 0 0 0 0 0 0 0 0 0 0 0 0 0 0 0 0 0 0 0 0 0 19 29 21 26 
16 23 19 27 0 0 0 0 0 0 0 0 0 0 0 0 0 0 0 0 0 0 0 0 0 0 0 0 0 0 0 0 0 0 0 0 0 0 0 0 
0 0 0 0 30 24 29 21 26 26 16 23 20 15 21 14 19 20 11 23 16 25 22 10 26 28 13 10 10 14 15 26 15 30 18 26 0 0 0 0 
0 0 0 0 0 0 0 0 0 0 0 0 0 0 0 0 14 23 27 15 13 29 29 18 0 0 0 0 0 0 0 0 24 29 24 21 0 0 0 0 
0 0 0 0 0 0 0 0 27 12 24 10 0 0 0 0 21 19 20 16 0 0 0 0 0 0 0 0 24 25 25 27 0 0 0 0 0 0 0 0 
0 0 0 0 0 0 0 0 0 0 0 0 0 0 0 0 0 0 0 0 0 0 0 0 0 0 0 0 0 0 0 0 0 0 0 0 20 20 23 23 
18 26 30 24 0 0 0 0 0 0 0 0 0 0 0 0 0 0 0 0 0 0 0 0 0 0 0 0 0 0 0 0 0 0 0 0 0 0 0 0 
0 0 0 0 30 11 20 13 14 18 21 11 0 0 0 0 0 0 0 0 19 12 21 11 0 0 0 0 15 15 23 12 30 10 15 19 0 0 0 0 
0 0 0 0 26 14 10 15 0 0 0 0 0 0 0 0 29 19 10 28 16 30 20 15 0 0 0 0 0 0 0 0 0 0 0 0 0 0 0 0 
0 0 0 0 22 29 17 14 22 10 13 29 17 21 23 18 18 16 27 22 15 11 23 28 0 0 0 0 0 0 0 0 23 15 12 19 0 0 0 0 
0 0 0 0 0 0 0 0 0 0 0 0 0 0 0 0 0 0 0 0 0 0 0 0 0 0 0 0 0 0 0 0 0 0 0 0 27 29 14 28 
21 11 30 15 0 0 0 0 0 0 0 0 0 0 0 0 0 0 0 0 0 0 0 0 0 0 0 0 0 0 0 0 0 0 0 0 0 0 0 0 
0 0 0 0 0 0 0 0 0 0 0 0 0 0 0 0 27 13 10 24 15 26 24 20 0 0 0 0 0 0 0 0 0 0 0 0 0 0 0 0 
0 0 0 0 0 0 0 0 0 0 0 0 0 0 0 0 0 0 0 0 0 0 0 0 0 0 0 0 17 25 10 15 0 0 0 0 0 0 0 0 
0 0 0 0 0 0 0 0 0 0 0 0 0 0 0 0 0 0 0 0 0 0 0 0 0 0 0 0 0 0 0 0 21 30 12 24 0 0 0 0 
0 0 0 0 0 0 0 0 0 0 0 0 0 0 0 0 0 0 0 0 0 0 0 0 0 0 0 0 0 0 0 0 0 0 0 0 23 11 15 17 
16 10 20 12 0 0 0 0 0 0 0 0 0 0 0 0 0 0 0 0 0 0 0 0 0 0 0 0 0 0 0 0 0 0 0 0 0 0 0 0 
0 0 0 0 24 25 27 11 0 0 0 0 0 0 0 0 0 0 0 0 0 0 0 0 0 0 0 0 0 0 0 0 0 0 0 0 0 0 0 0 
0 0 0 0 11 16 21 20 14 20 19 10 28 17 17 22 28 22 10 27 14 13 26 10 0 0 0 0 0 0 0 0 27 17 17 14 0 0 0 0 
0 0 0 0 0 0 0 0 0 0 0 0 0 0 0 0 0 0 0 0 0 0 0 0 18 15 23 14 26 15 23 14 0 0 0 0 0 0 0 0 
0 0 0 0 0 0 0 0 0 0 0 0 0 0 0 0 0 0 0 0 0 0 0 0 0 0 0 0 0 0 0 0 0 0 0 0 13 21 14 17 
10 12 12 28 0 0 0 0 0 0 0 0 0 0 0 0 0 0 0 0 0 0 0 0 0 0 0 0 0 0 0 0 0 0 0 0 0 0 0 0 
0 0 0 0 30 19 27 19 11 22 29 27 12 10 10 30 14 11 14 27 21 23 19 30 22 26 21 19 19 15 29 20 17 16 13 19 0 0 0 0 
0 0 0 0 0 0 0 0 20 22 25 22 19 15 20 23 0 0 0 0 22 26 19 18 28 22 29 30 0 0 0 0 14 12 17 16 0 0 0 0 
0 0 0 0 0 0 0 0 26 18 23 16 27 21 25 23 26 11 18 25 0 0 0 0 0 0 0 0 0 0 0 0 19 25 17 24 0 0 0 0 
0 0 0 0 0 0 0 0 0 0 0 0 0 0 0 0 0 0 0 0 0 0 0 0 0 0 0 0 0 0 0 0 0 0 0 0 21 23 30 20 
22 19 26 10 0 0 0 0 0 0 0 0 0 0 0 0 0 0 0 0 0 0 0 0 0 0 0 0 0 0 0 0 0 0 0 0 0 0 0 0 
0 0 0 0 27 23 17 19 21 17 14 21 21 29 18 20 25 19 12 22 16 20 10 27 21 13 21 12 16 16 26 25 19 11 14 20 0 0 0 0 
0 0 0 0 0 0 0 0 22 27 29 11 19 27 18 20 0 0 0 0 0 0 0 0 0 0 0 0 18 24 22 22 0 0 0 0 0 0 0 0 
0 0 0 0 0 0 0 0 0 0 0 0 0 0 0 0 0 0 0 0 0 0 0 0 15 13 24 10 11 22 16 14 0 0 0 0 0 0 0 0 
0 0 0 0 0 0 0 0 0 0 0 0 0 0 0 0 0 0 0 0 0 0 0 0 0 0 0 0 0 0 0 0 0 0 0 0 14 16 25 13 
28 15 17 13 0 0 0 0 0 0 0 0 0 0 0 0 0 0 0 0 0 0 0 0 0 0 0 0 0 0 0 0 0 0 0 0 0 0 0 0 
0 0 0 0 0 0 0 0 0 0 0 0 27 30 27 19 17 21 14 14 0 0 0 0 0 0 0 0 0 0 0 0 0 0 0 0 0 0 0 0 
0 0 0 0 14 29 12 17 0 0 0 0 21 28 29 19 28 12 26 22 0 0 0 0 15 27 30 27 27 24 12 25 17 14 12 25 0 0 0 0 
0 0 0 0 0 0 0 0 0 0 0 0 0 0 0 0 10 16 11 29 13 13 21 14 16 22 11 28 0 0 0 0 0 0 0 0 0 0 0 0 
0 0 0 0 0 0 0 0 0 0 0 0 0 0 0 0 0 0 0 0 0 0 0 0 0 0 0 0 0 0 0 0 0 0 0 0 12 11 14 19 
19 11 16 12 0 0 0 0 0 0 0 0 0 0 0 0 0 0 0 0 0 0 0 0 0 0 0 0 0 0 0 0 0 0 0 0 0 0 0 0 
0 0 0 0 11 27 15 20 18 17 28 10 18 19 23 13 0 0 0 0 21 28 16 25 16 14 17 17 0 0 0 0 10 20 16 16 0 0 0 0 
0 0 0 0 12 17 27 24 18 19 19 22 0 0 0 0 29 11 15 24 19 11 23 14 13 16 17 23 22 18 25 16 24 10 13 28 0 0 0 0 
0 0 0 0 18 12 28 26 0 0 0 0 27 22 19 18 0 0 0 0 14 26 13 24 0 0 0 0 0 0 0 0 16 22 16 23 0 0 0 0 
0 0 0 0 0 0 0 0 0 0 0 0 0 0 0 0 0 0 0 0 0 0 0 0 0 0 0 0 0 0 0 0 0 0 0 0 12 18 10 21 
15 16 13 16 0 0 0 0 0 0 0 0 0 0 0 0 0 0 0 0 0 0 0 0 0 0 0 0 0 0 0 0 0 0 0 0 0 0 0 0 
0 0 0 0 17 11 12 29 0 0 0 0 22 19 22 13 0 0 0 0 0 0 0 0 14 15 23 20 0 0 0 0 0 0 0 0 0 0 0 0 
0 0 0 0 27 18 23 28 0 0 0 0 0 0 0 0 0 0 0 0 15 11 18 11 0 0 0 0 24 18 11 20 23 21 28 23 0 0 0 0 
0 0 0 0 0 0 0 0 0 0 0 0 0 0 0 0 0 0 0 0 0 0 0 0 0 0 0 0 15 22 25 15 0 0 0 0 0 0 0 0 
0 0 0 0 0 0 0 0 0 0 0 0 0 0 0 0 0 0 0 0 0 0 0 0 0 0 0 0 0 0 0 0 0 0 0 0 25 21 22 22 
18 14 15 29 0 0 0 0 0 0 0 0 0 0 0 0 0 0 0 0 0 0 0 0 0 0 0 0 0 0 0 0 0 0 0 0 0 0 0 0 
0 0 0 0 14 17 29 22 22 23 11 15 0 0 0 0 0 0 0 0 29 17 20 22 26 24 19 15 0 0 0 0 29 30 15 12 0 0 0 0 
0 0 0 0 26 21 28 14 24 12 27 20 21 13 12 28 14 13 24 16 25 14 22 15 11 19 13 27 22 29 11 20 0 0 0 0 0 0 0 0 
0 0 0 0 0 0 0 0 30 14 11 26 0 0 0 0 28 11 25 29 0 0 0 0 29 11 25 12 18 16 14 24 0 0 0 0 0 0 0 0 
0 0 0 0 0 0 0 0 0 0 0 0 0 0 0 0 0 0 0 0 0 0 0 0 0 0 0 0 0 0 0 0 0 0 0 0 29 15 10 29 
16 14 10 16 0 0 0 0 0 0 0 0 0 0 0 0 0 0 0 0 0 0 0 0 0 0 0 0 0 0 0 0 0 0 0 0 0 0 0 0 
0 0 0 0 19 12 21 25 0 0 0 0 19 29 10 22 0 0 0 0 0 0 0 0 0 0 0 0 0 0 0 0 0 0 0 0 0 0 0 0 
0 0 0 0 17 11 23 18 14 29 18 11 30 18 18 16 0 0 0 0 0 0 0 0 20 19 22 28 0 0 0 0 0 0 0 0 0 0 0 0 
0 0 0 0 0 0 0 0 0 0 0 0 20 10 29 26 0 0 0 0 28 20 18 12 0 0 0 0 0 0 0 0 0 0 0 0 0 0 0 0 
0 0 0 0 0 0 0 0 0 0 0 0 0 0 0 0 0 0 0 0 0 0 0 0 0 0 0 0 0 0 0 0 0 0 0 0 22 18 19 13 
12 30 12 13 0 0 0 0 0 0 0 0 0 0 0 0 0 0 0 0 0 0 0 0 0 0 0 0 0 0 0 0 0 0 0 0 0 0 0 0 
0 0 0 0 14 22 19 18 0 0 0 0 27 19 20 14 23 13 27 21 22 26 10 15 0 0 0 0 0 0 0 0 0 0 0 0 0 0 0 0 
0 0 0 0 0 0 0 0 0 0 0 0 0 0 0 0 27 22 25 12 0 0 0 0 0 0 0 0 0 0 0 0 0 0 0 0 0 0 0 0 
0 0 0 0 23 11 19 16 28 12 18 16 19 12 28 19 0 0 0 0 0 0 0 0 17 23 30 11 16 28 19 24 24 23 30 21 0 0 0 0 
0 0 0 0 0 0 0 0 0 0 0 0 0 0 0 0 0 0 0 0 0 0 0 0 0 0 0 0 0 0 0 0 0 0 0 0 17 11 23 19 
11 18 20 25 0 0 0 0 0 0 0 0 0 0 0 0 0 0 0 0 0 0 0 0 0 0 0 0 0 0 0 0 0 0 0 0 0 0 0 0 
0 0 0 0 0 0 0 0 29 22 15 14 22 19 22 25 0 0 0 0 0 0 0 0 0 0 0 0 0 0 0 0 0 0 0 0 0 0 0 0 
0 0 0 0 23 16 16 20 19 25 20 27 26 11 26 15 20 19 19 21 24 13 15 29 11 10 15 28 25 18 15 23 22 21 28 28 0 0 0 0 
0 0 0 0 18 13 30 28 22 12 22 24 23 19 27 27 16 30 20 11 29 24 16 23 28 22 17 14 0 0 0 0 22 12 23 21 0 0 0 0 
0 0 0 0 0 0 0 0 0 0 0 0 0 0 0 0 0 0 0 0 0 0 0 0 0 0 0 0 0 0 0 0 0 0 0 0 16 26 12 30 
27 19 15 14 0 0 0 0 0 0 0 0 0 0 0 0 0 0 0 0 0 0 0 0 0 0 0 0 0 0 0 0 0 0 0 0 0 0 0 0 
0 0 0 0 0 0 0 0 14 17 15 27 0 0 0 0 0 0 0 0 0 0 0 0 23 22 28 27 0 0 0 0 0 0 0 0 0 0 0 0 
0 0 0 0 0 0 0 0 0 0 0 0 20 30 16 29 0 0 0 0 0 0 0 0 0 0 0 0 0 0 0 0 0 0 0 0 0 0 0 0 
0 0 0 0 0 0 0 0 0 0 0 0 0 0 0 0 25 15 14 13 22 13 14 28 0 0 0 0 13 28 20 23 0 0 0 0 0 0 0 0 
0 0 0 0 0 0 0 0 0 0 0 0 0 0 0 0 0 0 0 0 0 0 0 0 0 0 0 0 0 0 0 0 0 0 0 0 18 29 16 30 
26 12 24 10 0 0 0 0 0 0 0 0 0 0 0 0 0 0 0 0 0 0 0 0 0 0 0 0 0 0 0 0 0 0 0 0 0 0 0 0 
0 0 0 0 0 0 0 0 16 24 29 26 23 14 13 12 0 0 0 0 25 26 15 26 12 21 18 16 18 13 16 14 0 0 0 0 0 0 0 0 
0 0 0 0 23 22 22 11 19 16 19 29 11 12 29 26 22 29 16 14 14 16 14 26 30 26 20 22 17 22 19 14 19 30 10 11 0 0 0 0 
0 0 0 0 22 26 18 15 0 0 0 0 0 0 0 0 10 29 11 19 20 23 22 11 11 24 18 30 17 29 22 27 0 0 0 0 0 0 0 0 
0 0 0 0 0 0 0 0 0 0 0 0 0 0 0 0 0 0 0 0 0 0 0 0 0 0 0 0 0 0 0 0 0 0 0 0 23 14 11 27 
28 21 24 29 0 0 0 0 0 0 0 0 0 0 0 0 0 0 0 0 0 0 0 0 0 0 0 0 0 0 0 0 0 0 0 0 0 0 0 0 
0 0 0 0 0 0 0 0 0 0 0 0 0 0 0 0 0 0 0 0 14 18 23 23 29 20 13 15 0 0 0 0 0 0 0 0 0 0 0 0 
0 0 0 0 24 26 24 29 21 13 27 10 20 10 16 16 30 24 16 24 10 12 18 23 23 23 27 20 18 23 10 16 25 17 16 18 0 0 0 0 
0 0 0 0 0 0 0 0 0 0 0 0 0 0 0 0 14 27 20 23 22 20 21 25 23 19 10 30 10 28 17 15 0 0 0 0 0 0 0 0 
0 0 0 0 0 0 0 0 0 0 0 0 0 0 0 0 0 0 0 0 0 0 0 0 0 0 0 0 0 0 0 0 0 0 0 0 27 17 18 17 
16 16 18 13 0 0 0 0 0 0 0 0 0 0 0 0 0 0 0 0 0 0 0 0 0 0 0 0 0 0 0 0 0 0 0 0 0 0 0 0 
0 0 0 0 0 0 0 0 0 0 0 0 29 22 27 30 0 0 0 0 0 0 0 0 29 19 22 22 0 0 0 0 0 0 0 0 0 0 0 0 
0 0 0 0 0 0 0 0 14 11 20 18 18 17 16 16 12 11 27 24 30 19 13 30 17 16 21 10 0 0 0 0 14 26 24 20 0 0 0 0 
0 0 0 0 17 30 11 23 16 25 16 14 22 15 18 16 11 11 28 27 26 20 27 17 12 20 15 11 25 20 29 17 30 28 20 21 0 0 0 0 
0 0 0 0 0 0 0 0 0 0 0 0 0 0 0 0 0 0 0 0 0 0 0 0 0 0 0 0 0 0 0 0 0 0 0 0 14 30 14 22 
23 13 28 24 0 0 0 0 0 0 0 0 0 0 0 0 0 0 0 0 0 0 0 0 0 0 0 0 0 0 0 0 0 0 0 0 0 0 0 0 
0 0 0 0 25 13 27 13 16 23 30 26 12 27 11 29 0 0 0 0 18 29 12 14 0 0 0 0 22 18 20 24 14 29 22 15 0 0 0 0 
0 0 0 0 25 19 13 24 27 12 25 12 18 20 20 13 17 14 13 12 12 28 19 27 29 19 16 22 26 17 19 12 22 29 30 12 0 0 0 0 
0 0 0 0 27 29 11 25 18 21 12 27 10 22 16 12 27 22 26 11 10 19 14 19 24 15 19 26 11 14 10 16 12 21 25 16 0 0 0 0 
0 0 0 0 0 0 0 0 0 0 0 0 0 0 0 0 0 0 0 0 0 0 0 0 0 0 0 0 0 0 0 0 0 0 0 0 16 19 12 12 
27 25 28 11 0 0 0 0 0 0 0 0 0 0 0 0 0 0 0 0 0 0 0 0 0 0 0 0 0 0 0 0 0 0 0 0 0 0 0 0 
0 0 0 0 0 0 0 0 24 14 10 25 23 15 30 19 0 0 0 0 10 24 16 12 0 0 0 0 0 0 0 0 0 0 0 0 0 0 0 0 
0 0 0 0 0 0 0 0 0 0 0 0 14 27 28 14 0 0 0 0 0 0 0 0 15 29 18 26 0 0 0 0 0 0 0 0 0 0 0 0 
0 0 0 0 16 20 26 25 0 0 0 0 24 10 28 10 0 0 0 0 18 26 20 14 16 14 11 13 29 30 29 10 0 0 0 0 0 0 0 0 
0 0 0 0 0 0 0 0 0 0 0 0 0 0 0 0 0 0 0 0 0 0 0 0 0 0 0 0 0 0 0 0 0 0 0 0 21 24 25 18 
12 22 13 12 0 0 0 0 0 0 0 0 0 0 0 0 0 0 0 0 0 0 0 0 0 0 0 0 0 0 0 0 0 0 0 0 0 0 0 0 
0 0 0 0 0 0 0 0 21 10 14 10 26 15 20 10 0 0 0 0 0 0 0 0 16 22 16 25 13 24 21 23 0 0 0 0 0 0 0 0 
0 0 0 0 0 0 0 0 25 14 30 15 0 0 0 0 0 0 0 0 10 12 16 20 0 0 0 0 0 0 0 0 0 0 0 0 0 0 0 0 
0 0 0 0 0 0 0 0 0 0 0 0 30 22 23 17 26 21 26 13 10 22 17 16 25 26 12 21 0 0 0 0 19 25 22 22 0 0 0 0 
0 0 0 0 0 0 0 0 0 0 0 0 0 0 0 0 0 0 0 0 0 0 0 0 0 0 0 0 0 0 0 0 0 0 0 0 24 11 12 29 
19 20 11 25 0 0 0 0 0 0 0 0 0 0 0 0 0 0 0 0 0 0 0 0 0 0 0 0 0 0 0 0 0 0 0 0 0 0 0 0 
0 0 0 0 30 24 14 23 27 11 17 24 24 11 29 11 21 28 20 29 0 0 0 0 13 29 15 16 12 19 18 22 16 27 22 19 0 0 0 0 
0 0 0 0 0 0 0 0 19 20 22 19 14 12 12 24 13 21 24 10 11 28 17 28 0 0 0 0 20 30 13 17 0 0 0 0 0 0 0 0 
0 0 0 0 13 20 26 13 11 21 26 14 18 14 27 30 0 0 0 0 22 26 20 26 0 0 0 0 26 16 23 12 0 0 0 0 0 0 0 0 
0 0 0 0 0 0 0 0 0 0 0 0 0 0 0 0 0 0 0 0 0 0 0 0 0 0 0 0 0 0 0 0 0 0 0 0 17 25 11 25 
27 30 11 30 0 0 0 0 0 0 0 0 0 0 0 0 0 0 0 0 0 0 0 0 0 0 0 0 0 0 0 0 0 0 0 0 0 0 0 0 
0 0 0 0 0 0 0 0 0 0 0 0 0 0 0 0 14 27 17 15 0 0 0 0 0 0 0 0 0 0 0 0 0 0 0 0 0 0 0 0 
0 0 0 0 0 0 0 0 21 12 25 14 0 0 0 0 0 0 0 0 0 0 0 0 0 0 0 0 0 0 0 0 0 0 0 0 0 0 0 0 
0 0 0 0 0 0 0 0 25 13 26 26 0 0 0 0 0 0 0 0 0 0 0 0 0 0 0 0 0 0 0 0 0 0 0 0 0 0 0 0 
0 0 0 0 0 0 0 0 0 0 0 0 0 0 0 0 0 0 0 0 0 0 0 0 0 0 0 0 0 0 0 0 0 0 0 0 10 25 30 20 
29 25 28 21 0 0 0 0 0 0 0 0 0 0 0 0 0 0 0 0 0 0 0 0 0 0 0 0 0 0 0 0 0 0 0 0 0 0 0 0 
0 0 0 0 12 14 23 29 0 0 0 0 0 0 0 0 0 0 0 0 27 28 12 27 0 0 0 0 0 0 0 0 13 23 14 11 0 0 0 0 
0 0 0 0 16 11 13 11 0 0 0 0 0 0 0 0 13 12 28 25 13 21 19 10 0 0 0 0 13 13 15 27 29 29 14 21 0 0 0 0 
0 0 0 0 30 25 19 22 21 30 25 19 15 18 20 12 22 21 16 15 11 18 11 20 18 20 10 12 23 21 27 17 30 17 14 24 0 0 0 0 
0 0 0 0 0 0 0 0 0 0 0 0 0 0 0 0 0 0 0 0 0 0 0 0 0 0 0 0 0 0 0 0 0 0 0 0 12 24 11 14 
15 23 21 29 0 0 0 0 0 0 0 0 0 0 0 0 0 0 0 0 0 0 0 0 0 0 0 0 0 0 0 0 0 0 0 0 0 0 0 0 
0 0 0 0 28 21 14 18 25 14 11 11 11 25 29 26 21 23 29 25 18 27 21 26 16 25 16 16 17 17 30 24 22 25 30 14 0 0 0 0 
0 0 0 0 11 21 18 16 11 17 28 20 0 0 0 0 20 13 24 10 16 29 10 20 19 14 12 15 21 24 24 29 29 19 18 22 0 0 0 0 
0 0 0 0 0 0 0 0 21 24 11 30 19 12 15 28 12 22 19 21 17 17 10 16 17 24 30 26 14 17 21 22 22 21 23 11 0 0 0 0 
0 0 0 0 0 0 0 0 0 0 0 0 0 0 0 0 0 0 0 0 0 0 0 0 0 0 0 0 0 0 0 0 0 0 0 0 13 29 29 11 
27 20 27 25 0 0 0 0 0 0 0 0 0 0 0 0 0 0 0 0 0 0 0 0 0 0 0 0 0 0 0 0 0 0 0 0 0 0 0 0 
0 0 0 0 0 0 0 0 0 0 0 0 21 12 16 27 0 0 0 0 0 0 0 0 0 0 0 0 0 0 0 0 0 0 0 0 0 0 0 0 
0 0 0 0 13 16 13 17 0 0 0 0 0 0 0 0 23 13 29 18 0 0 0 0 0 0 0 0 0 0 0 0 0 0 0 0 0 0 0 0 
0 0 0 0 19 18 21 25 12 10 13 25 11 12 22 28 10 10 27 14 17 13 29 21 0 0 0 0 27 29 22 14 14 20 25 18 0 0 0 0 
0 0 0 0 0 0 0 0 0 0 0 0 0 0 0 0 0 0 0 0 0 0 0 0 0 0 0 0 0 0 0 0 0 0 0 0 21 11 23 20 
21 26 14 29 0 0 0 0 0 0 0 0 0 0 0 0 0 0 0 0 0 0 0 0 0 0 0 0 0 0 0 0 0 0 0 0 0 0 0 0 
0 0 0 0 25 26 30 24 21 11 23 27 29 17 29 26 0 0 0 0 0 0 0 0 18 23 13 27 10 10 29 21 27 27 28 27 0 0 0 0 
0 0 0 0 15 18 22 14 28 22 21 17 22 18 27 28 30 26 14 22 30 14 23 28 14 26 19 18 30 10 21 11 17 19 23 25 0 0 0 0 
0 0 0 0 0 0 0 0 0 0 0 0 0 0 0 0 29 29 28 13 0 0 0 0 30 29 21 16 0 0 0 0 0 0 0 0 0 0 0 0 
0 0 0 0 0 0 0 0 0 0 0 0 0 0 0 0 0 0 0 0 0 0 0 0 0 0 0 0 0 0 0 0 0 0 0 0 22 18 21 19 
18 30 24 16 0 0 0 0 0 0 0 0 0 0 0 0 0 0 0 0 0 0 0 0 0 0 0 0 0 0 0 0 0 0 0 0 0 0 0 0 
0 0 0 0 0 0 0 0 0 0 0 0 0 0 0 0 0 0 0 0 19 26 10 15 0 0 0 0 22 26 28 13 0 0 0 0 0 0 0 0 
0 0 0 0 0 0 0 0 29 12 27 16 10 16 14 27 0 0 0 0 0 0 0 0 28 19 13 20 11 25 16 20 29 28 27 16 0 0 0 0 
0 0 0 0 12 12 23 14 27 29 24 30 14 15 21 10 26 16 24 14 24 21 22 12 23 27 15 26 17 26 13 30 20 10 23 10 0 0 0 0 
0 0 0 0 0 0 0 0 0 0 0 0 0 0 0 0 0 0 0 0 0 0 0 0 0 0 0 0 0 0 0 0 0 0 0 0 12 25 29 20 
15 17 25 13 0 0 0 0 0 0 0 0 0 0 0 0 0 0 0 0 0 0 0 0 0 0 0 0 0 0 0 0 0 0 0 0 0 0 0 0 
0 0 0 0 0 0 0 0 22 25 19 20 29 12 26 25 22 17 23 25 12 15 16 14 28 15 27 17 23 22 11 20 15 20 11 16 0 0 0 0 
0 0 0 0 0 0 0 0 29 13 11 17 20 18 15 26 0 0 0 0 0 0 0 0 16 16 10 28 0 0 0 0 21 23 28 18 0 0 0 0 
0 0 0 0 10 12 12 27 11 14 25 25 26 16 25 11 11 21 27 18 11 11 11 23 25 12 27 23 11 11 16 16 27 13 26 18 0 0 0 0 
0 0 0 0 0 0 0 0 0 0 0 0 0 0 0 0 0 0 0 0 0 0 0 0 0 0 0 0 0 0 0 0 0 0 0 0 25 21 27 23 
12 18 27 30 0 0 0 0 0 0 0 0 0 0 0 0 0 0 0 0 0 0 0 0 0 0 0 0 0 0 0 0 0 0 0 0 0 0 0 0 
0 0 0 0 28 16 22 23 0 0 0 0 0 0 0 0 0 0 0 0 0 0 0 0 0 0 0 0 0 0 0 0 0 0 0 0 0 0 0 0 
0 0 0 0 23 19 27 19 21 11 22 30 17 23 28 10 26 22 28 12 26 29 29 27 22 14 29 17 22 15 24 19 22 10 15 29 0 0 0 0 
0 0 0 0 15 16 18 15 23 19 19 28 20 19 11 25 23 20 10 10 0 0 0 0 0 0 0 0 0 0 0 0 20 19 16 15 0 0 0 0 
0 0 0 0 0 0 0 0 0 0 0 0 0 0 0 0 0 0 0 0 0 0 0 0 0 0 0 0 0 0 0 0 0 0 0 0 14 10 21 25 
13 19 29 28 0 0 0 0 0 0 0 0 0 0 0 0 0 0 0 0 0 0 0 0 0 0 0 0 0 0 0 0 0 0 0 0 0 0 0 0 
0 0 0 0 12 22 30 30 0 0 0 0 17 20 18 12 18 24 22 16 0 0 0 0 19 25 26 12 21 24 12 28 0 0 0 0 0 0 0 0 
0 0 0 0 18 21 27 28 11 30 13 17 13 21 23 18 0 0 0 0 17 12 17 29 0 0 0 0 29 17 20 15 0 0 0 0 0 0 0 0 
0 0 0 0 20 20 17 17 20 19 18 12 27 10 24 30 18 22 16 20 15 17 29 23 23 16 23 23 18 11 29 29 17 29 15 30 0 0 0 0 
0 0 0 0 0 0 0 0 0 0 0 0 0 0 0 0 0 0 0 0 0 0 0 0 0 0 0 0 0 0 0 0 0 0 0 0 10 15 12 20 
17 16 18 30 0 0 0 0 0 0 0 0 0 0 0 0 0 0 0 0 0 0 0 0 0 0 0 0 0 0 0 0 0 0 0 0 0 0 0 0 
0 0 0 0 0 0 0 0 0 0 0 0 0 0 0 0 28 26 23 27 0 0 0 0 0 0 0 0 0 0 0 0 0 0 0 0 0 0 0 0 
0 0 0 0 29 24 11 17 0 0 0 0 0 0 0 0 14 27 19 19 30 18 26 14 15 14 16 26 28 28 13 26 27 13 27 18 0 0 0 0 
0 0 0 0 0 0 0 0 20 23 20 16 13 24 21 10 0 0 0 0 10 16 22 22 0 0 0 0 14 20 11 20 24 24 28 24 0 0 0 0 
0 0 0 0 0 0 0 0 0 0 0 0 0 0 0 0 0 0 0 0 0 0 0 0 0 0 0 0 0 0 0 0 0 0 0 0 10 15 21 24 
17 21 12 13 0 0 0 0 0 0 0 0 0 0 0 0 0 0 0 0 0 0 0 0 0 0 0 0 0 0 0 0 0 0 0 0 0 0 0 0 
0 0 0 0 0 0 0 0 0 0 0 0 0 0 0 0 0 0 0 0 0 0 0 0 0 0 0 0 17 12 28 16 0 0 0 0 0 0 0 0 
0 0 0 0 11 24 27 24 17 10 23 14 21 14 17 30 10 20 28 18 10 11 12 25 20 21 23 25 0 0 0 0 22 17 30 25 0 0 0 0 
0 0 0 0 0 0 0 0 26 21 12 27 0 0 0 0 0 0 0 0 0 0 0 0 0 0 0 0 0 0 0 0 19 10 22 29 0 0 0 0 
0 0 0 0 0 0 0 0 0 0 0 0 0 0 0 0 0 0 0 0 0 0 0 0 0 0 0 0 0 0 0 0 0 0 0 0 10 10 11 24 
10 24 14 17 0 0 0 0 0 0 0 0 0 0 0 0 0 0 0 0 0 0 0 0 0 0 0 0 0 0 0 0 0 0 0 0 0 0 0 0 
0 0 0 0 0 0 0 0 0 0 0 0 17 11 20 29 0 0 0 0 0 0 0 0 0 0 0 0 0 0 0 0 0 0 0 0 0 0 0 0 
0 0 0 0 0 0 0 0 25 25 10 26 0 0 0 0 28 20 12 14 0 0 0 0 0 0 0 0 0 0 0 0 12 14 15 14 0 0 0 0 
0 0 0 0 12 21 16 30 0 0 0 0 0 0 0 0 0 0 0 0 0 0 0 0 0 0 0 0 0 0 0 0 19 16 23 11 0 0 0 0 
0 0 0 0 0 0 0 0 0 0 0 0 0 0 0 0 0 0 0 0 0 0 0 0 0 0 0 0 0 0 0 0 0 0 0 0 25 19 25 30 
27 30 17 25 0 0 0 0 0 0 0 0 0 0 0 0 0 0 0 0 0 0 0 0 0 0 0 0 0 0 0 0 0 0 0 0 0 0 0 0 
0 0 0 0 20 25 11 21 12 22 23 28 0 0 0 0 29 28 17 26 10 20 10 21 10 30 18 14 29 16 15 11 28 11 26 27 0 0 0 0 
0 0 0 0 22 16 30 18 20 12 26 29 16 24 13 24 0 0 0 0 12 13 26 15 13 26 17 13 30 12 16 25 28 16 27 15 0 0 0 0 
0 0 0 0 0 0 0 0 28 21 15 25 0 0 0 0 10 10 20 19 28 11 26 21 26 27 18 15 30 21 18 10 0 0 0 0 0 0 0 0 
0 0 0 0 0 0 0 0 0 0 0 0 0 0 0 0 0 0 0 0 0 0 0 0 0 0 0 0 0 0 0 0 0 0 0 0 17 20 14 23 
14 18 27 13 0 0 0 0 0 0 0 0 0 0 0 0 0 0 0 0 0 0 0 0 0 0 0 0 0 0 0 0 0 0 0 0 0 0 0 0 
0 0 0 0 20 21 10 11 13 10 25 16 22 30 29 30 27 20 11 29 0 0 0 0 0 0 0 0 20 19 22 20 29 28 25 14 0 0 0 0 
0 0 0 0 0 0 0 0 0 0 0 0 0 0 0 0 0 0 0 0 18 27 10 18 19 19 22 12 0 0 0 0 30 17 17 19 0 0 0 0 
0 0 0 0 20 21 24 21 28 12 27 24 24 20 13 29 27 12 15 12 30 30 15 25 13 12 29 23 25 20 19 28 22 20 16 19 0 0 0 0 
0 0 0 0 0 0 0 0 0 0 0 0 0 0 0 0 0 0 0 0 0 0 0 0 0 0 0 0 0 0 0 0 0 0 0 0 20 10 20 10 
15 15 14 15 0 0 0 0 0 0 0 0 0 0 0 0 0 0 0 0 0 0 0 0 0 0 0 0 0 0 0 0 0 0 0 0 0 0 0 0 
0 0 0 0 0 0 0 0 12 30 23 29 0 0 0 0 0 0 0 0 0 0 0 0 14 19 17 23 0 0 0 0 0 0 0 0 0 0 0 0 
0 0 0 0 10 20 28 12 22 25 17 12 27 23 16 25 15 19 23 13 13 27 16 17 12 30 28 18 29 16 21 18 13 14 17 22 0 0 0 0 
0 0 0 0 0 0 0 0 22 28 20 28 30 10 19 16 20 17 14 26 17 22 16 25 29 22 19 12 22 22 17 23 0 0 0 0 0 0 0 0 
0 0 0 0 0 0 0 0 0 0 0 0 0 0 0 0 0 0 0 0 0 0 0 0 0 0 0 0 0 0 0 0 0 0 0 0 23 19 27 26 
15 17 11 28 0 0 0 0 0 0 0 0 0 0 0 0 0 0 0 0 0 0 0 0 0 0 0 0 0 0 0 0 0 0 0 0 0 0 0 0 
0 0 0 0 0 0 0 0 23 28 27 16 14 11 12 23 0 0 0 0 0 0 0 0 0 0 0 0 0 0 0 0 0 0 0 0 0 0 0 0 
0 0 0 0 0 0 0 0 0 0 0 0 27 10 19 14 0 0 0 0 29 17 27 11 14 16 21 11 28 19 19 12 0 0 0 0 0 0 0 0 
0 0 0 0 16 14 25 17 23 15 27 26 22 17 10 15 28 18 19 17 27 12 22 17 21 21 27 14 0 0 0 0 14 28 25 16 0 0 0 0 
0 0 0 0 0 0 0 0 0 0 0 0 0 0 0 0 0 0 0 0 0 0 0 0 0 0 0 0 0 0 0 0 0 0 0 0 30 12 12 28 
28 22 17 24 0 0 0 0 0 0 0 0 0 0 0 0 0 0 0 0 0 0 0 0 0 0 0 0 0 0 0 0 0 0 0 0 0 0 0 0 
0 0 0 0 17 23 14 20 0 0 0 0 22 17 21 12 29 25 30 21 22 10 14 26 15 16 12 15 20 26 26 24 15 23 15 19 0 0 0 0 
0 0 0 0 27 18 25 11 25 28 19 29 24 24 18 24 16 27 24 14 29 10 23 16 0 0 0 0 0 0 0 0 0 0 0 0 0 0 0 0 
0 0 0 0 0 0 0 0 0 0 0 0 20 27 13 11 26 22 15 26 0 0 0 0 0 0 0 0 30 30 27 26 29 30 28 10 0 0 0 0 
0 0 0 0 0 0 0 0 0 0 0 0 0 0 0 0 0 0 0 0 0 0 0 0 0 0 0 0 0 0 0 0 0 0 0 0 20 25 19 24 
13 14 14 10 0 0 0 0 0 0 0 0 0 0 0 0 0 0 0 0 0 0 0 0 0 0 0 0 0 0 0 0 0 0 0 0 0 0 0 0 
0 0 0 0 12 27 17 10 19 12 15 23 0 0 0 0 30 18 24 21 16 20 23 22 10 29 28 20 28 13 23 21 0 0 0 0 0 0 0 0 
0 0 0 0 0 0 0 0 0 0 0 0 22 25 13 29 0 0 0 0 13 30 15 24 0 0 0 0 12 24 20 30 17 22 13 29 0 0 0 0 
0 0 0 0 0 0 0 0 0 0 0 0 22 29 21 10 0 0 0 0 30 24 20 12 0 0 0 0 0 0 0 0 0 0 0 0 0 0 0 0 
0 0 0 0 0 0 0 0 0 0 0 0 0 0 0 0 0 0 0 0 0 0 0 0 0 0 0 0 0 0 0 0 0 0 0 0 25 26 29 22 
12 16 10 23 0 0 0 0 0 0 0 0 0 0 0 0 0 0 0 0 0 0 0 0 0 0 0 0 0 0 0 0 0 0 0 0 0 0 0 0 
0 0 0 0 0 0 0 0 20 19 15 15 23 17 20 21 0 0 0 0 0 0 0 0 0 0 0 0 28 22 19 15 0 0 0 0 0 0 0 0 
0 0 0 0 0 0 0 0 22 25 28 27 28 26 19 24 0 0 0 0 0 0 0 0 0 0 0 0 0 0 0 0 0 0 0 0 0 0 0 0 
0 0 0 0 21 22 18 16 0 0 0 0 10 10 22 21 0 0 0 0 0 0 0 0 0 0 0 0 0 0 0 0 0 0 0 0 0 0 0 0 
0 0 0 0 0 0 0 0 0 0 0 0 0 0 0 0 0 0 0 0 0 0 0 0 0 0 0 0 0 0 0 0 0 0 0 0 28 29 17 26 
22 15 11 17 0 0 0 0 0 0 0 0 0 0 0 0 0 0 0 0 0 0 0 0 0 0 0 0 0 0 0 0 0 0 0 0 0 0 0 0 
0 0 0 0 13 19 24 23 0 0 0 0 0 0 0 0 0 0 0 0 21 20 13 29 0 0 0 0 11 22 26 13 0 0 0 0 0 0 0 0 
0 0 0 0 11 21 23 14 22 16 10 19 27 30 14 29 28 14 26 22 29 15 30 12 21 16 24 23 16 23 25 18 16 19 22 22 0 0 0 0 
0 0 0 0 29 12 24 16 23 22 11 23 16 26 24 20 20 17 23 25 13 13 10 28 27 19 21 14 15 14 22 16 15 10 28 23 0 0 0 0 
0 0 0 0 0 0 0 0 0 0 0 0 0 0 0 0 0 0 0 0 0 0 0 0 0 0 0 0 0 0 0 0 0 0 0 0 25 30 19 27 
12 16 18 28 0 0 0 0 0 0 0 0 0 0 0 0 0 0 0 0 0 0 0 0 0 0 0 0 0 0 0 0 0 0 0 0 0 0 0 0 
0 0 0 0 0 0 0 0 19 12 19 27 15 19 16 25 0 0 0 0 10 19 24 28 0 0 0 0 16 27 27 24 0 0 0 0 0 0 0 0 
0 0 0 0 0 0 0 0 0 0 0 0 0 0 0 0 0 0 0 0 0 0 0 0 14 16 23 10 0 0 0 0 0 0 0 0 0 0 0 0 
0 0 0 0 17 16 15 15 22 26 29 25 23 19 13 30 10 15 20 19 10 26 27 29 12 13 17 12 22 18 10 23 11 23 30 16 0 0 0 0 
0 0 0 0 0 0 0 0 0 0 0 0 0 0 0 0 0 0 0 0 0 0 0 0 0 0 0 0 0 0 0 0 0 0 0 0 15 30 25 20 
11 13 18 25 0 0 0 0 0 0 0 0 0 0 0 0 0 0 0 0 0 0 0 0 0 0 0 0 0 0 0 0 0 0 0 0 0 0 0 0 
0 0 0 0 15 28 10 29 16 26 21 18 13 19 21 27 28 12 11 24 0 0 0 0 18 27 26 17 28 17 21 15 29 24 17 12 0 0 0 0 
0 0 0 0 12 16 26 15 19 29 23 12 26 15 30 15 15 19 23 26 15 19 28 24 0 0 0 0 28 26 18 21 15 13 19 15 0 0 0 0 
0 0 0 0 0 0 0 0 29 20 30 13 0 0 0 0 14 13 15 27 0 0 0 0 14 30 27 19 18 27 15 12 0 0 0 0 0 0 0 0 
0 0 0 0 0 0 0 0 0 0 0 0 0 0 0 0 0 0 0 0 0 0 0 0 0 0 0 0 0 0 0 0 0 0 0 0 25 15 14 24 
17 22 26 26 0 0 0 0 0 0 0 0 0 0 0 0 0 0 0 0 0 0 0 0 0 0 0 0 0 0 0 0 0 0 0 0 0 0 0 0 
0 0 0 0 12 23 28 15 0 0 0 0 0 0 0 0 14 19 28 27 27 28 20 21 16 12 14 27 16 18 19 25 21 19 28 18 0 0 0 0 
0 0 0 0 0 0 0 0 23 14 11 26 0 0 0 0 0 0 0 0 0 0 0 0 0 0 0 0 0 0 0 0 0 0 0 0 0 0 0 0 
0 0 0 0 16 18 21 26 22 19 29 14 28 26 28 15 18 10 22 21 10 17 28 23 15 11 27 28 22 27 28 23 18 20 23 26 0 0 0 0 
0 0 0 0 0 0 0 0 0 0 0 0 0 0 0 0 0 0 0 0 0 0 0 0 0 0 0 0 0 0 0 0 0 0 0 0 21 19 14 18 
22 19 10 11 0 0 0 0 0 0 0 0 0 0 0 0 0 0 0 0 0 0 0 0 0 0 0 0 0 0 0 0 0 0 0 0 0 0 0 0 
0 0 0 0 13 18 28 15 0 0 0 0 0 0 0 0 0 0 0 0 0 0 0 0 0 0 0 0 0 0 0 0 0 0 0 0 0 0 0 0 
0 0 0 0 0 0 0 0 20 30 19 24 26 21 29 12 0 0 0 0 0 0 0 0 0 0 0 0 28 21 11 12 12 15 28 18 0 0 0 0 
0 0 0 0 0 0 0 0 0 0 0 0 0 0 0 0 0 0 0 0 28 11 24 29 29 24 15 28 10 19 15 12 27 14 30 21 0 0 0 0 
0 0 0 0 0 0 0 0 0 0 0 0 0 0 0 0 0 0 0 0 0 0 0 0 0 0 0 0 0 0 0 0 0 0 0 0 29 25 25 22 
15 25 14 18 0 0 0 0 0 0 0 0 0 0 0 0 0 0 0 0 0 0 0 0 0 0 0 0 0 0 0 0 0 0 0 0 0 0 0 0 
0 0 0 0 0 0 0 0 0 0 0 0 11 15 21 26 0 0 0 0 0 0 0 0 0 0 0 0 0 0 0 0 14 27 27 25 0 0 0 0 
0 0 0 0 23 16 24 19 26 24 25 17 26 23 15 30 15 26 19 22 19 22 24 25 18 27 20 17 22 28 14 22 19 23 29 23 0 0 0 0 
0 0 0 0 13 15 23 20 0 0 0 0 18 26 14 24 11 10 20 10 22 24 22 10 21 26 13 14 26 16 12 20 25 27 22 28 0 0 0 0 
0 0 0 0 0 0 0 0 0 0 0 0 0 0 0 0 0 0 0 0 0 0 0 0 0 0 0 0 0 0 0 0 0 0 0 0 12 24 22 16 
17 29 14 24 0 0 0 0 0 0 0 0 0 0 0 0 0 0 0 0 0 0 0 0 0 0 0 0 0 0 0 0 0 0 0 0 0 0 0 0 
0 0 0 0 24 18 10 15 17 29 30 19 12 10 22 21 27 14 27 11 0 0 0 0 30 24 15 28 28 18 27 19 28 23 19 16 0 0 0 0 
0 0 0 0 28 19 26 25 30 27 18 23 11 18 25 29 22 19 10 11 21 22 17 25 23 17 28 17 20 27 30 10 30 18 15 24 0 0 0 0 
0 0 0 0 14 10 12 30 0 0 0 0 30 21 30 24 10 24 28 15 0 0 0 0 0 0 0 0 0 0 0 0 11 11 22 10 0 0 0 0 
0 0 0 0 0 0 0 0 0 0 0 0 0 0 0 0 0 0 0 0 0 0 0 0 0 0 0 0 0 0 0 0 0 0 0 0 27 17 29 29 
14 16 30 11 0 0 0 0 0 0 0 0 0 0 0 0 0 0 0 0 0 0 0 0 0 0 0 0 0 0 0 0 0 0 0 0 0 0 0 0 
0 0 0 0 0 0 0 0 13 28 13 28 0 0 0 0 0 0 0 0 20 21 21 30 0 0 0 0 18 15 30 12 13 18 12 21 0 0 0 0 
0 0 0 0 0 0 0 0 0 0 0 0 0 0 0 0 0 0 0 0 0 0 0 0 0 0 0 0 12 25 25 21 0 0 0 0 0 0 0 0 
0 0 0 0 0 0 0 0 0 0 0 0 0 0 0 0 0 0 0 0 19 14 12 20 24 12 11 23 0 0 0 0 16 15 23 12 0 0 0 0 
0 0 0 0 0 0 0 0 0 0 0 0 0 0 0 0 0 0 0 0 0 0 0 0 0 0 0 0 0 0 0 0 0 0 0 0 20 24 25 28
---------------------
 
Processing cost   (0 -- non-optional machine)
Rows: sequential for each operation of each part; Columns: correspond to machine number
17 12 18 13 0 0 0 0 0 0 0 0 0 0 0 0 0 0 0 0 0 0 0 0 0 0 0 0 0 0 0 0 0 0 0 0 0 0 0 0 
0 0 0 0 0 0 0 0 10 12 11 13 18 20 10 10 11 14 11 16 0 0 0 0 10 20 10 20 20 12 20 18 16 19 14 10 0 0 0 0 
0 0 0 0 17 20 16 12 12 20 13 18 16 15 14 18 0 0 0 0 15 18 18 13 0 0 0 0 0 0 0 0 0 0 0 0 0 0 0 0 
0 0 0 0 0 0 0 0 0 0 0 0 0 0 0 0 0 0 0 0 0 0 0 0 0 0 0 0 0 0 0 0 17 18 15 17 0 0 0 0 
0 0 0 0 0 0 0 0 0 0 0 0 0 0 0 0 0 0 0 0 0 0 0 0 0 0 0 0 0 0 0 0 0 0 0 0 13 20 13 11 
17 19 13 12 0 0 0 0 0 0 0 0 0 0 0 0 0 0 0 0 0 0 0 0 0 0 0 0 0 0 0 0 0 0 0 0 0 0 0 0 
0 0 0 0 0 0 0 0 18 16 20 13 0 0 0 0 20 10 17 13 17 20 14 12 0 0 0 0 0 0 0 0 0 0 0 0 0 0 0 0 
0 0 0 0 0 0 0 0 0 0 0 0 0 0 0 0 0 0 0 0 0 0 0 0 0 0 0 0 18 10 18 17 0 0 0 0 0 0 0 0 
0 0 0 0 0 0 0 0 0 0 0 0 0 0 0 0 0 0 0 0 19 14 14 20 19 18 17 15 0 0 0 0 0 0 0 0 0 0 0 0 
0 0 0 0 0 0 0 0 0 0 0 0 0 0 0 0 0 0 0 0 0 0 0 0 0 0 0 0 0 0 0 0 0 0 0 0 20 12 13 18 
11 15 17 16 0 0 0 0 0 0 0 0 0 0 0 0 0 0 0 0 0 0 0 0 0 0 0 0 0 0 0 0 0 0 0 0 0 0 0 0 
0 0 0 0 16 16 18 14 19 14 13 17 10 10 10 16 17 17 10 19 19 18 14 16 13 18 14 13 19 15 16 11 18 13 20 14 0 0 0 0 
0 0 0 0 0 0 0 0 0 0 0 0 0 0 0 0 16 18 16 14 10 20 18 15 0 0 0 0 0 0 0 0 18 13 10 20 0 0 0 0 
0 0 0 0 0 0 0 0 17 15 15 10 0 0 0 0 12 11 12 19 0 0 0 0 0 0 0 0 11 19 18 12 0 0 0 0 0 0 0 0 
0 0 0 0 0 0 0 0 0 0 0 0 0 0 0 0 0 0 0 0 0 0 0 0 0 0 0 0 0 0 0 0 0 0 0 0 17 11 17 20 
14 16 16 13 0 0 0 0 0 0 0 0 0 0 0 0 0 0 0 0 0 0 0 0 0 0 0 0 0 0 0 0 0 0 0 0 0 0 0 0 
0 0 0 0 12 14 14 12 19 15 15 15 0 0 0 0 0 0 0 0 18 20 14 19 0 0 0 0 16 15 20 18 20 12 12 18 0 0 0 0 
0 0 0 0 18 17 20 20 0 0 0 0 0 0 0 0 17 15 19 14 20 19 20 16 0 0 0 0 0 0 0 0 0 0 0 0 0 0 0 0 
0 0 0 0 10 20 18 10 11 10 10 13 11 20 20 16 16 20 11 15 14 17 19 13 0 0 0 0 0 0 0 0 11 18 12 12 0 0 0 0 
0 0 0 0 0 0 0 0 0 0 0 0 0 0 0 0 0 0 0 0 0 0 0 0 0 0 0 0 0 0 0 0 0 0 0 0 12 10 13 11 
19 11 15 12 0 0 0 0 0 0 0 0 0 0 0 0 0 0 0 0 0 0 0 0 0 0 0 0 0 0 0 0 0 0 0 0 0 0 0 0 
0 0 0 0 0 0 0 0 0 0 0 0 0 0 0 0 12 15 17 18 14 14 12 16 0 0 0 0 0 0 0 0 0 0 0 0 0 0 0 0 
0 0 0 0 0 0 0 0 0 0 0 0 0 0 0 0 0 0 0 0 0 0 0 0 0 0 0 0 18 13 20 20 0 0 0 0 0 0 0 0 
0 0 0 0 0 0 0 0 0 0 0 0 0 0 0 0 0 0 0 0 0 0 0 0 0 0 0 0 0 0 0 0 14 15 17 19 0 0 0 0 
0 0 0 0 0 0 0 0 0 0 0 0 0 0 0 0 0 0 0 0 0 0 0 0 0 0 0 0 0 0 0 0 0 0 0 0 11 12 12 16 
19 14 17 11 0 0 0 0 0 0 0 0 0 0 0 0 0 0 0 0 0 0 0 0 0 0 0 0 0 0 0 0 0 0 0 0 0 0 0 0 
0 0 0 0 19 19 15 17 0 0 0 0 0 0 0 0 0 0 0 0 0 0 0 0 0 0 0 0 0 0 0 0 0 0 0 0 0 0 0 0 
0 0 0 0 13 16 16 17 19 20 15 20 16 12 17 20 19 10 15 19 14 11 13 18 0 0 0 0 0 0 0 0 20 14 18 17 0 0 0 0 
0 0 0 0 0 0 0 0 0 0 0 0 0 0 0 0 0 0 0 0 0 0 0 0 17 15 16 19 14 11 15 16 0 0 0 0 0 0 0 0 
0 0 0 0 0 0 0 0 0 0 0 0 0 0 0 0 0 0 0 0 0 0 0 0 0 0 0 0 0 0 0 0 0 0 0 0 19 20 13 14 
20 18 10 11 0 0 0 0 0 0 0 0 0 0 0 0 0 0 0 0 0 0 0 0 0 0 0 0 0 0 0 0 0 0 0 0 0 0 0 0 
0 0 0 0 10 18 13 15 19 10 20 13 20 13 16 10 17 17 11 12 11 13 16 13 18 10 19 18 20 20 18 17 14 19 14 15 0 0 0 0 
0 0 0 0 0 0 0 0 13 17 17 16 10 20 13 16 0 0 0 0 18 18 10 15 15 11 17 20 0 0 0 0 13 20 10 11 0 0 0 0 
0 0 0 0 0 0 0 0 10 11 19 12 11 20 18 17 12 11 12 20 0 0 0 0 0 0 0 0 0 0 0 0 10 11 17 11 0 0 0 0 
0 0 0 0 0 0 0 0 0 0 0 0 0 0 0 0 0 0 0 0 0 0 0 0 0 0 0 0 0 0 0 0 0 0 0 0 19 17 19 13 
11 19 16 19 0 0 0 0 0 0 0 0 0 0 0 0 0 0 0 0 0 0 0 0 0 0 0 0 0 0 0 0 0 0 0 0 0 0 0 0 
0 0 0 0 19 18 15 18 10 10 19 16 15 18 17 15 13 10 19 18 19 15 20 13 11 20 18 16 12 17 11 11 19 12 12 20 0 0 0 0 
0 0 0 0 0 0 0 0 17 10 15 14 16 10 14 18 0 0 0 0 0 0 0 0 0 0 0 0 13 10 13 20 0 0 0 0 0 0 0 0 
0 0 0 0 0 0 0 0 0 0 0 0 0 0 0 0 0 0 0 0 0 0 0 0 19 14 13 13 18 16 17 15 0 0 0 0 0 0 0 0 
0 0 0 0 0 0 0 0 0 0 0 0 0 0 0 0 0 0 0 0 0 0 0 0 0 0 0 0 0 0 0 0 0 0 0 0 14 20 16 19 
11 15 19 13 0 0 0 0 0 0 0 0 0 0 0 0 0 0 0 0 0 0 0 0 0 0 0 0 0 0 0 0 0 0 0 0 0 0 0 0 
0 0 0 0 0 0 0 0 0 0 0 0 13 19 11 18 16 13 13 12 0 0 0 0 0 0 0 0 0 0 0 0 0 0 0 0 0 0 0 0 
0 0 0 0 13 20 15 11 0 0 0 0 16 11 16 12 11 17 10 20 0 0 0 0 18 15 14 20 13 12 15 16 14 15 15 17 0 0 0 0 
0 0 0 0 0 0 0 0 0 0 0 0 0 0 0 0 10 15 17 10 16 20 18 16 18 18 20 13 0 0 0 0 0 0 0 0 0 0 0 0 
0 0 0 0 0 0 0 0 0 0 0 0 0 0 0 0 0 0 0 0 0 0 0 0 0 0 0 0 0 0 0 0 0 0 0 0 16 17 20 10 
18 11 15 13 0 0 0 0 0 0 0 0 0 0 0 0 0 0 0 0 0 0 0 0 0 0 0 0 0 0 0 0 0 0 0 0 0 0 0 0 
0 0 0 0 18 14 11 19 10 14 10 17 14 20 16 10 0 0 0 0 16 10 14 19 13 18 20 13 0 0 0 0 18 18 10 13 0 0 0 0 
0 0 0 0 19 10 13 17 10 12 14 19 0 0 0 0 19 13 15 12 13 18 11 14 10 13 12 11 17 10 11 19 17 13 16 16 0 0 0 0 
0 0 0 0 11 15 13 15 0 0 0 0 16 18 14 10 0 0 0 0 12 12 19 15 0 0 0 0 0 0 0 0 16 19 12 18 0 0 0 0 
0 0 0 0 0 0 0 0 0 0 0 0 0 0 0 0 0 0 0 0 0 0 0 0 0 0 0 0 0 0 0 0 0 0 0 0 14 16 17 12 
15 16 19 20 0 0 0 0 0 0 0 0 0 0 0 0 0 0 0 0 0 0 0 0 0 0 0 0 0 0 0 0 0 0 0 0 0 0 0 0 
0 0 0 0 12 12 14 11 0 0 0 0 18 14 17 13 0 0 0 0 0 0 0 0 15 18 14 10 0 0 0 0 0 0 0 0 0 0 0 0 
0 0 0 0 13 14 11 16 0 0 0 0 0 0 0 0 0 0 0 0 13 15 16 17 0 0 0 0 18 11 17 15 13 11 16 19 0 0 0 0 
0 0 0 0 0 0 0 0 0 0 0 0 0 0 0 0 0 0 0 0 0 0 0 0 0 0 0 0 20 16 14 16 0 0 0 0 0 0 0 0 
0 0 0 0 0 0 0 0 0 0 0 0 0 0 0 0 0 0 0 0 0 0 0 0 0 0 0 0 0 0 0 0 0 0 0 0 19 17 15 11 
18 11 13 10 0 0 0 0 0 0 0 0 0 0 0 0 0 0 0 0 0 0 0 0 0 0 0 0 0 0 0 0 0 0 0 0 0 0 0 0 
0 0 0 0 20 15 13 17 20 18 10 13 0 0 0 0 0 0 0 0 20 11 10 15 20 10 17 11 0 0 0 0 13 13 15 16 0 0 0 0 
0 0 0 0 19 17 16 16 12 11 20 10 18 20 19 10 15 10 14 14 13 12 11 13 15 11 20 20 10 19 12 13 0 0 0 0 0 0 0 0 
0 0 0 0 0 0 0 0 15 10 17 13 0 0 0 0 13 13 12 12 0 0 0 0 19 20 17 20 14 13 19 16 0 0 0 0 0 0 0 0 
0 0 0 0 0 0 0 0 0 0 0 0 0 0 0 0 0 0 0 0 0 0 0 0 0 0 0 0 0 0 0 0 0 0 0 0 20 17 19 18 
12 20 20 20 0 0 0 0 0 0 0 0 0 0 0 0 0 0 0 0 0 0 0 0 0 0 0 0 0 0 0 0 0 0 0 0 0 0 0 0 
0 0 0 0 18 12 18 12 0 0 0 0 16 13 15 12 0 0 0 0 0 0 0 0 0 0 0 0 0 0 0 0 0 0 0 0 0 0 0 0 
0 0 0 0 18 15 13 10 19 13 12 16 16 20 14 20 0 0 0 0 0 0 0 0 20 20 17 13 0 0 0 0 0 0 0 0 0 0 0 0 
0 0 0 0 0 0 0 0 0 0 0 0 19 20 15 20 0 0 0 0 13 15 17 13 0 0 0 0 0 0 0 0 0 0 0 0 0 0 0 0 
0 0 0 0 0 0 0 0 0 0 0 0 0 0 0 0 0 0 0 0 0 0 0 0 0 0 0 0 0 0 0 0 0 0 0 0 17 16 13 10 
12 18 13 13 0 0 0 0 0 0 0 0 0 0 0 0 0 0 0 0 0 0 0 0 0 0 0 0 0 0 0 0 0 0 0 0 0 0 0 0 
0 0 0 0 11 14 14 19 0 0 0 0 18 20 12 14 19 10 10 19 14 16 20 10 0 0 0 0 0 0 0 0 0 0 0 0 0 0 0 0 
0 0 0 0 0 0 0 0 0 0 0 0 0 0 0 0 13 17 18 16 0 0 0 0 0 0 0 0 0 0 0 0 0 0 0 0 0 0 0 0 
0 0 0 0 14 20 14 19 13 10 15 14 10 11 20 20 0 0 0 0 0 0 0 0 12 19 18 10 14 14 16 13 10 18 18 11 0 0 0 0 
0 0 0 0 0 0 0 0 0 0 0 0 0 0 0 0 0 0 0 0 0 0 0 0 0 0 0 0 0 0 0 0 0 0 0 0 14 19 12 12 
11 20 11 19 0 0 0 0 0 0 0 0 0 0 0 0 0 0 0 0 0 0 0 0 0 0 0 0 0 0 0 0 0 0 0 0 0 0 0 0 
0 0 0 0 0 0 0 0 16 16 14 12 10 18 17 17 0 0 0 0 0 0 0 0 0 0 0 0 0 0 0 0 0 0 0 0 0 0 0 0 
0 0 0 0 17 20 19 13 20 12 12 14 17 10 20 17 10 13 13 10 16 10 10 15 14 15 14 11 15 18 11 17 15 20 16 19 0 0 0 0 
0 0 0 0 18 19 17 14 12 11 12 11 20 10 17 12 19 19 10 17 15 18 13 20 14 17 14 15 0 0 0 0 13 12 17 11 0 0 0 0 
0 0 0 0 0 0 0 0 0 0 0 0 0 0 0 0 0 0 0 0 0 0 0 0 0 0 0 0 0 0 0 0 0 0 0 0 14 19 20 18 
11 13 11 16 0 0 0 0 0 0 0 0 0 0 0 0 0 0 0 0 0 0 0 0 0 0 0 0 0 0 0 0 0 0 0 0 0 0 0 0 
0 0 0 0 0 0 0 0 16 12 12 16 0 0 0 0 0 0 0 0 0 0 0 0 16 12 12 15 0 0 0 0 0 0 0 0 0 0 0 0 
0 0 0 0 0 0 0 0 0 0 0 0 19 12 12 18 0 0 0 0 0 0 0 0 0 0 0 0 0 0 0 0 0 0 0 0 0 0 0 0 
0 0 0 0 0 0 0 0 0 0 0 0 0 0 0 0 17 10 12 13 17 16 19 19 0 0 0 0 17 15 11 19 0 0 0 0 0 0 0 0 
0 0 0 0 0 0 0 0 0 0 0 0 0 0 0 0 0 0 0 0 0 0 0 0 0 0 0 0 0 0 0 0 0 0 0 0 18 10 12 18 
13 17 15 14 0 0 0 0 0 0 0 0 0 0 0 0 0 0 0 0 0 0 0 0 0 0 0 0 0 0 0 0 0 0 0 0 0 0 0 0 
0 0 0 0 0 0 0 0 17 14 17 18 20 11 19 18 0 0 0 0 20 14 19 11 10 14 13 18 16 15 14 13 0 0 0 0 0 0 0 0 
0 0 0 0 11 14 12 11 14 15 20 13 16 17 16 19 15 12 17 19 11 14 10 15 17 12 13 12 18 11 15 11 11 15 17 18 0 0 0 0 
0 0 0 0 15 10 15 14 0 0 0 0 0 0 0 0 19 14 19 14 15 16 19 12 18 13 14 13 18 19 18 17 0 0 0 0 0 0 0 0 
0 0 0 0 0 0 0 0 0 0 0 0 0 0 0 0 0 0 0 0 0 0 0 0 0 0 0 0 0 0 0 0 0 0 0 0 18 20 18 14 
16 15 18 16 0 0 0 0 0 0 0 0 0 0 0 0 0 0 0 0 0 0 0 0 0 0 0 0 0 0 0 0 0 0 0 0 0 0 0 0 
0 0 0 0 0 0 0 0 0 0 0 0 0 0 0 0 0 0 0 0 15 12 13 10 17 11 13 10 0 0 0 0 0 0 0 0 0 0 0 0 
0 0 0 0 20 20 12 14 10 10 20 11 16 14 13 14 14 14 17 12 17 20 10 15 16 12 12 12 18 14 17 10 18 15 17 15 0 0 0 0 
0 0 0 0 0 0 0 0 0 0 0 0 0 0 0 0 19 17 15 14 20 18 20 11 12 12 20 16 17 14 17 15 0 0 0 0 0 0 0 0 
0 0 0 0 0 0 0 0 0 0 0 0 0 0 0 0 0 0 0 0 0 0 0 0 0 0 0 0 0 0 0 0 0 0 0 0 20 19 18 20 
17 15 13 12 0 0 0 0 0 0 0 0 0 0 0 0 0 0 0 0 0 0 0 0 0 0 0 0 0 0 0 0 0 0 0 0 0 0 0 0 
0 0 0 0 0 0 0 0 0 0 0 0 10 20 20 13 0 0 0 0 0 0 0 0 18 19 16 11 0 0 0 0 0 0 0 0 0 0 0 0 
0 0 0 0 0 0 0 0 10 19 14 20 14 17 13 14 19 16 15 10 19 11 13 17 12 10 10 11 0 0 0 0 13 17 15 15 0 0 0 0 
0 0 0 0 20 17 17 20 12 16 10 19 17 14 12 19 14 16 15 16 20 17 14 17 19 15 18 11 19 17 16 19 13 14 10 19 0 0 0 0 
0 0 0 0 0 0 0 0 0 0 0 0 0 0 0 0 0 0 0 0 0 0 0 0 0 0 0 0 0 0 0 0 0 0 0 0 11 10 11 17 
11 12 12 16 0 0 0 0 0 0 0 0 0 0 0 0 0 0 0 0 0 0 0 0 0 0 0 0 0 0 0 0 0 0 0 0 0 0 0 0 
0 0 0 0 14 19 20 20 13 15 19 15 14 15 18 14 0 0 0 0 19 20 16 15 0 0 0 0 20 19 10 11 15 15 12 12 0 0 0 0 
0 0 0 0 10 11 17 17 19 10 10 17 15 20 18 12 17 13 14 17 11 13 17 19 14 17 12 13 13 11 16 10 18 12 12 14 0 0 0 0 
0 0 0 0 13 15 13 12 16 18 14 19 18 19 14 13 13 15 18 15 13 12 17 20 11 15 13 11 19 14 18 13 12 17 10 16 0 0 0 0 
0 0 0 0 0 0 0 0 0 0 0 0 0 0 0 0 0 0 0 0 0 0 0 0 0 0 0 0 0 0 0 0 0 0 0 0 10 20 20 17 
19 10 17 20 0 0 0 0 0 0 0 0 0 0 0 0 0 0 0 0 0 0 0 0 0 0 0 0 0 0 0 0 0 0 0 0 0 0 0 0 
0 0 0 0 0 0 0 0 10 12 14 11 15 12 11 10 0 0 0 0 20 14 18 13 0 0 0 0 0 0 0 0 0 0 0 0 0 0 0 0 
0 0 0 0 0 0 0 0 0 0 0 0 12 13 11 11 0 0 0 0 0 0 0 0 20 13 13 10 0 0 0 0 0 0 0 0 0 0 0 0 
0 0 0 0 16 20 20 17 0 0 0 0 16 13 11 13 0 0 0 0 14 10 11 17 13 16 10 18 20 18 16 13 0 0 0 0 0 0 0 0 
0 0 0 0 0 0 0 0 0 0 0 0 0 0 0 0 0 0 0 0 0 0 0 0 0 0 0 0 0 0 0 0 0 0 0 0 15 10 17 16 
16 10 13 19 0 0 0 0 0 0 0 0 0 0 0 0 0 0 0 0 0 0 0 0 0 0 0 0 0 0 0 0 0 0 0 0 0 0 0 0 
0 0 0 0 0 0 0 0 10 18 11 18 11 19 12 18 0 0 0 0 0 0 0 0 16 17 11 10 20 11 20 10 0 0 0 0 0 0 0 0 
0 0 0 0 0 0 0 0 17 14 15 12 0 0 0 0 0 0 0 0 19 12 18 15 0 0 0 0 0 0 0 0 0 0 0 0 0 0 0 0 
0 0 0 0 0 0 0 0 0 0 0 0 16 11 14 17 13 17 16 11 11 15 10 13 14 11 14 13 0 0 0 0 10 13 11 19 0 0 0 0 
0 0 0 0 0 0 0 0 0 0 0 0 0 0 0 0 0 0 0 0 0 0 0 0 0 0 0 0 0 0 0 0 0 0 0 0 17 15 13 13 
12 16 12 11 0 0 0 0 0 0 0 0 0 0 0 0 0 0 0 0 0 0 0 0 0 0 0 0 0 0 0 0 0 0 0 0 0 0 0 0 
0 0 0 0 19 16 12 18 19 17 15 12 17 15 13 18 16 13 11 19 0 0 0 0 18 15 20 17 20 11 19 14 13 16 18 19 0 0 0 0 
0 0 0 0 0 0 0 0 19 18 19 20 12 15 11 15 15 20 13 14 10 14 20 10 0 0 0 0 14 14 15 14 0 0 0 0 0 0 0 0 
0 0 0 0 17 15 20 13 16 14 12 18 18 19 15 14 0 0 0 0 20 20 10 13 0 0 0 0 11 20 13 11 0 0 0 0 0 0 0 0 
0 0 0 0 0 0 0 0 0 0 0 0 0 0 0 0 0 0 0 0 0 0 0 0 0 0 0 0 0 0 0 0 0 0 0 0 18 10 19 12 
10 18 15 12 0 0 0 0 0 0 0 0 0 0 0 0 0 0 0 0 0 0 0 0 0 0 0 0 0 0 0 0 0 0 0 0 0 0 0 0 
0 0 0 0 0 0 0 0 0 0 0 0 0 0 0 0 11 13 20 12 0 0 0 0 0 0 0 0 0 0 0 0 0 0 0 0 0 0 0 0 
0 0 0 0 0 0 0 0 19 16 15 16 0 0 0 0 0 0 0 0 0 0 0 0 0 0 0 0 0 0 0 0 0 0 0 0 0 0 0 0 
0 0 0 0 0 0 0 0 19 15 16 19 0 0 0 0 0 0 0 0 0 0 0 0 0 0 0 0 0 0 0 0 0 0 0 0 0 0 0 0 
0 0 0 0 0 0 0 0 0 0 0 0 0 0 0 0 0 0 0 0 0 0 0 0 0 0 0 0 0 0 0 0 0 0 0 0 13 12 11 11 
11 11 20 20 0 0 0 0 0 0 0 0 0 0 0 0 0 0 0 0 0 0 0 0 0 0 0 0 0 0 0 0 0 0 0 0 0 0 0 0 
0 0 0 0 20 12 12 17 0 0 0 0 0 0 0 0 0 0 0 0 13 14 20 13 0 0 0 0 0 0 0 0 13 16 17 10 0 0 0 0 
0 0 0 0 19 14 15 11 0 0 0 0 0 0 0 0 10 11 17 10 16 11 15 10 0 0 0 0 18 17 17 18 16 10 11 10 0 0 0 0 
0 0 0 0 13 13 13 11 14 19 13 20 14 13 20 18 19 14 15 12 14 17 20 13 13 13 10 10 15 11 10 13 15 11 20 11 0 0 0 0 
0 0 0 0 0 0 0 0 0 0 0 0 0 0 0 0 0 0 0 0 0 0 0 0 0 0 0 0 0 0 0 0 0 0 0 0 13 15 15 10 
14 18 16 16 0 0 0 0 0 0 0 0 0 0 0 0 0 0 0 0 0 0 0 0 0 0 0 0 0 0 0 0 0 0 0 0 0 0 0 0 
0 0 0 0 17 12 10 16 14 17 18 20 16 10 19 20 11 20 15 18 19 17 19 18 17 11 16 13 16 10 10 12 17 13 10 13 0 0 0 0 
0 0 0 0 18 10 10 11 10 16 12 13 0 0 0 0 18 14 17 18 14 12 15 15 16 11 20 12 11 11 19 17 19 14 16 14 0 0 0 0 
0 0 0 0 0 0 0 0 17 19 10 12 16 19 15 10 13 11 11 19 13 14 12 17 20 20 18 20 10 12 11 18 14 13 16 17 0 0 0 0 
0 0 0 0 0 0 0 0 0 0 0 0 0 0 0 0 0 0 0 0 0 0 0 0 0 0 0 0 0 0 0 0 0 0 0 0 13 19 20 14 
12 11 18 18 0 0 0 0 0 0 0 0 0 0 0 0 0 0 0 0 0 0 0 0 0 0 0 0 0 0 0 0 0 0 0 0 0 0 0 0 
0 0 0 0 0 0 0 0 0 0 0 0 12 14 11 19 0 0 0 0 0 0 0 0 0 0 0 0 0 0 0 0 0 0 0 0 0 0 0 0 
0 0 0 0 16 18 17 13 0 0 0 0 0 0 0 0 12 15 13 19 0 0 0 0 0 0 0 0 0 0 0 0 0 0 0 0 0 0 0 0 
0 0 0 0 17 13 19 11 20 11 12 19 15 18 20 11 16 14 10 13 10 11 19 16 0 0 0 0 12 16 11 10 19 17 14 20 0 0 0 0 
0 0 0 0 0 0 0 0 0 0 0 0 0 0 0 0 0 0 0 0 0 0 0 0 0 0 0 0 0 0 0 0 0 0 0 0 10 19 20 14 
15 14 14 10 0 0 0 0 0 0 0 0 0 0 0 0 0 0 0 0 0 0 0 0 0 0 0 0 0 0 0 0 0 0 0 0 0 0 0 0 
0 0 0 0 13 11 10 20 15 14 15 10 20 19 11 16 0 0 0 0 0 0 0 0 11 16 16 15 19 10 15 14 12 13 15 15 0 0 0 0 
0 0 0 0 16 15 19 17 12 20 10 10 18 16 18 12 13 20 18 20 17 18 15 19 15 10 15 19 18 10 14 19 17 11 18 14 0 0 0 0 
0 0 0 0 0 0 0 0 0 0 0 0 0 0 0 0 19 12 14 11 0 0 0 0 16 12 11 10 0 0 0 0 0 0 0 0 0 0 0 0 
0 0 0 0 0 0 0 0 0 0 0 0 0 0 0 0 0 0 0 0 0 0 0 0 0 0 0 0 0 0 0 0 0 0 0 0 19 17 20 10 
11 18 13 17 0 0 0 0 0 0 0 0 0 0 0 0 0 0 0 0 0 0 0 0 0 0 0 0 0 0 0 0 0 0 0 0 0 0 0 0 
0 0 0 0 0 0 0 0 0 0 0 0 0 0 0 0 0 0 0 0 18 16 20 10 0 0 0 0 13 11 13 11 0 0 0 0 0 0 0 0 
0 0 0 0 0 0 0 0 12 14 15 11 17 19 14 18 0 0 0 0 0 0 0 0 15 12 14 18 14 16 16 19 19 17 10 15 0 0 0 0 
0 0 0 0 12 15 11 15 18 11 13 19 13 12 18 20 16 10 20 12 11 13 16 20 15 13 20 19 13 18 14 20 11 15 13 18 0 0 0 0 
0 0 0 0 0 0 0 0 0 0 0 0 0 0 0 0 0 0 0 0 0 0 0 0 0 0 0 0 0 0 0 0 0 0 0 0 17 19 19 11 
12 13 14 16 0 0 0 0 0 0 0 0 0 0 0 0 0 0 0 0 0 0 0 0 0 0 0 0 0 0 0 0 0 0 0 0 0 0 0 0 
0 0 0 0 0 0 0 0 17 10 12 16 20 14 14 15 18 15 14 18 19 11 17 20 15 11 17 12 11 14 11 19 18 10 14 17 0 0 0 0 
0 0 0 0 0 0 0 0 13 19 15 19 20 17 15 14 0 0 0 0 0 0 0 0 17 11 16 10 0 0 0 0 17 16 18 14 0 0 0 0 
0 0 0 0 20 18 19 13 11 19 20 14 10 10 19 15 15 12 14 10 14 10 17 11 19 20 11 16 18 12 17 19 13 19 19 18 0 0 0 0 
0 0 0 0 0 0 0 0 0 0 0 0 0 0 0 0 0 0 0 0 0 0 0 0 0 0 0 0 0 0 0 0 0 0 0 0 18 12 12 10 
10 14 10 14 0 0 0 0 0 0 0 0 0 0 0 0 0 0 0 0 0 0 0 0 0 0 0 0 0 0 0 0 0 0 0 0 0 0 0 0 
0 0 0 0 16 19 18 18 0 0 0 0 0 0 0 0 0 0 0 0 0 0 0 0 0 0 0 0 0 0 0 0 0 0 0 0 0 0 0 0 
0 0 0 0 14 16 13 18 18 15 13 17 15 15 15 13 18 11 17 19 17 18 16 17 12 20 18 19 20 12 20 10 11 17 18 10 0 0 0 0 
0 0 0 0 20 11 13 12 12 16 17 20 13 14 20 18 13 13 10 11 0 0 0 0 0 0 0 0 0 0 0 0 10 11 10 16 0 0 0 0 
0 0 0 0 0 0 0 0 0 0 0 0 0 0 0 0 0 0 0 0 0 0 0 0 0 0 0 0 0 0 0 0 0 0 0 0 17 13 10 15 
10 10 13 20 0 0 0 0 0 0 0 0 0 0 0 0 0 0 0 0 0 0 0 0 0 0 0 0 0 0 0 0 0 0 0 0 0 0 0 0 
0 0 0 0 10 17 17 13 0 0 0 0 17 11 17 18 12 13 14 11 0 0 0 0 10 10 17 19 15 18 10 15 0 0 0 0 0 0 0 0 
0 0 0 0 15 17 15 17 18 16 20 20 19 16 18 10 0 0 0 0 11 16 18 20 0 0 0 0 20 15 10 14 0 0 0 0 0 0 0 0 
0 0 0 0 13 16 20 20 11 20 20 16 13 12 10 14 13 18 17 20 18 13 13 10 19 20 19 12 14 17 20 11 10 12 12 17 0 0 0 0 
0 0 0 0 0 0 0 0 0 0 0 0 0 0 0 0 0 0 0 0 0 0 0 0 0 0 0 0 0 0 0 0 0 0 0 0 15 11 17 18 
11 15 16 17 0 0 0 0 0 0 0 0 0 0 0 0 0 0 0 0 0 0 0 0 0 0 0 0 0 0 0 0 0 0 0 0 0 0 0 0 
0 0 0 0 0 0 0 0 0 0 0 0 0 0 0 0 10 11 14 16 0 0 0 0 0 0 0 0 0 0 0 0 0 0 0 0 0 0 0 0 
0 0 0 0 19 20 12 19 0 0 0 0 0 0 0 0 16 19 15 13 17 13 20 17 19 14 19 17 19 11 20 10 15 11 14 13 0 0 0 0 
0 0 0 0 0 0 0 0 17 20 20 20 16 15 10 12 0 0 0 0 17 12 14 11 0 0 0 0 10 14 14 10 12 15 18 19 0 0 0 0 
0 0 0 0 0 0 0 0 0 0 0 0 0 0 0 0 0 0 0 0 0 0 0 0 0 0 0 0 0 0 0 0 0 0 0 0 19 10 10 15 
17 10 20 16 0 0 0 0 0 0 0 0 0 0 0 0 0 0 0 0 0 0 0 0 0 0 0 0 0 0 0 0 0 0 0 0 0 0 0 0 
0 0 0 0 0 0 0 0 0 0 0 0 0 0 0 0 0 0 0 0 0 0 0 0 0 0 0 0 19 11 13 16 0 0 0 0 0 0 0 0 
0 0 0 0 17 16 11 14 12 18 17 17 15 17 12 14 13 11 17 11 19 13 17 17 20 15 15 17 0 0 0 0 17 16 17 14 0 0 0 0 
0 0 0 0 0 0 0 0 11 19 12 14 0 0 0 0 0 0 0 0 0 0 0 0 0 0 0 0 0 0 0 0 15 14 10 14 0 0 0 0 
0 0 0 0 0 0 0 0 0 0 0 0 0 0 0 0 0 0 0 0 0 0 0 0 0 0 0 0 0 0 0 0 0 0 0 0 11 17 12 19 
12 17 10 16 0 0 0 0 0 0 0 0 0 0 0 0 0 0 0 0 0 0 0 0 0 0 0 0 0 0 0 0 0 0 0 0 0 0 0 0 
0 0 0 0 0 0 0 0 0 0 0 0 16 11 12 14 0 0 0 0 0 0 0 0 0 0 0 0 0 0 0 0 0 0 0 0 0 0 0 0 
0 0 0 0 0 0 0 0 15 10 14 10 0 0 0 0 19 20 19 12 0 0 0 0 0 0 0 0 0 0 0 0 11 11 18 10 0 0 0 0 
0 0 0 0 11 18 14 11 0 0 0 0 0 0 0 0 0 0 0 0 0 0 0 0 0 0 0 0 0 0 0 0 15 18 14 11 0 0 0 0 
0 0 0 0 0 0 0 0 0 0 0 0 0 0 0 0 0 0 0 0 0 0 0 0 0 0 0 0 0 0 0 0 0 0 0 0 13 14 14 13 
18 12 17 20 0 0 0 0 0 0 0 0 0 0 0 0 0 0 0 0 0 0 0 0 0 0 0 0 0 0 0 0 0 0 0 0 0 0 0 0 
0 0 0 0 13 12 16 14 12 12 14 14 0 0 0 0 17 10 14 17 12 15 18 19 17 18 13 12 12 14 14 16 17 14 15 18 0 0 0 0 
0 0 0 0 11 16 12 20 13 18 18 20 12 10 19 16 0 0 0 0 10 18 14 12 11 20 17 12 11 14 20 19 12 14 11 19 0 0 0 0 
0 0 0 0 0 0 0 0 18 18 10 20 0 0 0 0 18 17 10 15 16 20 17 17 14 12 15 14 15 16 15 16 0 0 0 0 0 0 0 0 
0 0 0 0 0 0 0 0 0 0 0 0 0 0 0 0 0 0 0 0 0 0 0 0 0 0 0 0 0 0 0 0 0 0 0 0 15 11 10 12 
10 19 15 17 0 0 0 0 0 0 0 0 0 0 0 0 0 0 0 0 0 0 0 0 0 0 0 0 0 0 0 0 0 0 0 0 0 0 0 0 
0 0 0 0 11 10 11 17 19 19 19 11 16 10 19 17 10 20 18 13 0 0 0 0 0 0 0 0 17 17 20 19 15 17 14 18 0 0 0 0 
0 0 0 0 0 0 0 0 0 0 0 0 0 0 0 0 0 0 0 0 17 10 11 13 11 14 18 19 0 0 0 0 19 18 19 20 0 0 0 0 
0 0 0 0 17 18 14 19 13 13 10 10 14 11 10 14 14 10 19 11 14 16 20 19 18 13 20 19 20 14 20 17 15 17 10 10 0 0 0 0 
0 0 0 0 0 0 0 0 0 0 0 0 0 0 0 0 0 0 0 0 0 0 0 0 0 0 0 0 0 0 0 0 0 0 0 0 16 17 18 15 
14 17 16 18 0 0 0 0 0 0 0 0 0 0 0 0 0 0 0 0 0 0 0 0 0 0 0 0 0 0 0 0 0 0 0 0 0 0 0 0 
0 0 0 0 0 0 0 0 18 19 13 19 0 0 0 0 0 0 0 0 0 0 0 0 12 11 10 17 0 0 0 0 0 0 0 0 0 0 0 0 
0 0 0 0 17 16 10 18 15 14 17 18 20 17 15 19 13 13 20 14 16 17 10 14 14 12 13 15 14 19 18 17 15 19 11 11 0 0 0 0 
0 0 0 0 0 0 0 0 17 16 13 17 12 11 18 18 20 14 10 11 16 11 16 12 15 11 19 20 19 19 17 15 0 0 0 0 0 0 0 0 
0 0 0 0 0 0 0 0 0 0 0 0 0 0 0 0 0 0 0 0 0 0 0 0 0 0 0 0 0 0 0 0 0 0 0 0 17 13 10 20 
18 10 13 15 0 0 0 0 0 0 0 0 0 0 0 0 0 0 0 0 0 0 0 0 0 0 0 0 0 0 0 0 0 0 0 0 0 0 0 0 
0 0 0 0 0 0 0 0 19 16 16 20 20 10 10 15 0 0 0 0 0 0 0 0 0 0 0 0 0 0 0 0 0 0 0 0 0 0 0 0 
0 0 0 0 0 0 0 0 0 0 0 0 10 12 15 18 0 0 0 0 13 13 14 13 19 13 20 20 18 11 20 12 0 0 0 0 0 0 0 0 
0 0 0 0 13 13 15 14 11 18 10 16 16 14 15 11 13 20 20 16 12 10 11 12 11 13 14 17 0 0 0 0 20 20 19 11 0 0 0 0 
0 0 0 0 0 0 0 0 0 0 0 0 0 0 0 0 0 0 0 0 0 0 0 0 0 0 0 0 0 0 0 0 0 0 0 0 13 20 14 20 
20 17 12 20 0 0 0 0 0 0 0 0 0 0 0 0 0 0 0 0 0 0 0 0 0 0 0 0 0 0 0 0 0 0 0 0 0 0 0 0 
0 0 0 0 12 14 16 11 0 0 0 0 10 17 12 14 10 17 14 18 20 16 10 12 16 20 14 14 20 18 14 11 15 15 19 15 0 0 0 0 
0 0 0 0 10 14 14 19 13 11 11 11 11 18 10 13 13 14 10 10 15 17 17 12 0 0 0 0 0 0 0 0 0 0 0 0 0 0 0 0 
0 0 0 0 0 0 0 0 0 0 0 0 10 16 16 13 11 15 18 13 0 0 0 0 0 0 0 0 13 12 19 10 19 13 20 10 0 0 0 0 
0 0 0 0 0 0 0 0 0 0 0 0 0 0 0 0 0 0 0 0 0 0 0 0 0 0 0 0 0 0 0 0 0 0 0 0 17 14 12 13 
13 15 11 17 0 0 0 0 0 0 0 0 0 0 0 0 0 0 0 0 0 0 0 0 0 0 0 0 0 0 0 0 0 0 0 0 0 0 0 0 
0 0 0 0 16 12 18 14 14 19 14 19 0 0 0 0 11 15 20 11 17 17 10 11 20 14 17 19 19 19 18 13 0 0 0 0 0 0 0 0 
0 0 0 0 0 0 0 0 0 0 0 0 19 11 17 11 0 0 0 0 10 18 11 10 0 0 0 0 18 17 11 13 19 16 14 15 0 0 0 0 
0 0 0 0 0 0 0 0 0 0 0 0 10 11 16 17 0 0 0 0 20 10 20 16 0 0 0 0 0 0 0 0 0 0 0 0 0 0 0 0 
0 0 0 0 0 0 0 0 0 0 0 0 0 0 0 0 0 0 0 0 0 0 0 0 0 0 0 0 0 0 0 0 0 0 0 0 11 11 19 16 
13 11 12 14 0 0 0 0 0 0 0 0 0 0 0 0 0 0 0 0 0 0 0 0 0 0 0 0 0 0 0 0 0 0 0 0 0 0 0 0 
0 0 0 0 0 0 0 0 12 16 15 18 13 20 11 10 0 0 0 0 0 0 0 0 0 0 0 0 18 10 11 10 0 0 0 0 0 0 0 0 
0 0 0 0 0 0 0 0 16 14 14 13 10 17 20 14 0 0 0 0 0 0 0 0 0 0 0 0 0 0 0 0 0 0 0 0 0 0 0 0 
0 0 0 0 13 10 16 16 0 0 0 0 11 19 12 13 0 0 0 0 0 0 0 0 0 0 0 0 0 0 0 0 0 0 0 0 0 0 0 0 
0 0 0 0 0 0 0 0 0 0 0 0 0 0 0 0 0 0 0 0 0 0 0 0 0 0 0 0 0 0 0 0 0 0 0 0 13 12 19 18 
10 11 12 11 0 0 0 0 0 0 0 0 0 0 0 0 0 0 0 0 0 0 0 0 0 0 0 0 0 0 0 0 0 0 0 0 0 0 0 0 
0 0 0 0 18 10 12 11 0 0 0 0 0 0 0 0 0 0 0 0 15 19 20 17 0 0 0 0 10 13 14 16 0 0 0 0 0 0 0 0 
0 0 0 0 18 20 16 16 20 18 14 17 10 14 13 11 15 18 17 15 16 11 11 14 19 10 15 18 14 10 10 19 13 10 13 17 0 0 0 0 
0 0 0 0 19 14 14 16 16 15 15 17 17 20 10 11 11 20 18 13 14 12 16 20 20 12 10 19 19 14 14 12 12 15 18 20 0 0 0 0 
0 0 0 0 0 0 0 0 0 0 0 0 0 0 0 0 0 0 0 0 0 0 0 0 0 0 0 0 0 0 0 0 0 0 0 0 10 20 15 14 
13 13 14 10 0 0 0 0 0 0 0 0 0 0 0 0 0 0 0 0 0 0 0 0 0 0 0 0 0 0 0 0 0 0 0 0 0 0 0 0 
0 0 0 0 0 0 0 0 10 12 17 12 13 10 20 11 0 0 0 0 14 20 17 20 0 0 0 0 14 10 15 15 0 0 0 0 0 0 0 0 
0 0 0 0 0 0 0 0 0 0 0 0 0 0 0 0 0 0 0 0 0 0 0 0 19 11 10 11 0 0 0 0 0 0 0 0 0 0 0 0 
0 0 0 0 14 17 14 13 20 18 10 12 16 17 13 17 17 17 11 12 12 13 20 10 15 10 10 13 20 18 10 12 13 11 12 13 0 0 0 0 
0 0 0 0 0 0 0 0 0 0 0 0 0 0 0 0 0 0 0 0 0 0 0 0 0 0 0 0 0 0 0 0 0 0 0 0 15 20 10 15 
14 17 18 15 0 0 0 0 0 0 0 0 0 0 0 0 0 0 0 0 0 0 0 0 0 0 0 0 0 0 0 0 0 0 0 0 0 0 0 0 
0 0 0 0 10 20 12 16 18 19 17 11 14 16 12 13 13 15 16 15 0 0 0 0 18 13 20 15 19 12 19 16 12 15 10 15 0 0 0 0 
0 0 0 0 14 13 13 11 19 17 20 18 13 12 17 14 12 19 17 20 18 19 19 11 0 0 0 0 17 14 20 19 13 12 17 20 0 0 0 0 
0 0 0 0 0 0 0 0 18 20 17 14 0 0 0 0 19 13 17 16 0 0 0 0 19 10 11 10 11 20 12 18 0 0 0 0 0 0 0 0 
0 0 0 0 0 0 0 0 0 0 0 0 0 0 0 0 0 0 0 0 0 0 0 0 0 0 0 0 0 0 0 0 0 0 0 0 14 15 19 16 
14 13 11 18 0 0 0 0 0 0 0 0 0 0 0 0 0 0 0 0 0 0 0 0 0 0 0 0 0 0 0 0 0 0 0 0 0 0 0 0 
0 0 0 0 10 19 19 17 0 0 0 0 0 0 0 0 20 11 12 20 13 12 17 12 17 16 12 18 10 17 13 17 13 16 11 12 0 0 0 0 
0 0 0 0 0 0 0 0 14 18 12 16 0 0 0 0 0 0 0 0 0 0 0 0 0 0 0 0 0 0 0 0 0 0 0 0 0 0 0 0 
0 0 0 0 20 11 17 10 17 19 19 14 15 14 19 17 15 10 15 13 20 11 10 12 11 11 12 16 19 20 12 16 16 20 14 11 0 0 0 0 
0 0 0 0 0 0 0 0 0 0 0 0 0 0 0 0 0 0 0 0 0 0 0 0 0 0 0 0 0 0 0 0 0 0 0 0 12 20 13 11 
20 14 13 17 0 0 0 0 0 0 0 0 0 0 0 0 0 0 0 0 0 0 0 0 0 0 0 0 0 0 0 0 0 0 0 0 0 0 0 0 
0 0 0 0 13 17 20 13 0 0 0 0 0 0 0 0 0 0 0 0 0 0 0 0 0 0 0 0 0 0 0 0 0 0 0 0 0 0 0 0 
0 0 0 0 0 0 0 0 11 10 13 14 13 15 13 17 0 0 0 0 0 0 0 0 0 0 0 0 20 15 20 16 16 19 13 17 0 0 0 0 
0 0 0 0 0 0 0 0 0 0 0 0 0 0 0 0 0 0 0 0 14 12 10 12 18 13 15 20 18 19 19 18 12 10 18 11 0 0 0 0 
0 0 0 0 0 0 0 0 0 0 0 0 0 0 0 0 0 0 0 0 0 0 0 0 0 0 0 0 0 0 0 0 0 0 0 0 18 20 18 16 
12 11 10 15 0 0 0 0 0 0 0 0 0 0 0 0 0 0 0 0 0 0 0 0 0 0 0 0 0 0 0 0 0 0 0 0 0 0 0 0 
0 0 0 0 0 0 0 0 0 0 0 0 15 13 18 10 0 0 0 0 0 0 0 0 0 0 0 0 0 0 0 0 10 17 18 16 0 0 0 0 
0 0 0 0 11 14 20 11 17 14 12 13 16 13 14 11 16 12 16 20 16 20 19 10 20 10 13 12 17 16 15 14 19 14 16 20 0 0 0 0 
0 0 0 0 14 17 20 20 0 0 0 0 12 11 10 17 17 18 10 16 15 16 13 15 20 12 16 17 20 13 17 10 16 15 10 17 0 0 0 0 
0 0 0 0 0 0 0 0 0 0 0 0 0 0 0 0 0 0 0 0 0 0 0 0 0 0 0 0 0 0 0 0 0 0 0 0 14 10 13 16 
10 10 17 14 0 0 0 0 0 0 0 0 0 0 0 0 0 0 0 0 0 0 0 0 0 0 0 0 0 0 0 0 0 0 0 0 0 0 0 0 
0 0 0 0 20 17 12 12 13 19 11 20 13 14 11 16 13 14 12 20 0 0 0 0 18 12 13 17 15 18 19 20 13 12 19 12 0 0 0 0 
0 0 0 0 17 20 17 17 17 19 16 19 15 11 15 12 19 15 14 13 14 18 20 12 16 10 14 15 11 17 11 18 17 15 20 16 0 0 0 0 
0 0 0 0 10 13 12 11 0 0 0 0 18 18 11 16 10 13 10 19 0 0 0 0 0 0 0 0 0 0 0 0 20 11 19 18 0 0 0 0 
0 0 0 0 0 0 0 0 0 0 0 0 0 0 0 0 0 0 0 0 0 0 0 0 0 0 0 0 0 0 0 0 0 0 0 0 10 11 20 20 
13 17 18 10 0 0 0 0 0 0 0 0 0 0 0 0 0 0 0 0 0 0 0 0 0 0 0 0 0 0 0 0 0 0 0 0 0 0 0 0 
0 0 0 0 0 0 0 0 12 15 18 20 0 0 0 0 0 0 0 0 19 10 11 15 0 0 0 0 19 17 17 10 18 18 13 15 0 0 0 0 
0 0 0 0 0 0 0 0 0 0 0 0 0 0 0 0 0 0 0 0 0 0 0 0 0 0 0 0 19 11 14 14 0 0 0 0 0 0 0 0 
0 0 0 0 0 0 0 0 0 0 0 0 0 0 0 0 0 0 0 0 18 14 17 11 18 14 19 11 0 0 0 0 19 13 16 20 0 0 0 0 
0 0 0 0 0 0 0 0 0 0 0 0 0 0 0 0 0 0 0 0 0 0 0 0 0 0 0 0 0 0 0 0 0 0 0 0 13 18 14 20
---------------------
 
Distance between cells
Rows and Columns: correspond to cell number
0 417 307 499 307 377 109 277 172 487 160 155 408 
417 0 271 105 266 245 461 415 74 400 158 163 116 
307 271 0 372 198 224 351 121 483 175 186 178 134 
499 105 372 0 272 83 249 337 168 103 218 237 63 
307 266 198 272 0 264 239 192 88 107 418 329 199 
377 245 224 83 264 0 398 200 244 81 155 299 233 
109 461 351 249 239 398 0 172 251 154 185 108 119 
277 415 121 337 192 200 172 0 132 389 299 448 329 
172 74 483 168 88 244 251 132 0 253 395 91 303 
487 400 175 103 107 81 154 389 253 0 429 245 90 
160 158 186 218 418 155 185 299 395 429 0 389 118 
155 163 178 237 329 299 108 448 91 245 389 0 301 
408 116 134 63 199 233 119 329 303 90 118 301 0
---------------------
 
Distribution of machines in cells   (1 -- if machine m is distributed in cell u;0 -- else) 
Rows: correspond to cell number; Columns: correspond to machine number
0 0 0 0 0 0 0 0 0 0 0 0 0 0 0 0 0 0 0 0 0 0 0 0 1 0 0 0 0 0 0 0 0 0 0 1 0 0 0 0 
0 0 0 0 0 1 0 0 0 0 0 0 0 0 0 0 0 0 0 0 0 0 1 0 0 0 1 1 0 0 0 0 0 0 0 0 0 0 0 0 
0 0 0 0 0 0 0 0 1 0 0 0 0 0 0 0 1 1 0 0 0 0 0 0 0 0 0 0 0 0 0 0 0 0 0 0 0 0 0 0 
0 0 0 0 0 0 0 0 0 1 0 0 0 0 0 0 0 0 0 0 0 0 0 1 0 0 0 0 0 0 0 1 0 0 0 0 0 0 0 0 
0 0 0 0 0 0 0 0 0 0 0 0 0 0 1 0 0 0 1 0 0 0 0 0 0 0 0 0 0 1 0 0 0 0 0 0 0 0 0 1 
1 0 0 0 0 0 0 0 0 0 0 0 0 1 0 0 0 0 0 0 0 0 0 0 0 0 0 0 0 0 0 0 1 0 0 0 0 0 1 0 
0 0 0 0 0 0 1 0 0 0 0 1 0 0 0 0 0 0 0 0 0 0 0 0 0 0 0 0 0 0 0 0 0 0 1 0 0 0 0 0 
0 0 0 0 1 0 0 1 0 0 0 0 0 0 0 1 0 0 0 1 0 0 0 0 0 0 0 0 0 0 0 0 0 0 0 0 0 0 0 0 
0 0 0 0 0 0 0 0 0 0 0 0 0 0 0 0 0 0 0 0 0 1 0 0 0 0 0 0 0 0 0 0 0 0 0 0 0 1 0 0 
0 1 0 0 0 0 0 0 0 0 1 0 0 0 0 0 0 0 0 0 0 0 0 0 0 0 0 0 1 0 0 0 0 0 0 0 0 0 0 0 
0 0 0 0 0 0 0 0 0 0 0 0 1 0 0 0 0 0 0 0 0 0 0 0 0 0 0 0 0 0 1 0 0 0 0 0 0 0 0 0 
0 0 1 0 0 0 0 0 0 0 0 0 0 0 0 0 0 0 0 0 0 0 0 0 0 1 0 0 0 0 0 0 0 1 0 0 1 0 0 0 
0 0 0 1 0 0 0 0 0 0 0 0 0 0 0 0 0 0 0 0 1 0 0 0 0 0 0 0 0 0 0 0 0 0 0 0 0 0 0 0
---------------------
 
