Adaption from Behnke32

Number of operations for each part
5 5 5 5 5 5 5 5 5 5 5 5 5 5 5 5 5 5 5 5 5 5 5 5 5 5 5 5 5 5 5 5 5 5 5 5 5 5 5 5 5 5 5 5 5 5 5 5 5 5
---------------------
 
Processing time   (0 -- non-optional machine)
Rows: sequential for each operation of each part; Columns: correspond to machine number
27 27 13 11 0 0 0 0 0 0 0 0 0 0 0 0 0 0 0 0 0 0 0 0 0 0 0 0 0 0 0 0 0 0 0 0 0 0 0 0 
0 0 0 0 11 15 11 27 16 23 11 27 0 0 0 0 11 29 19 27 11 18 14 16 0 0 0 0 15 20 27 13 21 29 29 22 0 0 0 0 
0 0 0 0 0 0 0 0 0 0 0 0 0 0 0 0 0 0 0 0 23 14 12 23 22 10 29 24 0 0 0 0 13 15 29 15 0 0 0 0 
0 0 0 0 22 18 28 12 0 0 0 0 0 0 0 0 10 13 16 24 24 12 10 16 0 0 0 0 0 0 0 0 18 14 16 27 0 0 0 0 
0 0 0 0 0 0 0 0 0 0 0 0 0 0 0 0 0 0 0 0 0 0 0 0 0 0 0 0 0 0 0 0 0 0 0 0 14 27 30 14 
26 17 17 23 0 0 0 0 0 0 0 0 0 0 0 0 0 0 0 0 0 0 0 0 0 0 0 0 0 0 0 0 0 0 0 0 0 0 0 0 
0 0 0 0 17 21 20 30 0 0 0 0 0 0 0 0 0 0 0 0 0 0 0 0 0 0 0 0 0 0 0 0 0 0 0 0 0 0 0 0 
0 0 0 0 11 12 17 25 11 16 24 25 20 16 14 26 0 0 0 0 21 24 26 11 25 27 16 22 15 15 22 26 25 14 15 10 0 0 0 0 
0 0 0 0 0 0 0 0 0 0 0 0 11 26 21 15 0 0 0 0 0 0 0 0 0 0 0 0 0 0 0 0 0 0 0 0 0 0 0 0 
0 0 0 0 0 0 0 0 0 0 0 0 0 0 0 0 0 0 0 0 0 0 0 0 0 0 0 0 0 0 0 0 0 0 0 0 12 13 19 13 
10 21 21 11 0 0 0 0 0 0 0 0 0 0 0 0 0 0 0 0 0 0 0 0 0 0 0 0 0 0 0 0 0 0 0 0 0 0 0 0 
0 0 0 0 0 0 0 0 0 0 0 0 0 0 0 0 0 0 0 0 0 0 0 0 27 24 15 11 0 0 0 0 0 0 0 0 0 0 0 0 
0 0 0 0 0 0 0 0 17 27 24 24 0 0 0 0 0 0 0 0 0 0 0 0 19 19 23 29 14 25 13 17 12 24 25 23 0 0 0 0 
0 0 0 0 10 24 10 28 0 0 0 0 16 17 30 18 22 23 21 22 28 20 21 16 18 10 30 20 24 26 23 17 28 29 24 15 0 0 0 0 
0 0 0 0 0 0 0 0 0 0 0 0 0 0 0 0 0 0 0 0 0 0 0 0 0 0 0 0 0 0 0 0 0 0 0 0 12 14 13 14 
14 23 13 12 0 0 0 0 0 0 0 0 0 0 0 0 0 0 0 0 0 0 0 0 0 0 0 0 0 0 0 0 0 0 0 0 0 0 0 0 
0 0 0 0 0 0 0 0 0 0 0 0 21 19 28 23 0 0 0 0 0 0 0 0 0 0 0 0 0 0 0 0 13 12 30 20 0 0 0 0 
0 0 0 0 14 25 29 22 29 18 24 16 27 30 14 10 23 24 17 19 0 0 0 0 11 30 11 16 14 21 25 16 11 15 22 21 0 0 0 0 
0 0 0 0 23 11 11 18 26 17 19 25 0 0 0 0 0 0 0 0 24 23 10 14 14 15 21 13 24 13 24 13 30 12 23 30 0 0 0 0 
0 0 0 0 0 0 0 0 0 0 0 0 0 0 0 0 0 0 0 0 0 0 0 0 0 0 0 0 0 0 0 0 0 0 0 0 14 28 12 11 
21 16 19 15 0 0 0 0 0 0 0 0 0 0 0 0 0 0 0 0 0 0 0 0 0 0 0 0 0 0 0 0 0 0 0 0 0 0 0 0 
0 0 0 0 19 17 12 15 28 30 16 15 0 0 0 0 24 25 10 23 0 0 0 0 19 12 10 16 0 0 0 0 24 20 17 25 0 0 0 0 
0 0 0 0 0 0 0 0 28 14 30 22 30 18 18 23 0 0 0 0 0 0 0 0 0 0 0 0 22 13 15 26 15 22 15 18 0 0 0 0 
0 0 0 0 24 17 25 18 0 0 0 0 10 25 30 16 0 0 0 0 0 0 0 0 0 0 0 0 17 15 16 15 0 0 0 0 0 0 0 0 
0 0 0 0 0 0 0 0 0 0 0 0 0 0 0 0 0 0 0 0 0 0 0 0 0 0 0 0 0 0 0 0 0 0 0 0 22 20 21 22 
24 30 13 25 0 0 0 0 0 0 0 0 0 0 0 0 0 0 0 0 0 0 0 0 0 0 0 0 0 0 0 0 0 0 0 0 0 0 0 0 
0 0 0 0 16 26 24 16 26 15 25 15 19 29 30 23 25 10 29 17 18 17 20 24 0 0 0 0 0 0 0 0 0 0 0 0 0 0 0 0 
0 0 0 0 28 23 23 23 18 10 10 11 26 20 19 10 0 0 0 0 17 24 12 13 10 20 22 20 28 19 25 20 26 14 23 28 0 0 0 0 
0 0 0 0 16 11 24 22 17 18 24 25 12 18 13 21 29 17 24 11 0 0 0 0 0 0 0 0 20 23 30 30 24 21 15 21 0 0 0 0 
0 0 0 0 0 0 0 0 0 0 0 0 0 0 0 0 0 0 0 0 0 0 0 0 0 0 0 0 0 0 0 0 0 0 0 0 20 12 21 12 
13 25 18 15 0 0 0 0 0 0 0 0 0 0 0 0 0 0 0 0 0 0 0 0 0 0 0 0 0 0 0 0 0 0 0 0 0 0 0 0 
0 0 0 0 21 11 28 18 0 0 0 0 0 0 0 0 0 0 0 0 0 0 0 0 0 0 0 0 19 10 17 15 0 0 0 0 0 0 0 0 
0 0 0 0 0 0 0 0 14 25 12 13 0 0 0 0 0 0 0 0 0 0 0 0 13 19 27 14 0 0 0 0 26 24 12 22 0 0 0 0 
0 0 0 0 28 14 10 17 25 13 27 14 16 16 21 19 18 13 13 20 20 28 11 28 27 12 10 11 30 21 23 12 14 25 15 24 0 0 0 0 
0 0 0 0 0 0 0 0 0 0 0 0 0 0 0 0 0 0 0 0 0 0 0 0 0 0 0 0 0 0 0 0 0 0 0 0 24 23 11 12 
22 14 15 24 0 0 0 0 0 0 0 0 0 0 0 0 0 0 0 0 0 0 0 0 0 0 0 0 0 0 0 0 0 0 0 0 0 0 0 0 
0 0 0 0 14 18 26 26 17 24 24 23 20 21 24 22 23 26 18 22 27 10 18 19 29 27 23 18 14 22 12 18 10 24 30 15 0 0 0 0 
0 0 0 0 0 0 0 0 20 26 24 13 0 0 0 0 0 0 0 0 0 0 0 0 0 0 0 0 0 0 0 0 0 0 0 0 0 0 0 0 
0 0 0 0 16 10 14 27 0 0 0 0 22 10 20 13 27 12 12 25 14 12 24 21 25 18 24 15 0 0 0 0 22 23 21 26 0 0 0 0 
0 0 0 0 0 0 0 0 0 0 0 0 0 0 0 0 0 0 0 0 0 0 0 0 0 0 0 0 0 0 0 0 0 0 0 0 24 14 12 24 
19 30 24 18 0 0 0 0 0 0 0 0 0 0 0 0 0 0 0 0 0 0 0 0 0 0 0 0 0 0 0 0 0 0 0 0 0 0 0 0 
0 0 0 0 11 12 17 11 25 19 30 30 0 0 0 0 10 16 18 27 18 13 16 16 26 12 17 18 10 11 29 29 0 0 0 0 0 0 0 0 
0 0 0 0 18 19 23 17 14 29 16 29 15 12 23 15 17 12 20 29 30 16 25 18 26 28 27 26 24 21 26 30 23 13 28 19 0 0 0 0 
0 0 0 0 22 24 19 10 26 21 24 29 0 0 0 0 0 0 0 0 0 0 0 0 18 24 22 19 29 22 27 12 16 26 29 28 0 0 0 0 
0 0 0 0 0 0 0 0 0 0 0 0 0 0 0 0 0 0 0 0 0 0 0 0 0 0 0 0 0 0 0 0 0 0 0 0 26 17 29 18 
16 22 13 23 0 0 0 0 0 0 0 0 0 0 0 0 0 0 0 0 0 0 0 0 0 0 0 0 0 0 0 0 0 0 0 0 0 0 0 0 
0 0 0 0 22 27 19 23 27 25 16 30 19 18 17 19 10 30 10 15 21 28 12 27 22 13 16 21 13 25 19 11 0 0 0 0 0 0 0 0 
0 0 0 0 12 12 23 24 27 27 17 19 15 15 13 27 14 12 14 21 15 12 27 13 0 0 0 0 0 0 0 0 0 0 0 0 0 0 0 0 
0 0 0 0 16 15 25 18 28 20 13 24 0 0 0 0 13 20 12 21 0 0 0 0 17 13 19 24 10 13 16 12 20 21 25 21 0 0 0 0 
0 0 0 0 0 0 0 0 0 0 0 0 0 0 0 0 0 0 0 0 0 0 0 0 0 0 0 0 0 0 0 0 0 0 0 0 15 25 23 17 
22 22 23 20 0 0 0 0 0 0 0 0 0 0 0 0 0 0 0 0 0 0 0 0 0 0 0 0 0 0 0 0 0 0 0 0 0 0 0 0 
0 0 0 0 0 0 0 0 0 0 0 0 0 0 0 0 23 30 18 17 20 27 20 11 0 0 0 0 21 16 30 21 0 0 0 0 0 0 0 0 
0 0 0 0 27 14 26 15 0 0 0 0 0 0 0 0 0 0 0 0 0 0 0 0 0 0 0 0 0 0 0 0 21 11 15 25 0 0 0 0 
0 0 0 0 23 12 17 14 22 22 16 21 14 13 22 30 0 0 0 0 0 0 0 0 0 0 0 0 0 0 0 0 12 30 16 12 0 0 0 0 
0 0 0 0 0 0 0 0 0 0 0 0 0 0 0 0 0 0 0 0 0 0 0 0 0 0 0 0 0 0 0 0 0 0 0 0 24 23 11 26 
24 26 12 13 0 0 0 0 0 0 0 0 0 0 0 0 0 0 0 0 0 0 0 0 0 0 0 0 0 0 0 0 0 0 0 0 0 0 0 0 
0 0 0 0 0 0 0 0 0 0 0 0 19 11 28 17 15 24 20 30 19 17 21 12 28 19 20 14 0 0 0 0 0 0 0 0 0 0 0 0 
0 0 0 0 25 16 26 13 17 22 26 29 0 0 0 0 0 0 0 0 0 0 0 0 12 14 24 18 29 20 17 23 13 17 25 12 0 0 0 0 
0 0 0 0 17 12 26 11 18 10 15 24 30 30 16 21 15 13 26 14 20 13 15 30 29 23 17 29 19 26 26 10 27 17 15 13 0 0 0 0 
0 0 0 0 0 0 0 0 0 0 0 0 0 0 0 0 0 0 0 0 0 0 0 0 0 0 0 0 0 0 0 0 0 0 0 0 13 19 19 22 
29 22 20 24 0 0 0 0 0 0 0 0 0 0 0 0 0 0 0 0 0 0 0 0 0 0 0 0 0 0 0 0 0 0 0 0 0 0 0 0 
0 0 0 0 22 27 23 13 0 0 0 0 20 27 28 15 0 0 0 0 24 13 28 26 0 0 0 0 0 0 0 0 13 23 26 22 0 0 0 0 
0 0 0 0 29 12 29 13 16 25 20 10 14 10 13 28 22 19 16 11 19 10 10 24 30 28 19 27 23 25 18 20 0 0 0 0 0 0 0 0 
0 0 0 0 15 11 15 23 20 28 21 27 0 0 0 0 11 28 20 11 29 28 26 18 25 26 26 30 11 27 29 12 24 27 24 25 0 0 0 0 
0 0 0 0 0 0 0 0 0 0 0 0 0 0 0 0 0 0 0 0 0 0 0 0 0 0 0 0 0 0 0 0 0 0 0 0 28 23 14 12 
27 19 25 25 0 0 0 0 0 0 0 0 0 0 0 0 0 0 0 0 0 0 0 0 0 0 0 0 0 0 0 0 0 0 0 0 0 0 0 0 
0 0 0 0 30 18 13 29 0 0 0 0 0 0 0 0 0 0 0 0 0 0 0 0 0 0 0 0 0 0 0 0 0 0 0 0 0 0 0 0 
0 0 0 0 27 25 14 18 20 10 22 27 0 0 0 0 0 0 0 0 24 24 23 11 25 25 27 17 26 14 19 15 19 11 29 17 0 0 0 0 
0 0 0 0 0 0 0 0 0 0 0 0 25 13 18 20 0 0 0 0 0 0 0 0 0 0 0 0 27 22 16 25 17 22 23 24 0 0 0 0 
0 0 0 0 0 0 0 0 0 0 0 0 0 0 0 0 0 0 0 0 0 0 0 0 0 0 0 0 0 0 0 0 0 0 0 0 17 28 10 10 
26 27 12 18 0 0 0 0 0 0 0 0 0 0 0 0 0 0 0 0 0 0 0 0 0 0 0 0 0 0 0 0 0 0 0 0 0 0 0 0 
0 0 0 0 14 24 20 23 0 0 0 0 15 16 22 23 22 24 26 20 0 0 0 0 0 0 0 0 0 0 0 0 11 19 12 28 0 0 0 0 
0 0 0 0 0 0 0 0 0 0 0 0 0 0 0 0 0 0 0 0 24 28 16 14 0 0 0 0 13 30 25 11 0 0 0 0 0 0 0 0 
0 0 0 0 18 15 18 19 0 0 0 0 20 10 25 20 27 29 13 19 0 0 0 0 10 13 20 25 0 0 0 0 15 12 25 11 0 0 0 0 
0 0 0 0 0 0 0 0 0 0 0 0 0 0 0 0 0 0 0 0 0 0 0 0 0 0 0 0 0 0 0 0 0 0 0 0 14 20 20 21 
13 29 13 28 0 0 0 0 0 0 0 0 0 0 0 0 0 0 0 0 0 0 0 0 0 0 0 0 0 0 0 0 0 0 0 0 0 0 0 0 
0 0 0 0 0 0 0 0 11 29 26 29 16 12 18 18 30 30 20 24 12 22 20 12 0 0 0 0 0 0 0 0 11 26 11 14 0 0 0 0 
0 0 0 0 11 18 22 23 18 17 19 14 27 17 25 24 19 14 14 21 25 15 13 10 27 21 10 25 25 16 12 10 28 12 14 22 0 0 0 0 
0 0 0 0 0 0 0 0 0 0 0 0 0 0 0 0 22 28 24 30 12 13 20 24 18 24 12 21 0 0 0 0 27 17 28 19 0 0 0 0 
0 0 0 0 0 0 0 0 0 0 0 0 0 0 0 0 0 0 0 0 0 0 0 0 0 0 0 0 0 0 0 0 0 0 0 0 17 22 29 13 
25 30 16 13 0 0 0 0 0 0 0 0 0 0 0 0 0 0 0 0 0 0 0 0 0 0 0 0 0 0 0 0 0 0 0 0 0 0 0 0 
0 0 0 0 0 0 0 0 20 14 17 25 0 0 0 0 28 20 18 13 0 0 0 0 0 0 0 0 0 0 0 0 20 14 26 19 0 0 0 0 
0 0 0 0 0 0 0 0 0 0 0 0 0 0 0 0 0 0 0 0 0 0 0 0 0 0 0 0 0 0 0 0 16 18 16 17 0 0 0 0 
0 0 0 0 0 0 0 0 30 20 19 10 0 0 0 0 0 0 0 0 12 26 22 27 0 0 0 0 0 0 0 0 0 0 0 0 0 0 0 0 
0 0 0 0 0 0 0 0 0 0 0 0 0 0 0 0 0 0 0 0 0 0 0 0 0 0 0 0 0 0 0 0 0 0 0 0 19 26 24 27 
30 15 28 27 0 0 0 0 0 0 0 0 0 0 0 0 0 0 0 0 0 0 0 0 0 0 0 0 0 0 0 0 0 0 0 0 0 0 0 0 
0 0 0 0 17 11 25 25 28 19 14 12 0 0 0 0 11 17 14 18 0 0 0 0 0 0 0 0 0 0 0 0 21 29 15 23 0 0 0 0 
0 0 0 0 0 0 0 0 27 28 25 10 29 29 14 18 24 28 21 18 0 0 0 0 25 17 29 13 27 28 27 22 30 24 24 12 0 0 0 0 
0 0 0 0 30 18 18 22 19 28 11 11 25 27 11 15 15 10 16 27 0 0 0 0 0 0 0 0 24 24 15 27 28 16 17 16 0 0 0 0 
0 0 0 0 0 0 0 0 0 0 0 0 0 0 0 0 0 0 0 0 0 0 0 0 0 0 0 0 0 0 0 0 0 0 0 0 23 14 13 24 
22 29 10 14 0 0 0 0 0 0 0 0 0 0 0 0 0 0 0 0 0 0 0 0 0 0 0 0 0 0 0 0 0 0 0 0 0 0 0 0 
0 0 0 0 16 10 17 22 0 0 0 0 19 22 29 19 19 18 26 25 0 0 0 0 11 28 13 23 29 14 20 10 15 12 16 16 0 0 0 0 
0 0 0 0 18 14 16 29 0 0 0 0 12 17 21 21 0 0 0 0 15 20 19 13 0 0 0 0 30 20 15 18 18 14 12 24 0 0 0 0 
0 0 0 0 25 11 20 12 25 14 27 28 0 0 0 0 0 0 0 0 27 22 28 22 20 19 16 20 0 0 0 0 22 18 15 11 0 0 0 0 
0 0 0 0 0 0 0 0 0 0 0 0 0 0 0 0 0 0 0 0 0 0 0 0 0 0 0 0 0 0 0 0 0 0 0 0 27 20 25 13 
14 18 20 27 0 0 0 0 0 0 0 0 0 0 0 0 0 0 0 0 0 0 0 0 0 0 0 0 0 0 0 0 0 0 0 0 0 0 0 0 
0 0 0 0 0 0 0 0 0 0 0 0 0 0 0 0 0 0 0 0 0 0 0 0 0 0 0 0 0 0 0 0 10 25 27 20 0 0 0 0 
0 0 0 0 0 0 0 0 22 17 30 16 0 0 0 0 18 18 25 24 13 25 23 29 0 0 0 0 0 0 0 0 29 22 17 21 0 0 0 0 
0 0 0 0 14 10 20 10 12 12 20 13 30 15 24 16 20 28 18 25 14 16 25 10 0 0 0 0 26 30 25 18 23 23 17 11 0 0 0 0 
0 0 0 0 0 0 0 0 0 0 0 0 0 0 0 0 0 0 0 0 0 0 0 0 0 0 0 0 0 0 0 0 0 0 0 0 13 22 14 23 
25 25 13 28 0 0 0 0 0 0 0 0 0 0 0 0 0 0 0 0 0 0 0 0 0 0 0 0 0 0 0 0 0 0 0 0 0 0 0 0 
0 0 0 0 17 11 21 20 20 27 20 28 23 21 30 22 13 28 13 13 10 12 26 30 11 25 21 29 12 10 16 25 15 21 14 30 0 0 0 0 
0 0 0 0 0 0 0 0 12 10 15 25 0 0 0 0 0 0 0 0 0 0 0 0 0 0 0 0 16 12 12 11 28 10 29 23 0 0 0 0 
0 0 0 0 0 0 0 0 14 14 14 12 0 0 0 0 25 24 15 14 24 13 26 25 0 0 0 0 13 23 22 19 24 21 10 23 0 0 0 0 
0 0 0 0 0 0 0 0 0 0 0 0 0 0 0 0 0 0 0 0 0 0 0 0 0 0 0 0 0 0 0 0 0 0 0 0 15 24 30 29 
24 27 30 14 0 0 0 0 0 0 0 0 0 0 0 0 0 0 0 0 0 0 0 0 0 0 0 0 0 0 0 0 0 0 0 0 0 0 0 0 
0 0 0 0 21 17 29 18 0 0 0 0 0 0 0 0 17 16 21 15 0 0 0 0 0 0 0 0 15 25 15 16 29 27 11 12 0 0 0 0 
0 0 0 0 0 0 0 0 0 0 0 0 0 0 0 0 0 0 0 0 13 29 16 15 0 0 0 0 0 0 0 0 0 0 0 0 0 0 0 0 
0 0 0 0 0 0 0 0 0 0 0 0 0 0 0 0 0 0 0 0 30 14 30 11 0 0 0 0 0 0 0 0 22 24 11 23 0 0 0 0 
0 0 0 0 0 0 0 0 0 0 0 0 0 0 0 0 0 0 0 0 0 0 0 0 0 0 0 0 0 0 0 0 0 0 0 0 28 23 18 12 
16 29 16 16 0 0 0 0 0 0 0 0 0 0 0 0 0 0 0 0 0 0 0 0 0 0 0 0 0 0 0 0 0 0 0 0 0 0 0 0 
0 0 0 0 22 18 18 22 29 19 21 22 21 22 12 22 0 0 0 0 28 15 18 10 27 17 29 28 0 0 0 0 0 0 0 0 0 0 0 0 
0 0 0 0 0 0 0 0 20 12 25 16 0 0 0 0 14 30 22 25 27 28 26 27 11 12 13 15 0 0 0 0 30 11 25 21 0 0 0 0 
0 0 0 0 0 0 0 0 22 25 19 23 0 0 0 0 19 24 12 11 10 14 16 28 0 0 0 0 0 0 0 0 0 0 0 0 0 0 0 0 
0 0 0 0 0 0 0 0 0 0 0 0 0 0 0 0 0 0 0 0 0 0 0 0 0 0 0 0 0 0 0 0 0 0 0 0 18 23 12 11 
21 14 14 24 0 0 0 0 0 0 0 0 0 0 0 0 0 0 0 0 0 0 0 0 0 0 0 0 0 0 0 0 0 0 0 0 0 0 0 0 
0 0 0 0 28 14 24 15 13 24 19 22 0 0 0 0 0 0 0 0 30 20 13 10 22 21 25 14 0 0 0 0 16 17 21 19 0 0 0 0 
0 0 0 0 12 18 17 24 14 12 10 13 19 28 13 14 25 28 19 16 13 17 13 16 19 27 27 11 24 25 20 14 0 0 0 0 0 0 0 0 
0 0 0 0 0 0 0 0 0 0 0 0 0 0 0 0 24 29 23 11 0 0 0 0 14 30 13 27 28 19 10 13 0 0 0 0 0 0 0 0 
0 0 0 0 0 0 0 0 0 0 0 0 0 0 0 0 0 0 0 0 0 0 0 0 0 0 0 0 0 0 0 0 0 0 0 0 29 11 14 26 
18 26 19 27 0 0 0 0 0 0 0 0 0 0 0 0 0 0 0 0 0 0 0 0 0 0 0 0 0 0 0 0 0 0 0 0 0 0 0 0 
0 0 0 0 22 29 18 27 0 0 0 0 0 0 0 0 24 22 22 29 0 0 0 0 0 0 0 0 0 0 0 0 0 0 0 0 0 0 0 0 
0 0 0 0 0 0 0 0 0 0 0 0 0 0 0 0 25 27 28 10 0 0 0 0 0 0 0 0 0 0 0 0 30 28 11 28 0 0 0 0 
0 0 0 0 23 22 17 10 23 19 24 23 0 0 0 0 12 30 26 30 0 0 0 0 27 22 26 19 30 10 17 10 0 0 0 0 0 0 0 0 
0 0 0 0 0 0 0 0 0 0 0 0 0 0 0 0 0 0 0 0 0 0 0 0 0 0 0 0 0 0 0 0 0 0 0 0 25 28 23 14 
29 13 30 12 0 0 0 0 0 0 0 0 0 0 0 0 0 0 0 0 0 0 0 0 0 0 0 0 0 0 0 0 0 0 0 0 0 0 0 0 
0 0 0 0 21 16 20 26 0 0 0 0 0 0 0 0 0 0 0 0 0 0 0 0 0 0 0 0 0 0 0 0 0 0 0 0 0 0 0 0 
0 0 0 0 0 0 0 0 0 0 0 0 0 0 0 0 0 0 0 0 30 19 11 25 0 0 0 0 0 0 0 0 0 0 0 0 0 0 0 0 
0 0 0 0 0 0 0 0 11 15 22 22 0 0 0 0 25 22 24 26 0 0 0 0 30 25 10 29 10 12 20 22 0 0 0 0 0 0 0 0 
0 0 0 0 0 0 0 0 0 0 0 0 0 0 0 0 0 0 0 0 0 0 0 0 0 0 0 0 0 0 0 0 0 0 0 0 12 25 15 25 
14 21 14 29 0 0 0 0 0 0 0 0 0 0 0 0 0 0 0 0 0 0 0 0 0 0 0 0 0 0 0 0 0 0 0 0 0 0 0 0 
0 0 0 0 0 0 0 0 17 20 11 19 0 0 0 0 0 0 0 0 0 0 0 0 0 0 0 0 0 0 0 0 0 0 0 0 0 0 0 0 
0 0 0 0 0 0 0 0 0 0 0 0 21 13 28 12 0 0 0 0 0 0 0 0 10 29 29 23 0 0 0 0 0 0 0 0 0 0 0 0 
0 0 0 0 28 10 20 26 27 10 14 29 24 19 10 14 17 13 11 27 27 21 13 23 23 20 29 12 0 0 0 0 0 0 0 0 0 0 0 0 
0 0 0 0 0 0 0 0 0 0 0 0 0 0 0 0 0 0 0 0 0 0 0 0 0 0 0 0 0 0 0 0 0 0 0 0 24 26 27 17 
17 28 20 17 0 0 0 0 0 0 0 0 0 0 0 0 0 0 0 0 0 0 0 0 0 0 0 0 0 0 0 0 0 0 0 0 0 0 0 0 
0 0 0 0 18 28 29 28 20 13 11 19 29 16 15 29 24 19 16 28 27 25 17 12 0 0 0 0 11 15 23 17 27 27 29 29 0 0 0 0 
0 0 0 0 0 0 0 0 16 13 28 22 13 30 10 29 0 0 0 0 10 12 10 18 22 11 10 28 10 24 15 20 22 12 24 17 0 0 0 0 
0 0 0 0 0 0 0 0 0 0 0 0 0 0 0 0 0 0 0 0 0 0 0 0 10 27 27 23 0 0 0 0 0 0 0 0 0 0 0 0 
0 0 0 0 0 0 0 0 0 0 0 0 0 0 0 0 0 0 0 0 0 0 0 0 0 0 0 0 0 0 0 0 0 0 0 0 11 23 13 25 
26 30 16 18 0 0 0 0 0 0 0 0 0 0 0 0 0 0 0 0 0 0 0 0 0 0 0 0 0 0 0 0 0 0 0 0 0 0 0 0 
0 0 0 0 16 15 10 26 0 0 0 0 0 0 0 0 0 0 0 0 0 0 0 0 0 0 0 0 0 0 0 0 0 0 0 0 0 0 0 0 
0 0 0 0 0 0 0 0 0 0 0 0 0 0 0 0 29 25 23 26 18 24 13 20 15 28 28 28 0 0 0 0 0 0 0 0 0 0 0 0 
0 0 0 0 22 16 22 13 14 16 17 12 0 0 0 0 0 0 0 0 14 10 22 20 27 14 26 18 30 15 26 29 30 14 26 26 0 0 0 0 
0 0 0 0 0 0 0 0 0 0 0 0 0 0 0 0 0 0 0 0 0 0 0 0 0 0 0 0 0 0 0 0 0 0 0 0 16 14 28 11 
27 24 25 28 0 0 0 0 0 0 0 0 0 0 0 0 0 0 0 0 0 0 0 0 0 0 0 0 0 0 0 0 0 0 0 0 0 0 0 0 
0 0 0 0 0 0 0 0 29 21 11 29 13 12 17 29 17 12 22 12 30 18 19 10 19 22 27 20 0 0 0 0 10 22 13 14 0 0 0 0 
0 0 0 0 13 22 28 27 22 24 22 24 28 27 20 22 27 25 23 29 11 26 23 29 0 0 0 0 0 0 0 0 11 18 17 12 0 0 0 0 
0 0 0 0 28 27 30 11 0 0 0 0 0 0 0 0 0 0 0 0 0 0 0 0 0 0 0 0 0 0 0 0 28 30 19 17 0 0 0 0 
0 0 0 0 0 0 0 0 0 0 0 0 0 0 0 0 0 0 0 0 0 0 0 0 0 0 0 0 0 0 0 0 0 0 0 0 19 20 24 29 
29 11 10 16 0 0 0 0 0 0 0 0 0 0 0 0 0 0 0 0 0 0 0 0 0 0 0 0 0 0 0 0 0 0 0 0 0 0 0 0 
0 0 0 0 0 0 0 0 30 24 28 24 28 12 30 10 20 11 28 29 0 0 0 0 0 0 0 0 27 13 13 14 21 28 11 11 0 0 0 0 
0 0 0 0 13 20 29 20 0 0 0 0 19 28 20 18 0 0 0 0 0 0 0 0 11 20 10 19 11 13 11 17 13 17 17 16 0 0 0 0 
0 0 0 0 0 0 0 0 0 0 0 0 0 0 0 0 15 28 23 14 0 0 0 0 0 0 0 0 0 0 0 0 0 0 0 0 0 0 0 0 
0 0 0 0 0 0 0 0 0 0 0 0 0 0 0 0 0 0 0 0 0 0 0 0 0 0 0 0 0 0 0 0 0 0 0 0 23 19 18 20 
20 19 10 20 0 0 0 0 0 0 0 0 0 0 0 0 0 0 0 0 0 0 0 0 0 0 0 0 0 0 0 0 0 0 0 0 0 0 0 0 
0 0 0 0 0 0 0 0 0 0 0 0 0 0 0 0 0 0 0 0 0 0 0 0 25 16 17 23 29 11 10 11 0 0 0 0 0 0 0 0 
0 0 0 0 19 21 21 20 0 0 0 0 18 22 29 29 12 15 30 28 12 20 20 29 0 0 0 0 29 27 21 28 0 0 0 0 0 0 0 0 
0 0 0 0 20 16 17 30 14 27 17 29 19 25 13 18 18 11 10 22 28 28 10 15 18 17 28 20 11 15 23 26 12 25 13 14 0 0 0 0 
0 0 0 0 0 0 0 0 0 0 0 0 0 0 0 0 0 0 0 0 0 0 0 0 0 0 0 0 0 0 0 0 0 0 0 0 25 13 15 16 
25 26 11 25 0 0 0 0 0 0 0 0 0 0 0 0 0 0 0 0 0 0 0 0 0 0 0 0 0 0 0 0 0 0 0 0 0 0 0 0 
0 0 0 0 0 0 0 0 0 0 0 0 0 0 0 0 22 11 23 17 10 20 25 16 0 0 0 0 0 0 0 0 27 15 19 12 0 0 0 0 
0 0 0 0 21 14 16 30 15 27 23 26 18 17 30 26 16 29 24 28 14 27 24 12 0 0 0 0 0 0 0 0 0 0 0 0 0 0 0 0 
0 0 0 0 10 22 16 25 21 26 19 10 30 27 28 24 24 25 27 23 0 0 0 0 0 0 0 0 30 18 22 21 0 0 0 0 0 0 0 0 
0 0 0 0 0 0 0 0 0 0 0 0 0 0 0 0 0 0 0 0 0 0 0 0 0 0 0 0 0 0 0 0 0 0 0 0 13 20 17 18 
11 23 26 11 0 0 0 0 0 0 0 0 0 0 0 0 0 0 0 0 0 0 0 0 0 0 0 0 0 0 0 0 0 0 0 0 0 0 0 0 
0 0 0 0 0 0 0 0 0 0 0 0 24 30 23 28 0 0 0 0 0 0 0 0 27 17 25 18 26 24 17 24 0 0 0 0 0 0 0 0 
0 0 0 0 0 0 0 0 0 0 0 0 26 18 22 15 14 26 24 17 0 0 0 0 26 18 30 17 11 17 30 18 17 29 22 28 0 0 0 0 
0 0 0 0 0 0 0 0 0 0 0 0 23 27 19 27 0 0 0 0 27 14 19 17 12 18 17 25 0 0 0 0 24 19 27 15 0 0 0 0 
0 0 0 0 0 0 0 0 0 0 0 0 0 0 0 0 0 0 0 0 0 0 0 0 0 0 0 0 0 0 0 0 0 0 0 0 26 18 28 12 
16 12 16 17 0 0 0 0 0 0 0 0 0 0 0 0 0 0 0 0 0 0 0 0 0 0 0 0 0 0 0 0 0 0 0 0 0 0 0 0 
0 0 0 0 22 20 21 18 17 14 22 17 14 21 22 23 17 30 17 10 27 19 20 18 0 0 0 0 19 23 22 21 29 19 14 18 0 0 0 0 
0 0 0 0 19 26 23 14 0 0 0 0 26 16 12 18 12 26 28 25 0 0 0 0 12 18 18 20 0 0 0 0 0 0 0 0 0 0 0 0 
0 0 0 0 18 30 24 16 22 23 15 10 0 0 0 0 28 25 24 13 28 25 21 26 25 21 21 12 0 0 0 0 29 11 27 29 0 0 0 0 
0 0 0 0 0 0 0 0 0 0 0 0 0 0 0 0 0 0 0 0 0 0 0 0 0 0 0 0 0 0 0 0 0 0 0 0 20 25 13 25 
13 23 30 18 0 0 0 0 0 0 0 0 0 0 0 0 0 0 0 0 0 0 0 0 0 0 0 0 0 0 0 0 0 0 0 0 0 0 0 0 
0 0 0 0 12 13 29 14 0 0 0 0 12 25 15 27 0 0 0 0 16 14 21 26 16 10 22 13 13 13 13 21 16 14 10 15 0 0 0 0 
0 0 0 0 28 28 10 26 12 19 12 22 0 0 0 0 21 30 23 20 0 0 0 0 0 0 0 0 0 0 0 0 0 0 0 0 0 0 0 0 
0 0 0 0 23 21 24 15 13 24 23 28 0 0 0 0 21 12 21 19 0 0 0 0 0 0 0 0 0 0 0 0 25 24 21 25 0 0 0 0 
0 0 0 0 0 0 0 0 0 0 0 0 0 0 0 0 0 0 0 0 0 0 0 0 0 0 0 0 0 0 0 0 0 0 0 0 27 21 16 14 
17 20 25 28 0 0 0 0 0 0 0 0 0 0 0 0 0 0 0 0 0 0 0 0 0 0 0 0 0 0 0 0 0 0 0 0 0 0 0 0 
0 0 0 0 10 28 30 11 28 21 19 24 0 0 0 0 22 24 29 11 19 16 19 13 14 16 24 30 15 30 28 24 17 24 19 16 0 0 0 0 
0 0 0 0 25 11 28 17 25 21 22 29 12 10 14 11 25 23 18 27 19 25 18 13 12 24 17 22 22 27 22 15 28 25 26 13 0 0 0 0 
0 0 0 0 20 29 17 15 0 0 0 0 0 0 0 0 25 13 27 15 10 12 16 23 27 16 17 16 0 0 0 0 12 19 19 10 0 0 0 0 
0 0 0 0 0 0 0 0 0 0 0 0 0 0 0 0 0 0 0 0 0 0 0 0 0 0 0 0 0 0 0 0 0 0 0 0 10 29 21 10 
22 12 12 17 0 0 0 0 0 0 0 0 0 0 0 0 0 0 0 0 0 0 0 0 0 0 0 0 0 0 0 0 0 0 0 0 0 0 0 0 
0 0 0 0 0 0 0 0 22 26 17 23 0 0 0 0 0 0 0 0 0 0 0 0 0 0 0 0 0 0 0 0 30 29 19 11 0 0 0 0 
0 0 0 0 18 23 17 28 14 30 18 29 26 25 28 21 23 18 11 16 10 10 25 24 17 22 21 26 10 11 14 27 28 21 11 27 0 0 0 0 
0 0 0 0 0 0 0 0 25 21 18 13 26 15 29 30 23 18 25 10 30 18 26 25 0 0 0 0 0 0 0 0 10 20 29 20 0 0 0 0 
0 0 0 0 0 0 0 0 0 0 0 0 0 0 0 0 0 0 0 0 0 0 0 0 0 0 0 0 0 0 0 0 0 0 0 0 10 24 27 19 
23 13 14 28 0 0 0 0 0 0 0 0 0 0 0 0 0 0 0 0 0 0 0 0 0 0 0 0 0 0 0 0 0 0 0 0 0 0 0 0 
0 0 0 0 29 26 17 27 23 13 18 30 11 12 16 10 25 30 20 17 13 23 21 19 0 0 0 0 26 21 18 10 19 11 30 12 0 0 0 0 
0 0 0 0 21 17 16 10 0 0 0 0 0 0 0 0 0 0 0 0 0 0 0 0 0 0 0 0 0 0 0 0 0 0 0 0 0 0 0 0 
0 0 0 0 0 0 0 0 26 13 12 21 0 0 0 0 0 0 0 0 0 0 0 0 0 0 0 0 14 24 13 27 0 0 0 0 0 0 0 0 
0 0 0 0 0 0 0 0 0 0 0 0 0 0 0 0 0 0 0 0 0 0 0 0 0 0 0 0 0 0 0 0 0 0 0 0 22 21 14 18 
20 15 29 15 0 0 0 0 0 0 0 0 0 0 0 0 0 0 0 0 0 0 0 0 0 0 0 0 0 0 0 0 0 0 0 0 0 0 0 0 
0 0 0 0 0 0 0 0 0 0 0 0 0 0 0 0 22 17 26 10 25 18 27 11 0 0 0 0 0 0 0 0 0 0 0 0 0 0 0 0 
0 0 0 0 10 16 11 24 28 17 29 12 21 10 26 11 0 0 0 0 21 18 12 15 19 26 24 28 22 13 30 10 22 13 13 12 0 0 0 0 
0 0 0 0 0 0 0 0 0 0 0 0 14 21 10 20 0 0 0 0 14 16 15 11 0 0 0 0 17 17 15 13 0 0 0 0 0 0 0 0 
0 0 0 0 0 0 0 0 0 0 0 0 0 0 0 0 0 0 0 0 0 0 0 0 0 0 0 0 0 0 0 0 0 0 0 0 17 17 28 25 
25 19 16 18 0 0 0 0 0 0 0 0 0 0 0 0 0 0 0 0 0 0 0 0 0 0 0 0 0 0 0 0 0 0 0 0 0 0 0 0 
0 0 0 0 17 21 26 21 25 10 28 26 22 29 13 19 11 10 14 12 25 30 15 29 18 30 27 16 0 0 0 0 12 15 26 11 0 0 0 0 
0 0 0 0 0 0 0 0 0 0 0 0 17 11 17 26 0 0 0 0 30 14 17 11 0 0 0 0 0 0 0 0 0 0 0 0 0 0 0 0 
0 0 0 0 0 0 0 0 0 0 0 0 10 28 26 23 0 0 0 0 0 0 0 0 29 15 26 26 0 0 0 0 0 0 0 0 0 0 0 0 
0 0 0 0 0 0 0 0 0 0 0 0 0 0 0 0 0 0 0 0 0 0 0 0 0 0 0 0 0 0 0 0 0 0 0 0 21 29 10 12 
21 28 17 23 0 0 0 0 0 0 0 0 0 0 0 0 0 0 0 0 0 0 0 0 0 0 0 0 0 0 0 0 0 0 0 0 0 0 0 0 
0 0 0 0 0 0 0 0 0 0 0 0 23 26 29 16 0 0 0 0 0 0 0 0 17 29 17 20 25 16 12 27 27 25 17 18 0 0 0 0 
0 0 0 0 19 13 17 22 23 17 20 30 18 11 18 11 19 29 14 15 18 11 24 27 26 24 24 25 18 12 18 11 19 10 20 16 0 0 0 0 
0 0 0 0 0 0 0 0 0 0 0 0 0 0 0 0 0 0 0 0 18 26 19 19 0 0 0 0 0 0 0 0 0 0 0 0 0 0 0 0 
0 0 0 0 0 0 0 0 0 0 0 0 0 0 0 0 0 0 0 0 0 0 0 0 0 0 0 0 0 0 0 0 0 0 0 0 21 26 29 16 
25 20 28 20 0 0 0 0 0 0 0 0 0 0 0 0 0 0 0 0 0 0 0 0 0 0 0 0 0 0 0 0 0 0 0 0 0 0 0 0 
0 0 0 0 13 28 10 15 29 22 25 16 10 29 21 10 17 13 23 26 10 12 10 17 28 29 19 13 29 15 17 17 30 23 23 28 0 0 0 0 
0 0 0 0 0 0 0 0 16 28 24 26 0 0 0 0 0 0 0 0 0 0 0 0 0 0 0 0 0 0 0 0 0 0 0 0 0 0 0 0 
0 0 0 0 21 28 20 21 0 0 0 0 22 13 24 14 0 0 0 0 29 25 28 25 0 0 0 0 0 0 0 0 0 0 0 0 0 0 0 0 
0 0 0 0 0 0 0 0 0 0 0 0 0 0 0 0 0 0 0 0 0 0 0 0 0 0 0 0 0 0 0 0 0 0 0 0 30 12 17 23 
24 25 11 18 0 0 0 0 0 0 0 0 0 0 0 0 0 0 0 0 0 0 0 0 0 0 0 0 0 0 0 0 0 0 0 0 0 0 0 0 
0 0 0 0 10 10 20 14 16 21 20 11 26 16 22 21 0 0 0 0 23 15 28 16 17 23 26 30 0 0 0 0 19 24 23 21 0 0 0 0 
0 0 0 0 0 0 0 0 0 0 0 0 0 0 0 0 30 15 15 26 0 0 0 0 0 0 0 0 0 0 0 0 0 0 0 0 0 0 0 0 
0 0 0 0 20 10 25 27 27 15 22 29 28 10 23 26 12 21 28 18 15 22 21 11 14 22 16 23 24 16 12 21 24 10 15 12 0 0 0 0 
0 0 0 0 0 0 0 0 0 0 0 0 0 0 0 0 0 0 0 0 0 0 0 0 0 0 0 0 0 0 0 0 0 0 0 0 26 16 17 25 
28 23 23 18 0 0 0 0 0 0 0 0 0 0 0 0 0 0 0 0 0 0 0 0 0 0 0 0 0 0 0 0 0 0 0 0 0 0 0 0 
0 0 0 0 0 0 0 0 24 30 26 17 28 20 22 14 15 13 22 30 0 0 0 0 28 28 27 12 23 28 17 12 10 24 19 25 0 0 0 0 
0 0 0 0 15 28 21 17 21 13 26 29 18 17 14 13 15 17 13 26 0 0 0 0 21 21 16 11 20 24 12 14 18 23 10 28 0 0 0 0 
0 0 0 0 0 0 0 0 0 0 0 0 0 0 0 0 0 0 0 0 0 0 0 0 23 17 10 19 0 0 0 0 0 0 0 0 0 0 0 0 
0 0 0 0 0 0 0 0 0 0 0 0 0 0 0 0 0 0 0 0 0 0 0 0 0 0 0 0 0 0 0 0 0 0 0 0 25 16 18 16 
13 22 12 25 0 0 0 0 0 0 0 0 0 0 0 0 0 0 0 0 0 0 0 0 0 0 0 0 0 0 0 0 0 0 0 0 0 0 0 0 
0 0 0 0 11 29 16 22 19 22 10 18 25 11 13 29 0 0 0 0 18 15 19 22 25 23 11 22 28 15 17 28 13 22 19 19 0 0 0 0 
0 0 0 0 13 24 28 11 0 0 0 0 0 0 0 0 0 0 0 0 0 0 0 0 0 0 0 0 0 0 0 0 14 26 27 19 0 0 0 0 
0 0 0 0 20 21 11 20 21 23 20 20 28 13 12 21 0 0 0 0 23 14 18 12 0 0 0 0 0 0 0 0 17 16 17 18 0 0 0 0 
0 0 0 0 0 0 0 0 0 0 0 0 0 0 0 0 0 0 0 0 0 0 0 0 0 0 0 0 0 0 0 0 0 0 0 0 23 13 29 22 
25 21 19 14 0 0 0 0 0 0 0 0 0 0 0 0 0 0 0 0 0 0 0 0 0 0 0 0 0 0 0 0 0 0 0 0 0 0 0 0 
0 0 0 0 19 25 29 27 22 13 17 23 0 0 0 0 0 0 0 0 0 0 0 0 0 0 0 0 0 0 0 0 0 0 0 0 0 0 0 0 
0 0 0 0 0 0 0 0 21 17 25 20 0 0 0 0 22 21 11 21 0 0 0 0 0 0 0 0 0 0 0 0 0 0 0 0 0 0 0 0 
0 0 0 0 12 25 16 29 0 0 0 0 0 0 0 0 0 0 0 0 14 20 17 15 0 0 0 0 0 0 0 0 23 16 28 12 0 0 0 0 
0 0 0 0 0 0 0 0 0 0 0 0 0 0 0 0 0 0 0 0 0 0 0 0 0 0 0 0 0 0 0 0 0 0 0 0 23 22 19 19 
14 14 28 10 0 0 0 0 0 0 0 0 0 0 0 0 0 0 0 0 0 0 0 0 0 0 0 0 0 0 0 0 0 0 0 0 0 0 0 0 
0 0 0 0 0 0 0 0 10 12 24 21 20 14 20 12 0 0 0 0 30 17 11 12 27 19 13 11 20 16 10 18 0 0 0 0 0 0 0 0 
0 0 0 0 21 22 12 27 0 0 0 0 14 29 13 25 30 14 13 14 0 0 0 0 0 0 0 0 24 12 14 11 0 0 0 0 0 0 0 0 
0 0 0 0 23 21 17 29 15 16 13 14 16 13 22 26 12 16 21 23 11 21 10 12 11 10 12 18 23 22 29 26 11 16 17 19 0 0 0 0 
0 0 0 0 0 0 0 0 0 0 0 0 0 0 0 0 0 0 0 0 0 0 0 0 0 0 0 0 0 0 0 0 0 0 0 0 30 16 26 22 
29 23 11 14 0 0 0 0 0 0 0 0 0 0 0 0 0 0 0 0 0 0 0 0 0 0 0 0 0 0 0 0 0 0 0 0 0 0 0 0 
0 0 0 0 29 12 16 24 25 14 28 26 16 15 27 13 11 15 30 18 0 0 0 0 0 0 0 0 26 13 27 26 0 0 0 0 0 0 0 0 
0 0 0 0 0 0 0 0 0 0 0 0 12 12 26 22 0 0 0 0 0 0 0 0 17 18 28 13 0 0 0 0 10 18 22 11 0 0 0 0 
0 0 0 0 0 0 0 0 13 27 25 10 24 14 11 11 22 22 21 30 28 14 25 25 21 12 10 23 14 14 30 14 22 11 22 16 0 0 0 0 
0 0 0 0 0 0 0 0 0 0 0 0 0 0 0 0 0 0 0 0 0 0 0 0 0 0 0 0 0 0 0 0 0 0 0 0 23 20 30 17 
19 21 25 15 0 0 0 0 0 0 0 0 0 0 0 0 0 0 0 0 0 0 0 0 0 0 0 0 0 0 0 0 0 0 0 0 0 0 0 0 
0 0 0 0 23 19 12 10 23 30 25 21 29 21 29 30 13 28 29 16 18 26 29 25 14 25 10 27 15 15 12 10 29 17 14 17 0 0 0 0 
0 0 0 0 26 24 20 22 17 11 30 14 10 12 28 14 0 0 0 0 12 11 10 22 22 12 14 28 30 15 29 11 24 20 17 23 0 0 0 0 
0 0 0 0 0 0 0 0 10 25 13 29 0 0 0 0 25 27 21 13 13 30 23 17 0 0 0 0 0 0 0 0 0 0 0 0 0 0 0 0 
0 0 0 0 0 0 0 0 0 0 0 0 0 0 0 0 0 0 0 0 0 0 0 0 0 0 0 0 0 0 0 0 0 0 0 0 23 17 30 28
---------------------
 
Processing cost   (0 -- non-optional machine)
Rows: sequential for each operation of each part; Columns: correspond to machine number
13 12 17 10 0 0 0 0 0 0 0 0 0 0 0 0 0 0 0 0 0 0 0 0 0 0 0 0 0 0 0 0 0 0 0 0 0 0 0 0 
0 0 0 0 14 12 15 18 10 19 19 12 0 0 0 0 12 10 15 17 19 12 12 20 0 0 0 0 14 12 18 15 12 17 18 20 0 0 0 0 
0 0 0 0 0 0 0 0 0 0 0 0 0 0 0 0 0 0 0 0 14 11 12 16 20 20 13 10 0 0 0 0 11 18 10 13 0 0 0 0 
0 0 0 0 10 15 20 17 0 0 0 0 0 0 0 0 17 13 12 17 20 11 14 16 0 0 0 0 0 0 0 0 16 12 11 13 0 0 0 0 
0 0 0 0 0 0 0 0 0 0 0 0 0 0 0 0 0 0 0 0 0 0 0 0 0 0 0 0 0 0 0 0 0 0 0 0 13 12 13 12 
14 10 17 14 0 0 0 0 0 0 0 0 0 0 0 0 0 0 0 0 0 0 0 0 0 0 0 0 0 0 0 0 0 0 0 0 0 0 0 0 
0 0 0 0 18 17 11 19 0 0 0 0 0 0 0 0 0 0 0 0 0 0 0 0 0 0 0 0 0 0 0 0 0 0 0 0 0 0 0 0 
0 0 0 0 16 14 10 18 10 14 19 13 15 20 14 12 0 0 0 0 17 14 20 13 17 15 17 20 18 17 18 19 18 13 10 14 0 0 0 0 
0 0 0 0 0 0 0 0 0 0 0 0 15 15 17 16 0 0 0 0 0 0 0 0 0 0 0 0 0 0 0 0 0 0 0 0 0 0 0 0 
0 0 0 0 0 0 0 0 0 0 0 0 0 0 0 0 0 0 0 0 0 0 0 0 0 0 0 0 0 0 0 0 0 0 0 0 11 12 19 13 
16 15 20 17 0 0 0 0 0 0 0 0 0 0 0 0 0 0 0 0 0 0 0 0 0 0 0 0 0 0 0 0 0 0 0 0 0 0 0 0 
0 0 0 0 0 0 0 0 0 0 0 0 0 0 0 0 0 0 0 0 0 0 0 0 18 19 16 16 0 0 0 0 0 0 0 0 0 0 0 0 
0 0 0 0 0 0 0 0 20 17 14 19 0 0 0 0 0 0 0 0 0 0 0 0 12 12 13 10 10 15 12 14 20 11 18 12 0 0 0 0 
0 0 0 0 19 12 18 15 0 0 0 0 17 16 17 13 16 16 16 13 12 13 15 11 12 17 20 19 15 20 20 11 17 13 19 10 0 0 0 0 
0 0 0 0 0 0 0 0 0 0 0 0 0 0 0 0 0 0 0 0 0 0 0 0 0 0 0 0 0 0 0 0 0 0 0 0 11 14 13 14 
16 11 15 12 0 0 0 0 0 0 0 0 0 0 0 0 0 0 0 0 0 0 0 0 0 0 0 0 0 0 0 0 0 0 0 0 0 0 0 0 
0 0 0 0 0 0 0 0 0 0 0 0 18 11 12 14 0 0 0 0 0 0 0 0 0 0 0 0 0 0 0 0 13 15 14 20 0 0 0 0 
0 0 0 0 11 14 10 10 12 13 14 16 15 19 20 20 19 20 18 10 0 0 0 0 11 12 15 10 11 19 17 13 14 12 10 10 0 0 0 0 
0 0 0 0 18 16 20 17 12 12 15 10 0 0 0 0 0 0 0 0 12 12 14 10 11 19 19 12 14 14 20 10 19 20 20 18 0 0 0 0 
0 0 0 0 0 0 0 0 0 0 0 0 0 0 0 0 0 0 0 0 0 0 0 0 0 0 0 0 0 0 0 0 0 0 0 0 19 18 13 13 
15 17 13 20 0 0 0 0 0 0 0 0 0 0 0 0 0 0 0 0 0 0 0 0 0 0 0 0 0 0 0 0 0 0 0 0 0 0 0 0 
0 0 0 0 18 12 19 11 19 17 11 17 0 0 0 0 20 20 15 15 0 0 0 0 18 18 18 17 0 0 0 0 10 13 15 20 0 0 0 0 
0 0 0 0 0 0 0 0 11 14 20 16 12 14 13 12 0 0 0 0 0 0 0 0 0 0 0 0 17 17 16 15 10 19 14 10 0 0 0 0 
0 0 0 0 19 19 18 13 0 0 0 0 17 18 17 11 0 0 0 0 0 0 0 0 0 0 0 0 11 18 18 11 0 0 0 0 0 0 0 0 
0 0 0 0 0 0 0 0 0 0 0 0 0 0 0 0 0 0 0 0 0 0 0 0 0 0 0 0 0 0 0 0 0 0 0 0 14 13 20 12 
10 14 10 17 0 0 0 0 0 0 0 0 0 0 0 0 0 0 0 0 0 0 0 0 0 0 0 0 0 0 0 0 0 0 0 0 0 0 0 0 
0 0 0 0 18 16 16 12 10 10 15 11 14 20 15 11 19 20 15 20 17 14 14 19 0 0 0 0 0 0 0 0 0 0 0 0 0 0 0 0 
0 0 0 0 13 19 20 20 10 19 15 17 16 10 11 19 0 0 0 0 10 16 14 18 11 17 11 20 14 13 14 15 15 13 16 11 0 0 0 0 
0 0 0 0 12 17 14 19 12 16 15 12 17 13 10 14 13 18 17 19 0 0 0 0 0 0 0 0 10 11 14 12 18 13 13 17 0 0 0 0 
0 0 0 0 0 0 0 0 0 0 0 0 0 0 0 0 0 0 0 0 0 0 0 0 0 0 0 0 0 0 0 0 0 0 0 0 20 20 12 13 
20 12 16 13 0 0 0 0 0 0 0 0 0 0 0 0 0 0 0 0 0 0 0 0 0 0 0 0 0 0 0 0 0 0 0 0 0 0 0 0 
0 0 0 0 16 14 16 10 0 0 0 0 0 0 0 0 0 0 0 0 0 0 0 0 0 0 0 0 15 16 19 11 0 0 0 0 0 0 0 0 
0 0 0 0 0 0 0 0 14 18 11 18 0 0 0 0 0 0 0 0 0 0 0 0 14 13 16 10 0 0 0 0 15 16 14 19 0 0 0 0 
0 0 0 0 15 16 20 18 19 14 17 20 10 13 13 10 11 12 10 17 20 18 14 12 16 17 16 14 10 11 17 11 10 16 13 10 0 0 0 0 
0 0 0 0 0 0 0 0 0 0 0 0 0 0 0 0 0 0 0 0 0 0 0 0 0 0 0 0 0 0 0 0 0 0 0 0 11 20 19 11 
17 17 16 14 0 0 0 0 0 0 0 0 0 0 0 0 0 0 0 0 0 0 0 0 0 0 0 0 0 0 0 0 0 0 0 0 0 0 0 0 
0 0 0 0 13 20 12 16 15 12 20 11 16 10 13 19 12 14 17 12 13 11 19 20 15 16 19 18 12 19 13 14 19 14 20 15 0 0 0 0 
0 0 0 0 0 0 0 0 12 20 15 18 0 0 0 0 0 0 0 0 0 0 0 0 0 0 0 0 0 0 0 0 0 0 0 0 0 0 0 0 
0 0 0 0 18 17 16 18 0 0 0 0 19 12 20 11 10 20 10 12 17 19 20 18 13 15 17 14 0 0 0 0 19 16 20 15 0 0 0 0 
0 0 0 0 0 0 0 0 0 0 0 0 0 0 0 0 0 0 0 0 0 0 0 0 0 0 0 0 0 0 0 0 0 0 0 0 10 18 17 19 
18 12 10 19 0 0 0 0 0 0 0 0 0 0 0 0 0 0 0 0 0 0 0 0 0 0 0 0 0 0 0 0 0 0 0 0 0 0 0 0 
0 0 0 0 18 12 12 18 17 16 12 19 0 0 0 0 19 19 20 10 15 13 11 17 10 12 11 14 12 11 12 19 0 0 0 0 0 0 0 0 
0 0 0 0 18 20 13 18 19 15 17 14 12 18 16 17 11 20 15 13 10 19 17 17 14 17 19 11 19 17 11 13 17 11 18 18 0 0 0 0 
0 0 0 0 16 13 12 10 17 12 18 12 0 0 0 0 0 0 0 0 0 0 0 0 14 10 19 17 18 19 17 11 13 14 17 15 0 0 0 0 
0 0 0 0 0 0 0 0 0 0 0 0 0 0 0 0 0 0 0 0 0 0 0 0 0 0 0 0 0 0 0 0 0 0 0 0 20 19 15 12 
13 10 12 12 0 0 0 0 0 0 0 0 0 0 0 0 0 0 0 0 0 0 0 0 0 0 0 0 0 0 0 0 0 0 0 0 0 0 0 0 
0 0 0 0 16 20 13 20 14 18 19 20 16 14 17 12 13 10 13 17 16 16 10 11 11 17 11 12 19 16 10 16 0 0 0 0 0 0 0 0 
0 0 0 0 12 10 10 19 13 18 12 20 17 15 12 10 13 11 18 19 16 13 14 12 0 0 0 0 0 0 0 0 0 0 0 0 0 0 0 0 
0 0 0 0 14 10 16 20 17 12 19 19 0 0 0 0 16 15 18 13 0 0 0 0 18 19 15 14 12 19 17 10 17 10 16 12 0 0 0 0 
0 0 0 0 0 0 0 0 0 0 0 0 0 0 0 0 0 0 0 0 0 0 0 0 0 0 0 0 0 0 0 0 0 0 0 0 13 15 10 20 
17 12 12 12 0 0 0 0 0 0 0 0 0 0 0 0 0 0 0 0 0 0 0 0 0 0 0 0 0 0 0 0 0 0 0 0 0 0 0 0 
0 0 0 0 0 0 0 0 0 0 0 0 0 0 0 0 15 11 15 18 15 16 14 18 0 0 0 0 19 16 14 11 0 0 0 0 0 0 0 0 
0 0 0 0 17 17 15 20 0 0 0 0 0 0 0 0 0 0 0 0 0 0 0 0 0 0 0 0 0 0 0 0 19 10 14 16 0 0 0 0 
0 0 0 0 15 18 13 12 16 18 19 12 11 13 16 14 0 0 0 0 0 0 0 0 0 0 0 0 0 0 0 0 20 15 16 15 0 0 0 0 
0 0 0 0 0 0 0 0 0 0 0 0 0 0 0 0 0 0 0 0 0 0 0 0 0 0 0 0 0 0 0 0 0 0 0 0 20 16 12 10 
16 19 10 17 0 0 0 0 0 0 0 0 0 0 0 0 0 0 0 0 0 0 0 0 0 0 0 0 0 0 0 0 0 0 0 0 0 0 0 0 
0 0 0 0 0 0 0 0 0 0 0 0 10 17 18 12 13 17 10 12 11 17 14 19 17 16 11 14 0 0 0 0 0 0 0 0 0 0 0 0 
0 0 0 0 20 12 12 19 13 14 12 16 0 0 0 0 0 0 0 0 0 0 0 0 16 14 12 15 17 16 19 19 20 18 18 10 0 0 0 0 
0 0 0 0 19 10 14 16 19 20 10 14 12 16 19 15 17 13 18 19 13 14 10 15 17 13 19 16 18 10 12 17 10 10 20 13 0 0 0 0 
0 0 0 0 0 0 0 0 0 0 0 0 0 0 0 0 0 0 0 0 0 0 0 0 0 0 0 0 0 0 0 0 0 0 0 0 12 20 14 18 
17 20 13 10 0 0 0 0 0 0 0 0 0 0 0 0 0 0 0 0 0 0 0 0 0 0 0 0 0 0 0 0 0 0 0 0 0 0 0 0 
0 0 0 0 13 13 18 10 0 0 0 0 16 11 15 14 0 0 0 0 14 12 11 10 0 0 0 0 0 0 0 0 11 16 17 18 0 0 0 0 
0 0 0 0 14 11 13 17 12 17 19 11 12 18 17 11 16 10 19 11 16 11 17 18 13 17 12 12 11 20 20 11 0 0 0 0 0 0 0 0 
0 0 0 0 16 18 18 19 12 18 19 14 0 0 0 0 17 15 20 12 15 10 17 15 16 15 16 10 17 18 16 13 12 12 20 17 0 0 0 0 
0 0 0 0 0 0 0 0 0 0 0 0 0 0 0 0 0 0 0 0 0 0 0 0 0 0 0 0 0 0 0 0 0 0 0 0 19 19 19 11 
12 14 13 16 0 0 0 0 0 0 0 0 0 0 0 0 0 0 0 0 0 0 0 0 0 0 0 0 0 0 0 0 0 0 0 0 0 0 0 0 
0 0 0 0 15 10 14 20 0 0 0 0 0 0 0 0 0 0 0 0 0 0 0 0 0 0 0 0 0 0 0 0 0 0 0 0 0 0 0 0 
0 0 0 0 11 13 16 12 16 16 19 14 0 0 0 0 0 0 0 0 19 18 11 10 17 11 14 12 10 14 14 16 18 17 10 11 0 0 0 0 
0 0 0 0 0 0 0 0 0 0 0 0 13 11 18 13 0 0 0 0 0 0 0 0 0 0 0 0 20 19 15 14 17 10 11 11 0 0 0 0 
0 0 0 0 0 0 0 0 0 0 0 0 0 0 0 0 0 0 0 0 0 0 0 0 0 0 0 0 0 0 0 0 0 0 0 0 18 13 17 19 
18 14 16 10 0 0 0 0 0 0 0 0 0 0 0 0 0 0 0 0 0 0 0 0 0 0 0 0 0 0 0 0 0 0 0 0 0 0 0 0 
0 0 0 0 10 18 16 13 0 0 0 0 11 12 18 18 20 19 15 11 0 0 0 0 0 0 0 0 0 0 0 0 19 14 11 16 0 0 0 0 
0 0 0 0 0 0 0 0 0 0 0 0 0 0 0 0 0 0 0 0 20 12 13 18 0 0 0 0 10 15 17 14 0 0 0 0 0 0 0 0 
0 0 0 0 11 12 20 12 0 0 0 0 17 18 15 12 15 12 20 10 0 0 0 0 11 16 16 20 0 0 0 0 12 19 19 15 0 0 0 0 
0 0 0 0 0 0 0 0 0 0 0 0 0 0 0 0 0 0 0 0 0 0 0 0 0 0 0 0 0 0 0 0 0 0 0 0 12 14 11 10 
18 13 16 10 0 0 0 0 0 0 0 0 0 0 0 0 0 0 0 0 0 0 0 0 0 0 0 0 0 0 0 0 0 0 0 0 0 0 0 0 
0 0 0 0 0 0 0 0 20 17 10 12 15 11 20 12 15 17 19 15 18 16 14 20 0 0 0 0 0 0 0 0 11 19 12 12 0 0 0 0 
0 0 0 0 19 10 13 14 16 19 15 12 17 18 11 15 16 10 17 14 10 16 15 15 14 15 16 19 11 18 17 19 14 12 11 12 0 0 0 0 
0 0 0 0 0 0 0 0 0 0 0 0 0 0 0 0 15 17 11 19 17 15 15 18 11 17 10 20 0 0 0 0 12 11 15 10 0 0 0 0 
0 0 0 0 0 0 0 0 0 0 0 0 0 0 0 0 0 0 0 0 0 0 0 0 0 0 0 0 0 0 0 0 0 0 0 0 14 10 14 12 
20 19 13 19 0 0 0 0 0 0 0 0 0 0 0 0 0 0 0 0 0 0 0 0 0 0 0 0 0 0 0 0 0 0 0 0 0 0 0 0 
0 0 0 0 0 0 0 0 13 10 18 20 0 0 0 0 18 15 17 16 0 0 0 0 0 0 0 0 0 0 0 0 16 11 20 14 0 0 0 0 
0 0 0 0 0 0 0 0 0 0 0 0 0 0 0 0 0 0 0 0 0 0 0 0 0 0 0 0 0 0 0 0 12 12 10 19 0 0 0 0 
0 0 0 0 0 0 0 0 20 17 13 12 0 0 0 0 0 0 0 0 18 18 13 12 0 0 0 0 0 0 0 0 0 0 0 0 0 0 0 0 
0 0 0 0 0 0 0 0 0 0 0 0 0 0 0 0 0 0 0 0 0 0 0 0 0 0 0 0 0 0 0 0 0 0 0 0 20 16 10 10 
19 11 16 16 0 0 0 0 0 0 0 0 0 0 0 0 0 0 0 0 0 0 0 0 0 0 0 0 0 0 0 0 0 0 0 0 0 0 0 0 
0 0 0 0 19 10 13 17 13 10 19 16 0 0 0 0 20 15 18 15 0 0 0 0 0 0 0 0 0 0 0 0 14 19 12 13 0 0 0 0 
0 0 0 0 0 0 0 0 19 19 14 14 13 20 13 13 19 10 14 16 0 0 0 0 16 16 12 14 17 14 19 20 12 18 11 19 0 0 0 0 
0 0 0 0 17 11 17 16 20 14 19 20 10 18 20 10 14 11 10 13 0 0 0 0 0 0 0 0 17 14 18 18 20 18 13 16 0 0 0 0 
0 0 0 0 0 0 0 0 0 0 0 0 0 0 0 0 0 0 0 0 0 0 0 0 0 0 0 0 0 0 0 0 0 0 0 0 16 17 19 18 
19 18 13 16 0 0 0 0 0 0 0 0 0 0 0 0 0 0 0 0 0 0 0 0 0 0 0 0 0 0 0 0 0 0 0 0 0 0 0 0 
0 0 0 0 17 20 20 13 0 0 0 0 20 16 15 18 12 12 17 14 0 0 0 0 20 16 17 14 15 19 19 10 10 11 18 20 0 0 0 0 
0 0 0 0 14 14 11 16 0 0 0 0 15 18 18 13 0 0 0 0 10 18 19 18 0 0 0 0 20 11 17 10 11 15 10 11 0 0 0 0 
0 0 0 0 12 13 16 12 19 10 16 20 0 0 0 0 0 0 0 0 16 12 11 17 20 20 17 17 0 0 0 0 18 20 12 20 0 0 0 0 
0 0 0 0 0 0 0 0 0 0 0 0 0 0 0 0 0 0 0 0 0 0 0 0 0 0 0 0 0 0 0 0 0 0 0 0 12 17 16 17 
19 20 19 11 0 0 0 0 0 0 0 0 0 0 0 0 0 0 0 0 0 0 0 0 0 0 0 0 0 0 0 0 0 0 0 0 0 0 0 0 
0 0 0 0 0 0 0 0 0 0 0 0 0 0 0 0 0 0 0 0 0 0 0 0 0 0 0 0 0 0 0 0 13 10 17 17 0 0 0 0 
0 0 0 0 0 0 0 0 17 15 14 10 0 0 0 0 15 11 12 20 20 16 18 17 0 0 0 0 0 0 0 0 10 10 14 13 0 0 0 0 
0 0 0 0 14 19 11 10 11 11 13 20 10 16 14 20 20 15 11 11 18 14 12 11 0 0 0 0 10 14 11 18 20 10 19 18 0 0 0 0 
0 0 0 0 0 0 0 0 0 0 0 0 0 0 0 0 0 0 0 0 0 0 0 0 0 0 0 0 0 0 0 0 0 0 0 0 20 19 16 20 
10 11 14 20 0 0 0 0 0 0 0 0 0 0 0 0 0 0 0 0 0 0 0 0 0 0 0 0 0 0 0 0 0 0 0 0 0 0 0 0 
0 0 0 0 17 15 17 15 17 16 11 17 19 12 17 14 19 16 18 17 15 12 17 16 17 18 12 16 10 14 10 20 19 10 14 15 0 0 0 0 
0 0 0 0 0 0 0 0 11 20 18 17 0 0 0 0 0 0 0 0 0 0 0 0 0 0 0 0 12 16 11 16 15 18 14 19 0 0 0 0 
0 0 0 0 0 0 0 0 17 19 20 17 0 0 0 0 15 10 19 15 18 19 17 11 0 0 0 0 10 16 12 12 15 17 10 16 0 0 0 0 
0 0 0 0 0 0 0 0 0 0 0 0 0 0 0 0 0 0 0 0 0 0 0 0 0 0 0 0 0 0 0 0 0 0 0 0 12 11 10 20 
17 18 17 16 0 0 0 0 0 0 0 0 0 0 0 0 0 0 0 0 0 0 0 0 0 0 0 0 0 0 0 0 0 0 0 0 0 0 0 0 
0 0 0 0 18 11 10 16 0 0 0 0 0 0 0 0 13 20 16 15 0 0 0 0 0 0 0 0 15 13 11 16 17 15 20 12 0 0 0 0 
0 0 0 0 0 0 0 0 0 0 0 0 0 0 0 0 0 0 0 0 14 13 20 18 0 0 0 0 0 0 0 0 0 0 0 0 0 0 0 0 
0 0 0 0 0 0 0 0 0 0 0 0 0 0 0 0 0 0 0 0 19 19 13 20 0 0 0 0 0 0 0 0 19 14 16 16 0 0 0 0 
0 0 0 0 0 0 0 0 0 0 0 0 0 0 0 0 0 0 0 0 0 0 0 0 0 0 0 0 0 0 0 0 0 0 0 0 11 12 20 11 
19 20 10 16 0 0 0 0 0 0 0 0 0 0 0 0 0 0 0 0 0 0 0 0 0 0 0 0 0 0 0 0 0 0 0 0 0 0 0 0 
0 0 0 0 20 18 15 19 20 13 15 18 17 11 11 10 0 0 0 0 13 10 12 10 12 16 14 19 0 0 0 0 0 0 0 0 0 0 0 0 
0 0 0 0 0 0 0 0 14 18 17 14 0 0 0 0 11 16 16 17 13 16 16 18 11 13 17 10 0 0 0 0 11 10 15 18 0 0 0 0 
0 0 0 0 0 0 0 0 20 19 14 15 0 0 0 0 10 11 10 14 18 13 17 17 0 0 0 0 0 0 0 0 0 0 0 0 0 0 0 0 
0 0 0 0 0 0 0 0 0 0 0 0 0 0 0 0 0 0 0 0 0 0 0 0 0 0 0 0 0 0 0 0 0 0 0 0 14 13 20 14 
15 12 17 13 0 0 0 0 0 0 0 0 0 0 0 0 0 0 0 0 0 0 0 0 0 0 0 0 0 0 0 0 0 0 0 0 0 0 0 0 
0 0 0 0 16 13 18 10 14 13 19 11 0 0 0 0 0 0 0 0 16 17 15 15 19 14 16 17 0 0 0 0 18 18 12 11 0 0 0 0 
0 0 0 0 20 15 11 11 12 18 10 13 14 13 18 20 15 18 20 17 11 17 11 18 14 18 13 20 20 18 10 11 0 0 0 0 0 0 0 0 
0 0 0 0 0 0 0 0 0 0 0 0 0 0 0 0 12 20 18 12 0 0 0 0 19 17 15 10 16 13 15 10 0 0 0 0 0 0 0 0 
0 0 0 0 0 0 0 0 0 0 0 0 0 0 0 0 0 0 0 0 0 0 0 0 0 0 0 0 0 0 0 0 0 0 0 0 19 13 16 15 
17 19 16 13 0 0 0 0 0 0 0 0 0 0 0 0 0 0 0 0 0 0 0 0 0 0 0 0 0 0 0 0 0 0 0 0 0 0 0 0 
0 0 0 0 18 12 14 16 0 0 0 0 0 0 0 0 10 10 20 20 0 0 0 0 0 0 0 0 0 0 0 0 0 0 0 0 0 0 0 0 
0 0 0 0 0 0 0 0 0 0 0 0 0 0 0 0 16 17 15 12 0 0 0 0 0 0 0 0 0 0 0 0 16 11 13 11 0 0 0 0 
0 0 0 0 18 20 13 13 17 11 16 10 0 0 0 0 13 13 20 10 0 0 0 0 13 16 12 15 16 10 10 18 0 0 0 0 0 0 0 0 
0 0 0 0 0 0 0 0 0 0 0 0 0 0 0 0 0 0 0 0 0 0 0 0 0 0 0 0 0 0 0 0 0 0 0 0 14 13 20 14 
10 18 10 14 0 0 0 0 0 0 0 0 0 0 0 0 0 0 0 0 0 0 0 0 0 0 0 0 0 0 0 0 0 0 0 0 0 0 0 0 
0 0 0 0 15 12 20 14 0 0 0 0 0 0 0 0 0 0 0 0 0 0 0 0 0 0 0 0 0 0 0 0 0 0 0 0 0 0 0 0 
0 0 0 0 0 0 0 0 0 0 0 0 0 0 0 0 0 0 0 0 19 15 18 12 0 0 0 0 0 0 0 0 0 0 0 0 0 0 0 0 
0 0 0 0 0 0 0 0 13 16 18 16 0 0 0 0 10 20 17 17 0 0 0 0 19 16 16 12 14 14 13 14 0 0 0 0 0 0 0 0 
0 0 0 0 0 0 0 0 0 0 0 0 0 0 0 0 0 0 0 0 0 0 0 0 0 0 0 0 0 0 0 0 0 0 0 0 11 10 14 18 
11 14 17 17 0 0 0 0 0 0 0 0 0 0 0 0 0 0 0 0 0 0 0 0 0 0 0 0 0 0 0 0 0 0 0 0 0 0 0 0 
0 0 0 0 0 0 0 0 11 10 16 16 0 0 0 0 0 0 0 0 0 0 0 0 0 0 0 0 0 0 0 0 0 0 0 0 0 0 0 0 
0 0 0 0 0 0 0 0 0 0 0 0 16 18 20 18 0 0 0 0 0 0 0 0 15 15 10 14 0 0 0 0 0 0 0 0 0 0 0 0 
0 0 0 0 20 20 18 12 20 10 18 19 16 12 11 10 17 10 14 16 18 13 11 15 13 19 19 12 0 0 0 0 0 0 0 0 0 0 0 0 
0 0 0 0 0 0 0 0 0 0 0 0 0 0 0 0 0 0 0 0 0 0 0 0 0 0 0 0 0 0 0 0 0 0 0 0 15 10 16 17 
19 17 14 10 0 0 0 0 0 0 0 0 0 0 0 0 0 0 0 0 0 0 0 0 0 0 0 0 0 0 0 0 0 0 0 0 0 0 0 0 
0 0 0 0 15 14 19 12 11 20 20 12 12 19 16 18 20 13 12 11 13 16 18 15 0 0 0 0 16 13 18 12 17 15 15 10 0 0 0 0 
0 0 0 0 0 0 0 0 13 13 15 17 19 14 13 10 0 0 0 0 13 17 15 19 20 18 10 17 11 16 12 10 19 18 18 13 0 0 0 0 
0 0 0 0 0 0 0 0 0 0 0 0 0 0 0 0 0 0 0 0 0 0 0 0 17 15 13 20 0 0 0 0 0 0 0 0 0 0 0 0 
0 0 0 0 0 0 0 0 0 0 0 0 0 0 0 0 0 0 0 0 0 0 0 0 0 0 0 0 0 0 0 0 0 0 0 0 12 20 16 19 
16 20 20 18 0 0 0 0 0 0 0 0 0 0 0 0 0 0 0 0 0 0 0 0 0 0 0 0 0 0 0 0 0 0 0 0 0 0 0 0 
0 0 0 0 20 14 18 20 0 0 0 0 0 0 0 0 0 0 0 0 0 0 0 0 0 0 0 0 0 0 0 0 0 0 0 0 0 0 0 0 
0 0 0 0 0 0 0 0 0 0 0 0 0 0 0 0 20 18 14 20 15 18 18 18 10 14 13 11 0 0 0 0 0 0 0 0 0 0 0 0 
0 0 0 0 15 15 12 11 11 17 15 18 0 0 0 0 0 0 0 0 16 16 12 19 16 10 16 10 14 13 13 14 20 15 13 18 0 0 0 0 
0 0 0 0 0 0 0 0 0 0 0 0 0 0 0 0 0 0 0 0 0 0 0 0 0 0 0 0 0 0 0 0 0 0 0 0 10 16 13 20 
16 15 11 19 0 0 0 0 0 0 0 0 0 0 0 0 0 0 0 0 0 0 0 0 0 0 0 0 0 0 0 0 0 0 0 0 0 0 0 0 
0 0 0 0 0 0 0 0 16 15 20 20 13 17 10 18 18 11 10 16 17 13 12 18 11 15 19 12 0 0 0 0 17 12 10 12 0 0 0 0 
0 0 0 0 14 12 16 18 15 10 11 10 15 12 17 19 13 15 13 20 12 11 11 15 0 0 0 0 0 0 0 0 13 12 11 14 0 0 0 0 
0 0 0 0 12 11 12 17 0 0 0 0 0 0 0 0 0 0 0 0 0 0 0 0 0 0 0 0 0 0 0 0 15 14 12 17 0 0 0 0 
0 0 0 0 0 0 0 0 0 0 0 0 0 0 0 0 0 0 0 0 0 0 0 0 0 0 0 0 0 0 0 0 0 0 0 0 17 12 18 16 
14 15 19 14 0 0 0 0 0 0 0 0 0 0 0 0 0 0 0 0 0 0 0 0 0 0 0 0 0 0 0 0 0 0 0 0 0 0 0 0 
0 0 0 0 0 0 0 0 19 20 10 20 11 12 16 11 18 15 10 13 0 0 0 0 0 0 0 0 15 18 16 11 20 17 12 11 0 0 0 0 
0 0 0 0 11 17 19 15 0 0 0 0 19 13 12 10 0 0 0 0 0 0 0 0 10 20 17 16 13 18 12 11 13 20 12 16 0 0 0 0 
0 0 0 0 0 0 0 0 0 0 0 0 0 0 0 0 11 19 20 16 0 0 0 0 0 0 0 0 0 0 0 0 0 0 0 0 0 0 0 0 
0 0 0 0 0 0 0 0 0 0 0 0 0 0 0 0 0 0 0 0 0 0 0 0 0 0 0 0 0 0 0 0 0 0 0 0 18 15 13 10 
10 13 11 11 0 0 0 0 0 0 0 0 0 0 0 0 0 0 0 0 0 0 0 0 0 0 0 0 0 0 0 0 0 0 0 0 0 0 0 0 
0 0 0 0 0 0 0 0 0 0 0 0 0 0 0 0 0 0 0 0 0 0 0 0 19 10 16 14 16 16 14 18 0 0 0 0 0 0 0 0 
0 0 0 0 18 18 19 19 0 0 0 0 18 12 14 14 11 15 17 10 19 11 12 10 0 0 0 0 12 20 10 18 0 0 0 0 0 0 0 0 
0 0 0 0 13 13 16 16 12 19 16 11 14 20 14 18 11 19 14 11 15 12 17 12 18 14 12 16 20 20 15 17 11 18 13 14 0 0 0 0 
0 0 0 0 0 0 0 0 0 0 0 0 0 0 0 0 0 0 0 0 0 0 0 0 0 0 0 0 0 0 0 0 0 0 0 0 19 18 13 11 
10 16 16 10 0 0 0 0 0 0 0 0 0 0 0 0 0 0 0 0 0 0 0 0 0 0 0 0 0 0 0 0 0 0 0 0 0 0 0 0 
0 0 0 0 0 0 0 0 0 0 0 0 0 0 0 0 19 14 12 12 14 12 14 20 0 0 0 0 0 0 0 0 18 10 10 16 0 0 0 0 
0 0 0 0 16 13 19 16 14 20 13 12 10 16 12 12 11 15 11 14 14 16 17 20 0 0 0 0 0 0 0 0 0 0 0 0 0 0 0 0 
0 0 0 0 15 14 15 17 11 17 13 17 12 12 20 19 16 18 13 20 0 0 0 0 0 0 0 0 14 20 20 12 0 0 0 0 0 0 0 0 
0 0 0 0 0 0 0 0 0 0 0 0 0 0 0 0 0 0 0 0 0 0 0 0 0 0 0 0 0 0 0 0 0 0 0 0 16 18 14 12 
20 15 11 15 0 0 0 0 0 0 0 0 0 0 0 0 0 0 0 0 0 0 0 0 0 0 0 0 0 0 0 0 0 0 0 0 0 0 0 0 
0 0 0 0 0 0 0 0 0 0 0 0 16 20 18 20 0 0 0 0 0 0 0 0 17 12 19 11 16 13 16 17 0 0 0 0 0 0 0 0 
0 0 0 0 0 0 0 0 0 0 0 0 18 10 20 14 20 10 19 18 0 0 0 0 10 15 10 20 13 10 19 13 12 13 10 11 0 0 0 0 
0 0 0 0 0 0 0 0 0 0 0 0 13 18 17 11 0 0 0 0 18 17 17 12 17 14 18 14 0 0 0 0 11 16 14 11 0 0 0 0 
0 0 0 0 0 0 0 0 0 0 0 0 0 0 0 0 0 0 0 0 0 0 0 0 0 0 0 0 0 0 0 0 0 0 0 0 13 17 13 18 
16 13 13 19 0 0 0 0 0 0 0 0 0 0 0 0 0 0 0 0 0 0 0 0 0 0 0 0 0 0 0 0 0 0 0 0 0 0 0 0 
0 0 0 0 12 12 12 15 14 11 16 14 14 20 12 13 12 14 19 12 13 18 12 15 0 0 0 0 14 13 17 19 19 17 13 20 0 0 0 0 
0 0 0 0 14 15 10 14 0 0 0 0 13 13 17 14 10 10 20 14 0 0 0 0 16 19 10 16 0 0 0 0 0 0 0 0 0 0 0 0 
0 0 0 0 13 12 20 18 10 12 12 10 0 0 0 0 14 13 16 20 14 20 17 18 18 20 12 15 0 0 0 0 19 16 15 13 0 0 0 0 
0 0 0 0 0 0 0 0 0 0 0 0 0 0 0 0 0 0 0 0 0 0 0 0 0 0 0 0 0 0 0 0 0 0 0 0 19 15 10 15 
11 19 18 17 0 0 0 0 0 0 0 0 0 0 0 0 0 0 0 0 0 0 0 0 0 0 0 0 0 0 0 0 0 0 0 0 0 0 0 0 
0 0 0 0 10 11 11 19 0 0 0 0 12 19 14 15 0 0 0 0 20 14 13 16 14 16 14 13 15 11 18 15 19 11 20 13 0 0 0 0 
0 0 0 0 18 11 15 12 13 13 20 11 0 0 0 0 16 10 19 18 0 0 0 0 0 0 0 0 0 0 0 0 0 0 0 0 0 0 0 0 
0 0 0 0 14 10 11 17 11 13 10 15 0 0 0 0 13 19 19 15 0 0 0 0 0 0 0 0 0 0 0 0 14 16 17 14 0 0 0 0 
0 0 0 0 0 0 0 0 0 0 0 0 0 0 0 0 0 0 0 0 0 0 0 0 0 0 0 0 0 0 0 0 0 0 0 0 17 10 13 16 
15 15 19 20 0 0 0 0 0 0 0 0 0 0 0 0 0 0 0 0 0 0 0 0 0 0 0 0 0 0 0 0 0 0 0 0 0 0 0 0 
0 0 0 0 14 16 14 19 19 19 10 13 0 0 0 0 18 20 16 16 12 14 11 11 11 11 12 20 20 20 13 16 13 12 11 11 0 0 0 0 
0 0 0 0 11 12 12 11 18 13 17 15 13 18 17 14 17 17 14 15 10 16 16 18 18 18 18 11 15 15 14 14 18 16 15 18 0 0 0 0 
0 0 0 0 12 17 14 15 0 0 0 0 0 0 0 0 20 12 20 14 12 18 15 17 17 13 12 18 0 0 0 0 19 19 18 17 0 0 0 0 
0 0 0 0 0 0 0 0 0 0 0 0 0 0 0 0 0 0 0 0 0 0 0 0 0 0 0 0 0 0 0 0 0 0 0 0 17 16 17 10 
12 18 12 13 0 0 0 0 0 0 0 0 0 0 0 0 0 0 0 0 0 0 0 0 0 0 0 0 0 0 0 0 0 0 0 0 0 0 0 0 
0 0 0 0 0 0 0 0 20 14 14 15 0 0 0 0 0 0 0 0 0 0 0 0 0 0 0 0 0 0 0 0 18 11 19 12 0 0 0 0 
0 0 0 0 13 19 10 18 16 18 19 13 17 12 10 11 16 19 10 16 13 12 18 12 19 11 18 12 17 12 15 17 12 12 20 19 0 0 0 0 
0 0 0 0 0 0 0 0 20 18 17 11 16 12 19 18 20 10 10 13 19 15 16 16 0 0 0 0 0 0 0 0 18 19 12 10 0 0 0 0 
0 0 0 0 0 0 0 0 0 0 0 0 0 0 0 0 0 0 0 0 0 0 0 0 0 0 0 0 0 0 0 0 0 0 0 0 13 16 14 17 
12 12 11 14 0 0 0 0 0 0 0 0 0 0 0 0 0 0 0 0 0 0 0 0 0 0 0 0 0 0 0 0 0 0 0 0 0 0 0 0 
0 0 0 0 15 10 20 13 12 17 19 16 16 15 15 17 15 16 10 14 20 20 17 17 0 0 0 0 20 17 12 13 20 15 11 20 0 0 0 0 
0 0 0 0 10 10 18 20 0 0 0 0 0 0 0 0 0 0 0 0 0 0 0 0 0 0 0 0 0 0 0 0 0 0 0 0 0 0 0 0 
0 0 0 0 0 0 0 0 14 16 14 18 0 0 0 0 0 0 0 0 0 0 0 0 0 0 0 0 11 13 19 14 0 0 0 0 0 0 0 0 
0 0 0 0 0 0 0 0 0 0 0 0 0 0 0 0 0 0 0 0 0 0 0 0 0 0 0 0 0 0 0 0 0 0 0 0 11 14 20 12 
11 20 20 13 0 0 0 0 0 0 0 0 0 0 0 0 0 0 0 0 0 0 0 0 0 0 0 0 0 0 0 0 0 0 0 0 0 0 0 0 
0 0 0 0 0 0 0 0 0 0 0 0 0 0 0 0 10 19 18 17 20 17 20 19 0 0 0 0 0 0 0 0 0 0 0 0 0 0 0 0 
0 0 0 0 15 14 19 15 11 15 14 16 12 13 14 18 0 0 0 0 12 11 18 17 10 15 18 16 18 15 19 13 15 15 16 15 0 0 0 0 
0 0 0 0 0 0 0 0 0 0 0 0 18 20 11 20 0 0 0 0 16 12 19 16 0 0 0 0 14 11 16 13 0 0 0 0 0 0 0 0 
0 0 0 0 0 0 0 0 0 0 0 0 0 0 0 0 0 0 0 0 0 0 0 0 0 0 0 0 0 0 0 0 0 0 0 0 15 12 12 17 
13 18 13 13 0 0 0 0 0 0 0 0 0 0 0 0 0 0 0 0 0 0 0 0 0 0 0 0 0 0 0 0 0 0 0 0 0 0 0 0 
0 0 0 0 16 15 18 12 15 16 11 10 18 17 14 11 15 19 19 20 11 20 16 14 19 14 11 19 0 0 0 0 11 11 13 17 0 0 0 0 
0 0 0 0 0 0 0 0 0 0 0 0 13 15 20 15 0 0 0 0 19 14 11 15 0 0 0 0 0 0 0 0 0 0 0 0 0 0 0 0 
0 0 0 0 0 0 0 0 0 0 0 0 17 20 11 10 0 0 0 0 0 0 0 0 10 10 16 12 0 0 0 0 0 0 0 0 0 0 0 0 
0 0 0 0 0 0 0 0 0 0 0 0 0 0 0 0 0 0 0 0 0 0 0 0 0 0 0 0 0 0 0 0 0 0 0 0 17 14 16 10 
15 15 15 20 0 0 0 0 0 0 0 0 0 0 0 0 0 0 0 0 0 0 0 0 0 0 0 0 0 0 0 0 0 0 0 0 0 0 0 0 
0 0 0 0 0 0 0 0 0 0 0 0 20 18 12 17 0 0 0 0 0 0 0 0 16 15 17 15 18 20 15 12 14 18 13 10 0 0 0 0 
0 0 0 0 16 19 12 12 20 20 13 20 13 19 19 20 11 18 18 14 16 15 15 18 20 11 14 12 14 17 16 16 14 12 17 20 0 0 0 0 
0 0 0 0 0 0 0 0 0 0 0 0 0 0 0 0 0 0 0 0 14 15 11 10 0 0 0 0 0 0 0 0 0 0 0 0 0 0 0 0 
0 0 0 0 0 0 0 0 0 0 0 0 0 0 0 0 0 0 0 0 0 0 0 0 0 0 0 0 0 0 0 0 0 0 0 0 18 15 12 17 
20 15 14 19 0 0 0 0 0 0 0 0 0 0 0 0 0 0 0 0 0 0 0 0 0 0 0 0 0 0 0 0 0 0 0 0 0 0 0 0 
0 0 0 0 10 15 18 11 18 10 18 15 15 20 10 10 17 12 17 19 13 20 10 20 12 20 16 14 10 20 18 14 18 11 11 15 0 0 0 0 
0 0 0 0 0 0 0 0 13 12 14 10 0 0 0 0 0 0 0 0 0 0 0 0 0 0 0 0 0 0 0 0 0 0 0 0 0 0 0 0 
0 0 0 0 15 14 20 10 0 0 0 0 20 14 13 11 0 0 0 0 11 19 17 18 0 0 0 0 0 0 0 0 0 0 0 0 0 0 0 0 
0 0 0 0 0 0 0 0 0 0 0 0 0 0 0 0 0 0 0 0 0 0 0 0 0 0 0 0 0 0 0 0 0 0 0 0 15 10 13 17 
20 10 10 11 0 0 0 0 0 0 0 0 0 0 0 0 0 0 0 0 0 0 0 0 0 0 0 0 0 0 0 0 0 0 0 0 0 0 0 0 
0 0 0 0 19 18 15 14 20 14 13 15 16 16 19 12 0 0 0 0 18 18 13 11 19 20 10 11 0 0 0 0 15 16 19 20 0 0 0 0 
0 0 0 0 0 0 0 0 0 0 0 0 0 0 0 0 20 17 18 16 0 0 0 0 0 0 0 0 0 0 0 0 0 0 0 0 0 0 0 0 
0 0 0 0 20 17 20 10 12 14 12 17 17 19 18 17 11 12 20 11 14 17 12 17 11 15 16 11 15 13 20 19 16 10 16 16 0 0 0 0 
0 0 0 0 0 0 0 0 0 0 0 0 0 0 0 0 0 0 0 0 0 0 0 0 0 0 0 0 0 0 0 0 0 0 0 0 13 15 19 19 
18 18 19 11 0 0 0 0 0 0 0 0 0 0 0 0 0 0 0 0 0 0 0 0 0 0 0 0 0 0 0 0 0 0 0 0 0 0 0 0 
0 0 0 0 0 0 0 0 10 20 20 19 11 18 15 10 18 13 11 16 0 0 0 0 11 19 14 16 11 16 12 18 10 12 11 20 0 0 0 0 
0 0 0 0 17 18 12 10 10 10 19 16 10 18 11 14 19 11 17 18 0 0 0 0 17 17 18 12 12 13 16 16 15 11 17 14 0 0 0 0 
0 0 0 0 0 0 0 0 0 0 0 0 0 0 0 0 0 0 0 0 0 0 0 0 10 18 13 15 0 0 0 0 0 0 0 0 0 0 0 0 
0 0 0 0 0 0 0 0 0 0 0 0 0 0 0 0 0 0 0 0 0 0 0 0 0 0 0 0 0 0 0 0 0 0 0 0 14 20 12 20 
19 19 16 13 0 0 0 0 0 0 0 0 0 0 0 0 0 0 0 0 0 0 0 0 0 0 0 0 0 0 0 0 0 0 0 0 0 0 0 0 
0 0 0 0 17 17 16 15 14 20 11 17 17 14 19 20 0 0 0 0 11 18 16 19 13 16 11 16 20 19 12 17 10 20 18 18 0 0 0 0 
0 0 0 0 10 17 18 14 0 0 0 0 0 0 0 0 0 0 0 0 0 0 0 0 0 0 0 0 0 0 0 0 15 14 19 12 0 0 0 0 
0 0 0 0 13 12 15 15 16 16 20 16 11 11 19 13 0 0 0 0 19 16 10 12 0 0 0 0 0 0 0 0 19 11 11 19 0 0 0 0 
0 0 0 0 0 0 0 0 0 0 0 0 0 0 0 0 0 0 0 0 0 0 0 0 0 0 0 0 0 0 0 0 0 0 0 0 17 18 13 11 
19 11 17 15 0 0 0 0 0 0 0 0 0 0 0 0 0 0 0 0 0 0 0 0 0 0 0 0 0 0 0 0 0 0 0 0 0 0 0 0 
0 0 0 0 18 12 13 19 16 10 15 10 0 0 0 0 0 0 0 0 0 0 0 0 0 0 0 0 0 0 0 0 0 0 0 0 0 0 0 0 
0 0 0 0 0 0 0 0 15 20 10 13 0 0 0 0 12 14 13 13 0 0 0 0 0 0 0 0 0 0 0 0 0 0 0 0 0 0 0 0 
0 0 0 0 17 20 10 19 0 0 0 0 0 0 0 0 0 0 0 0 12 20 11 10 0 0 0 0 0 0 0 0 20 13 17 13 0 0 0 0 
0 0 0 0 0 0 0 0 0 0 0 0 0 0 0 0 0 0 0 0 0 0 0 0 0 0 0 0 0 0 0 0 0 0 0 0 20 16 14 14 
20 16 11 12 0 0 0 0 0 0 0 0 0 0 0 0 0 0 0 0 0 0 0 0 0 0 0 0 0 0 0 0 0 0 0 0 0 0 0 0 
0 0 0 0 0 0 0 0 15 11 13 13 14 16 17 15 0 0 0 0 18 16 19 20 19 13 19 10 19 15 15 11 0 0 0 0 0 0 0 0 
0 0 0 0 10 16 16 18 0 0 0 0 16 13 19 16 19 15 10 20 0 0 0 0 0 0 0 0 14 11 20 19 0 0 0 0 0 0 0 0 
0 0 0 0 19 15 16 19 12 15 11 13 20 11 19 19 13 17 20 17 14 11 13 13 10 17 16 15 12 12 13 20 17 10 14 11 0 0 0 0 
0 0 0 0 0 0 0 0 0 0 0 0 0 0 0 0 0 0 0 0 0 0 0 0 0 0 0 0 0 0 0 0 0 0 0 0 15 12 15 12 
11 20 20 11 0 0 0 0 0 0 0 0 0 0 0 0 0 0 0 0 0 0 0 0 0 0 0 0 0 0 0 0 0 0 0 0 0 0 0 0 
0 0 0 0 14 13 17 13 14 17 18 16 11 16 16 16 19 17 18 20 0 0 0 0 0 0 0 0 13 18 16 19 0 0 0 0 0 0 0 0 
0 0 0 0 0 0 0 0 0 0 0 0 14 17 15 20 0 0 0 0 0 0 0 0 14 12 10 19 0 0 0 0 17 11 10 15 0 0 0 0 
0 0 0 0 0 0 0 0 10 14 10 18 16 11 11 11 17 19 16 18 16 13 13 11 14 11 15 20 11 20 15 10 12 14 14 17 0 0 0 0 
0 0 0 0 0 0 0 0 0 0 0 0 0 0 0 0 0 0 0 0 0 0 0 0 0 0 0 0 0 0 0 0 0 0 0 0 19 16 13 15 
14 16 11 13 0 0 0 0 0 0 0 0 0 0 0 0 0 0 0 0 0 0 0 0 0 0 0 0 0 0 0 0 0 0 0 0 0 0 0 0 
0 0 0 0 13 18 17 15 19 12 17 16 18 20 15 16 14 15 20 16 15 14 14 20 12 15 14 16 18 14 15 17 11 18 20 15 0 0 0 0 
0 0 0 0 10 20 18 13 15 16 14 11 17 17 18 12 0 0 0 0 10 15 16 10 14 20 20 11 19 14 18 12 15 16 17 15 0 0 0 0 
0 0 0 0 0 0 0 0 17 13 13 11 0 0 0 0 14 20 12 16 18 11 18 11 0 0 0 0 0 0 0 0 0 0 0 0 0 0 0 0 
0 0 0 0 0 0 0 0 0 0 0 0 0 0 0 0 0 0 0 0 0 0 0 0 0 0 0 0 0 0 0 0 0 0 0 0 15 10 16 10
---------------------
 
Distance between cells
Rows and Columns: correspond to cell number
0 260 445 398 315 431 319 178 129 119 382 125 250 344 
260 0 392 192 484 150 465 229 363 236 149 222 428 350 
445 392 0 341 153 460 128 392 417 282 155 307 113 251 
398 192 341 0 366 406 273 388 147 145 357 428 242 326 
315 484 153 366 0 162 448 440 65 489 270 249 382 87 
431 150 460 406 162 0 188 451 189 141 214 432 371 339 
319 465 128 273 448 188 0 238 213 442 185 295 56 238 
178 229 392 388 440 451 238 0 304 293 450 185 314 123 
129 363 417 147 65 189 213 304 0 278 418 299 366 385 
119 236 282 145 489 141 442 293 278 0 318 183 456 314 
382 149 155 357 270 214 185 450 418 318 0 171 151 156 
125 222 307 428 249 432 295 185 299 183 171 0 152 92 
250 428 113 242 382 371 56 314 366 456 151 152 0 153 
344 350 251 326 87 339 238 123 385 314 156 92 153 0
---------------------
 
Distribution of machines in cells   (1 -- if machine m is distributed in cell u;0 -- else) 
Rows: correspond to cell number; Columns: correspond to machine number
0 0 0 0 0 0 0 0 0 0 0 0 0 1 0 0 0 0 0 0 0 0 0 0 0 0 1 0 0 0 0 0 0 0 0 0 1 0 0 0 
0 0 0 0 1 0 0 0 0 0 0 0 0 0 0 0 0 0 0 0 0 0 0 0 0 0 0 0 0 0 1 0 0 0 0 0 0 0 0 0 
0 1 0 1 0 0 0 0 0 0 0 0 0 0 0 0 0 0 0 0 0 0 0 0 0 0 0 0 0 0 0 0 0 0 0 0 0 0 0 0 
0 0 0 0 0 0 0 0 0 0 0 1 0 0 0 0 1 0 0 0 0 0 0 0 0 0 0 0 0 0 0 0 0 0 0 0 0 0 0 0 
0 0 0 0 0 0 0 1 0 0 0 0 0 0 0 0 0 0 1 0 0 0 0 0 0 0 0 0 0 0 0 0 0 0 0 0 0 0 0 0 
1 0 0 0 0 0 0 0 1 1 0 0 0 0 0 0 0 0 0 0 0 0 0 0 0 0 0 0 0 1 0 0 0 0 0 0 0 0 0 0 
0 0 0 0 0 0 0 0 0 0 1 0 0 0 0 0 0 0 0 0 0 1 1 0 0 0 0 0 0 0 0 0 0 0 0 0 0 0 0 0 
0 0 0 0 0 0 0 0 0 0 0 0 0 0 0 0 0 0 0 0 0 0 0 1 0 0 0 0 0 0 0 1 0 0 0 0 0 0 1 0 
0 0 0 0 0 0 1 0 0 0 0 0 0 0 0 0 0 0 0 0 0 0 0 0 0 0 0 1 0 0 0 0 0 0 0 1 0 0 0 0 
0 0 0 0 0 1 0 0 0 0 0 0 0 0 0 0 0 0 0 1 0 0 0 0 0 0 0 0 0 0 0 0 0 1 0 0 0 0 0 0 
0 0 0 0 0 0 0 0 0 0 0 0 0 0 0 0 0 0 0 0 0 0 0 0 1 0 0 0 1 0 0 0 0 0 1 0 0 0 0 0 
0 0 1 0 0 0 0 0 0 0 0 0 1 0 0 0 0 0 0 0 0 0 0 0 0 0 0 0 0 0 0 0 1 0 0 0 0 1 0 0 
0 0 0 0 0 0 0 0 0 0 0 0 0 0 0 0 0 0 0 0 1 0 0 0 0 0 0 0 0 0 0 0 0 0 0 0 0 0 0 1 
0 0 0 0 0 0 0 0 0 0 0 0 0 0 1 1 0 1 0 0 0 0 0 0 0 1 0 0 0 0 0 0 0 0 0 0 0 0 0 0
---------------------
 
