Adaption from Behnke31

Number of operations for each part
5 5 5 5 5 5 5 5 5 5 5 5 5 5 5 5 5 5 5 5 5 5 5 5 5 5 5 5 5 5 5 5 5 5 5 5 5 5 5 5 5 5 5 5 5 5 5 5 5 5
---------------------
 
Processing time   (0 -- non-optional machine)
Rows: sequential for each operation of each part; Columns: correspond to machine number
21 11 26 14 0 0 0 0 0 0 0 0 0 0 0 0 0 0 0 0 0 0 0 0 0 0 0 0 0 0 0 0 0 0 0 0 0 0 0 0 
0 0 0 0 0 0 0 0 0 0 0 0 0 0 0 0 0 0 0 0 0 0 0 0 0 0 0 0 0 0 0 0 25 25 26 26 0 0 0 0 
0 0 0 0 22 27 24 13 13 27 13 27 11 21 20 14 26 19 13 22 29 20 22 21 21 15 14 20 15 19 27 20 19 19 27 10 0 0 0 0 
0 0 0 0 0 0 0 0 0 0 0 0 16 13 21 25 0 0 0 0 0 0 0 0 0 0 0 0 0 0 0 0 0 0 0 0 0 0 0 0 
0 0 0 0 0 0 0 0 0 0 0 0 0 0 0 0 0 0 0 0 0 0 0 0 0 0 0 0 0 0 0 0 0 0 0 0 14 12 13 19 
23 17 26 17 0 0 0 0 0 0 0 0 0 0 0 0 0 0 0 0 0 0 0 0 0 0 0 0 0 0 0 0 0 0 0 0 0 0 0 0 
0 0 0 0 17 19 11 11 0 0 0 0 27 11 11 14 0 0 0 0 10 17 10 21 27 30 10 27 0 0 0 0 13 19 17 30 0 0 0 0 
0 0 0 0 0 0 0 0 0 0 0 0 0 0 0 0 0 0 0 0 30 18 30 10 0 0 0 0 23 13 15 16 21 26 16 18 0 0 0 0 
0 0 0 0 0 0 0 0 0 0 0 0 28 24 10 16 26 10 19 18 0 0 0 0 15 10 20 22 27 22 17 20 18 29 11 17 0 0 0 0 
0 0 0 0 0 0 0 0 0 0 0 0 0 0 0 0 0 0 0 0 0 0 0 0 0 0 0 0 0 0 0 0 0 0 0 0 14 30 15 28 
13 15 11 10 0 0 0 0 0 0 0 0 0 0 0 0 0 0 0 0 0 0 0 0 0 0 0 0 0 0 0 0 0 0 0 0 0 0 0 0 
0 0 0 0 29 19 13 26 0 0 0 0 0 0 0 0 0 0 0 0 30 17 30 23 0 0 0 0 0 0 0 0 23 14 18 24 0 0 0 0 
0 0 0 0 20 22 25 28 27 26 23 26 17 26 20 29 0 0 0 0 0 0 0 0 0 0 0 0 0 0 0 0 0 0 0 0 0 0 0 0 
0 0 0 0 18 27 12 30 0 0 0 0 25 12 28 26 19 10 11 15 15 30 13 12 0 0 0 0 15 16 26 10 13 24 12 21 0 0 0 0 
0 0 0 0 0 0 0 0 0 0 0 0 0 0 0 0 0 0 0 0 0 0 0 0 0 0 0 0 0 0 0 0 0 0 0 0 24 16 16 10 
30 22 19 20 0 0 0 0 0 0 0 0 0 0 0 0 0 0 0 0 0 0 0 0 0 0 0 0 0 0 0 0 0 0 0 0 0 0 0 0 
0 0 0 0 25 25 16 15 15 15 12 13 0 0 0 0 13 27 13 13 0 0 0 0 20 15 20 18 0 0 0 0 17 14 25 29 0 0 0 0 
0 0 0 0 0 0 0 0 0 0 0 0 18 24 21 17 0 0 0 0 0 0 0 0 0 0 0 0 0 0 0 0 0 0 0 0 0 0 0 0 
0 0 0 0 20 21 25 12 0 0 0 0 16 16 16 14 10 23 12 24 0 0 0 0 11 13 28 25 14 18 20 11 11 15 10 23 0 0 0 0 
0 0 0 0 0 0 0 0 0 0 0 0 0 0 0 0 0 0 0 0 0 0 0 0 0 0 0 0 0 0 0 0 0 0 0 0 27 10 13 10 
22 27 27 14 0 0 0 0 0 0 0 0 0 0 0 0 0 0 0 0 0 0 0 0 0 0 0 0 0 0 0 0 0 0 0 0 0 0 0 0 
0 0 0 0 0 0 0 0 18 11 20 16 0 0 0 0 0 0 0 0 0 0 0 0 0 0 0 0 0 0 0 0 0 0 0 0 0 0 0 0 
0 0 0 0 28 13 12 24 15 25 20 19 20 22 24 13 24 27 18 16 10 17 26 18 28 29 19 22 19 28 18 19 30 20 25 22 0 0 0 0 
0 0 0 0 0 0 0 0 0 0 0 0 24 29 28 22 0 0 0 0 0 0 0 0 0 0 0 0 0 0 0 0 0 0 0 0 0 0 0 0 
0 0 0 0 0 0 0 0 0 0 0 0 0 0 0 0 0 0 0 0 0 0 0 0 0 0 0 0 0 0 0 0 0 0 0 0 11 22 27 23 
30 16 24 19 0 0 0 0 0 0 0 0 0 0 0 0 0 0 0 0 0 0 0 0 0 0 0 0 0 0 0 0 0 0 0 0 0 0 0 0 
0 0 0 0 0 0 0 0 21 14 25 23 0 0 0 0 26 20 10 27 0 0 0 0 0 0 0 0 0 0 0 0 0 0 0 0 0 0 0 0 
0 0 0 0 18 15 13 14 22 22 19 14 0 0 0 0 29 19 12 24 14 23 19 24 29 20 20 12 14 18 17 13 24 14 22 18 0 0 0 0 
0 0 0 0 19 30 18 11 12 19 26 20 11 23 15 13 15 16 24 16 30 23 10 20 14 20 29 24 0 0 0 0 25 14 16 30 0 0 0 0 
0 0 0 0 0 0 0 0 0 0 0 0 0 0 0 0 0 0 0 0 0 0 0 0 0 0 0 0 0 0 0 0 0 0 0 0 30 24 21 28 
27 24 25 26 0 0 0 0 0 0 0 0 0 0 0 0 0 0 0 0 0 0 0 0 0 0 0 0 0 0 0 0 0 0 0 0 0 0 0 0 
0 0 0 0 28 25 30 17 0 0 0 0 0 0 0 0 0 0 0 0 0 0 0 0 23 15 14 16 0 0 0 0 0 0 0 0 0 0 0 0 
0 0 0 0 30 14 18 29 11 27 27 22 10 27 18 21 16 21 19 24 30 25 17 24 0 0 0 0 0 0 0 0 20 23 25 16 0 0 0 0 
0 0 0 0 0 0 0 0 29 11 29 30 23 14 11 16 0 0 0 0 0 0 0 0 0 0 0 0 0 0 0 0 0 0 0 0 0 0 0 0 
0 0 0 0 0 0 0 0 0 0 0 0 0 0 0 0 0 0 0 0 0 0 0 0 0 0 0 0 0 0 0 0 0 0 0 0 13 14 29 10 
12 25 23 10 0 0 0 0 0 0 0 0 0 0 0 0 0 0 0 0 0 0 0 0 0 0 0 0 0 0 0 0 0 0 0 0 0 0 0 0 
0 0 0 0 12 21 12 29 24 12 17 15 13 14 18 27 14 15 17 19 27 22 15 17 16 24 29 12 23 25 29 12 0 0 0 0 0 0 0 0 
0 0 0 0 0 0 0 0 0 0 0 0 26 15 21 27 0 0 0 0 12 21 13 25 13 10 15 15 0 0 0 0 0 0 0 0 0 0 0 0 
0 0 0 0 12 22 13 10 0 0 0 0 0 0 0 0 22 11 25 29 11 21 14 16 0 0 0 0 17 20 26 16 17 30 17 29 0 0 0 0 
0 0 0 0 0 0 0 0 0 0 0 0 0 0 0 0 0 0 0 0 0 0 0 0 0 0 0 0 0 0 0 0 0 0 0 0 28 21 17 15 
30 21 12 13 0 0 0 0 0 0 0 0 0 0 0 0 0 0 0 0 0 0 0 0 0 0 0 0 0 0 0 0 0 0 0 0 0 0 0 0 
0 0 0 0 27 24 11 21 29 16 30 16 28 16 28 18 18 18 29 18 15 23 17 20 14 12 20 25 18 19 22 13 12 16 11 18 0 0 0 0 
0 0 0 0 0 0 0 0 25 19 21 22 0 0 0 0 0 0 0 0 0 0 0 0 0 0 0 0 0 0 0 0 0 0 0 0 0 0 0 0 
0 0 0 0 12 12 10 24 30 22 15 27 12 29 13 26 21 25 15 20 15 23 29 30 12 26 22 12 10 14 15 23 19 22 17 26 0 0 0 0 
0 0 0 0 0 0 0 0 0 0 0 0 0 0 0 0 0 0 0 0 0 0 0 0 0 0 0 0 0 0 0 0 0 0 0 0 30 21 19 30 
25 19 18 15 0 0 0 0 0 0 0 0 0 0 0 0 0 0 0 0 0 0 0 0 0 0 0 0 0 0 0 0 0 0 0 0 0 0 0 0 
0 0 0 0 23 21 29 17 15 27 23 19 22 26 17 18 28 10 22 27 26 24 22 28 27 14 24 16 17 28 27 13 27 10 17 22 0 0 0 0 
0 0 0 0 13 28 19 25 0 0 0 0 14 17 28 22 0 0 0 0 0 0 0 0 0 0 0 0 25 27 28 12 20 23 22 22 0 0 0 0 
0 0 0 0 10 14 17 22 0 0 0 0 30 12 12 15 0 0 0 0 14 27 22 12 0 0 0 0 0 0 0 0 16 12 22 10 0 0 0 0 
0 0 0 0 0 0 0 0 0 0 0 0 0 0 0 0 0 0 0 0 0 0 0 0 0 0 0 0 0 0 0 0 0 0 0 0 17 18 15 20 
14 28 10 18 0 0 0 0 0 0 0 0 0 0 0 0 0 0 0 0 0 0 0 0 0 0 0 0 0 0 0 0 0 0 0 0 0 0 0 0 
0 0 0 0 14 16 10 22 0 0 0 0 24 14 23 20 23 18 19 20 30 28 27 26 24 20 28 14 25 30 28 20 0 0 0 0 0 0 0 0 
0 0 0 0 26 11 13 21 29 13 12 18 11 15 25 19 20 25 12 19 15 17 19 20 0 0 0 0 28 28 26 11 0 0 0 0 0 0 0 0 
0 0 0 0 23 18 19 13 14 17 10 22 24 18 30 24 0 0 0 0 30 30 25 10 13 10 13 14 19 16 29 17 0 0 0 0 0 0 0 0 
0 0 0 0 0 0 0 0 0 0 0 0 0 0 0 0 0 0 0 0 0 0 0 0 0 0 0 0 0 0 0 0 0 0 0 0 24 20 15 13 
14 21 26 18 0 0 0 0 0 0 0 0 0 0 0 0 0 0 0 0 0 0 0 0 0 0 0 0 0 0 0 0 0 0 0 0 0 0 0 0 
0 0 0 0 27 23 29 10 0 0 0 0 14 27 14 25 0 0 0 0 0 0 0 0 24 16 28 29 22 18 20 27 0 0 0 0 0 0 0 0 
0 0 0 0 22 15 12 14 24 20 25 15 21 12 19 20 28 29 14 16 0 0 0 0 16 13 26 20 0 0 0 0 0 0 0 0 0 0 0 0 
0 0 0 0 0 0 0 0 0 0 0 0 28 28 13 17 21 24 21 11 12 10 28 19 0 0 0 0 0 0 0 0 10 27 12 23 0 0 0 0 
0 0 0 0 0 0 0 0 0 0 0 0 0 0 0 0 0 0 0 0 0 0 0 0 0 0 0 0 0 0 0 0 0 0 0 0 19 17 28 11 
12 16 26 26 0 0 0 0 0 0 0 0 0 0 0 0 0 0 0 0 0 0 0 0 0 0 0 0 0 0 0 0 0 0 0 0 0 0 0 0 
0 0 0 0 0 0 0 0 0 0 0 0 0 0 0 0 0 0 0 0 24 21 17 11 0 0 0 0 0 0 0 0 0 0 0 0 0 0 0 0 
0 0 0 0 18 19 12 24 15 30 30 16 11 30 23 28 12 19 13 19 12 18 10 17 20 30 27 17 25 20 27 19 26 19 28 11 0 0 0 0 
0 0 0 0 19 29 19 14 0 0 0 0 15 20 25 20 0 0 0 0 12 15 23 18 0 0 0 0 0 0 0 0 0 0 0 0 0 0 0 0 
0 0 0 0 0 0 0 0 0 0 0 0 0 0 0 0 0 0 0 0 0 0 0 0 0 0 0 0 0 0 0 0 0 0 0 0 30 10 18 14 
14 20 21 13 0 0 0 0 0 0 0 0 0 0 0 0 0 0 0 0 0 0 0 0 0 0 0 0 0 0 0 0 0 0 0 0 0 0 0 0 
0 0 0 0 29 30 28 13 15 26 13 18 15 10 18 25 29 28 25 15 28 30 22 19 19 26 17 14 13 13 13 15 0 0 0 0 0 0 0 0 
0 0 0 0 0 0 0 0 23 26 27 13 29 25 29 10 0 0 0 0 17 22 21 16 14 12 22 20 15 28 19 10 27 28 11 15 0 0 0 0 
0 0 0 0 10 20 26 16 21 20 14 30 21 19 29 11 0 0 0 0 15 28 18 14 14 24 26 19 0 0 0 0 22 27 12 25 0 0 0 0 
0 0 0 0 0 0 0 0 0 0 0 0 0 0 0 0 0 0 0 0 0 0 0 0 0 0 0 0 0 0 0 0 0 0 0 0 18 17 12 13 
29 27 22 25 0 0 0 0 0 0 0 0 0 0 0 0 0 0 0 0 0 0 0 0 0 0 0 0 0 0 0 0 0 0 0 0 0 0 0 0 
0 0 0 0 10 20 21 29 0 0 0 0 26 30 25 18 0 0 0 0 22 26 18 25 11 12 20 25 12 18 29 18 19 21 16 24 0 0 0 0 
0 0 0 0 10 16 30 18 19 10 14 26 30 22 13 13 30 12 21 17 11 23 30 27 12 25 15 18 25 18 17 19 15 14 22 19 0 0 0 0 
0 0 0 0 15 30 20 20 22 26 27 17 17 26 27 10 20 13 16 13 29 27 20 28 30 12 25 15 14 23 20 26 21 22 28 18 0 0 0 0 
0 0 0 0 0 0 0 0 0 0 0 0 0 0 0 0 0 0 0 0 0 0 0 0 0 0 0 0 0 0 0 0 0 0 0 0 26 26 11 16 
26 25 18 20 0 0 0 0 0 0 0 0 0 0 0 0 0 0 0 0 0 0 0 0 0 0 0 0 0 0 0 0 0 0 0 0 0 0 0 0 
0 0 0 0 25 25 28 21 0 0 0 0 18 21 25 21 0 0 0 0 0 0 0 0 23 30 19 27 29 25 22 29 0 0 0 0 0 0 0 0 
0 0 0 0 30 29 25 14 26 28 10 14 13 22 16 24 12 21 19 30 10 28 30 21 0 0 0 0 26 25 12 30 19 16 11 16 0 0 0 0 
0 0 0 0 26 24 25 15 30 13 15 10 26 28 18 12 0 0 0 0 18 11 16 12 23 13 18 10 16 12 13 19 0 0 0 0 0 0 0 0 
0 0 0 0 0 0 0 0 0 0 0 0 0 0 0 0 0 0 0 0 0 0 0 0 0 0 0 0 0 0 0 0 0 0 0 0 16 24 30 21 
19 30 12 17 0 0 0 0 0 0 0 0 0 0 0 0 0 0 0 0 0 0 0 0 0 0 0 0 0 0 0 0 0 0 0 0 0 0 0 0 
0 0 0 0 26 24 19 23 22 11 25 11 23 24 22 16 28 16 12 11 27 29 10 17 17 16 13 16 20 24 13 20 21 29 11 15 0 0 0 0 
0 0 0 0 0 0 0 0 0 0 0 0 22 22 12 25 24 19 25 10 0 0 0 0 11 16 29 26 14 10 13 29 11 26 16 17 0 0 0 0 
0 0 0 0 0 0 0 0 0 0 0 0 0 0 0 0 13 26 10 14 0 0 0 0 29 25 29 18 14 10 13 15 13 13 24 25 0 0 0 0 
0 0 0 0 0 0 0 0 0 0 0 0 0 0 0 0 0 0 0 0 0 0 0 0 0 0 0 0 0 0 0 0 0 0 0 0 28 11 10 20 
15 19 28 22 0 0 0 0 0 0 0 0 0 0 0 0 0 0 0 0 0 0 0 0 0 0 0 0 0 0 0 0 0 0 0 0 0 0 0 0 
0 0 0 0 10 18 28 20 24 13 27 28 0 0 0 0 0 0 0 0 11 28 21 22 0 0 0 0 0 0 0 0 0 0 0 0 0 0 0 0 
0 0 0 0 23 19 11 18 19 28 10 19 16 16 18 10 14 12 20 11 24 24 10 17 11 27 11 28 10 18 27 25 30 17 18 25 0 0 0 0 
0 0 0 0 14 17 23 21 26 17 30 15 0 0 0 0 14 23 11 23 0 0 0 0 16 21 10 10 19 29 21 22 0 0 0 0 0 0 0 0 
0 0 0 0 0 0 0 0 0 0 0 0 0 0 0 0 0 0 0 0 0 0 0 0 0 0 0 0 0 0 0 0 0 0 0 0 13 26 26 24 
13 21 23 20 0 0 0 0 0 0 0 0 0 0 0 0 0 0 0 0 0 0 0 0 0 0 0 0 0 0 0 0 0 0 0 0 0 0 0 0 
0 0 0 0 22 18 19 18 17 18 27 23 27 16 27 10 14 15 15 19 10 22 10 10 17 23 10 23 30 28 10 25 0 0 0 0 0 0 0 0 
0 0 0 0 0 0 0 0 0 0 0 0 0 0 0 0 0 0 0 0 26 30 15 14 0 0 0 0 0 0 0 0 25 12 17 28 0 0 0 0 
0 0 0 0 0 0 0 0 29 20 24 15 0 0 0 0 0 0 0 0 0 0 0 0 0 0 0 0 0 0 0 0 0 0 0 0 0 0 0 0 
0 0 0 0 0 0 0 0 0 0 0 0 0 0 0 0 0 0 0 0 0 0 0 0 0 0 0 0 0 0 0 0 0 0 0 0 11 11 21 11 
23 14 12 15 0 0 0 0 0 0 0 0 0 0 0 0 0 0 0 0 0 0 0 0 0 0 0 0 0 0 0 0 0 0 0 0 0 0 0 0 
0 0 0 0 23 10 14 17 0 0 0 0 0 0 0 0 0 0 0 0 25 23 16 28 22 22 19 15 14 10 17 28 20 28 14 23 0 0 0 0 
0 0 0 0 0 0 0 0 13 17 14 21 19 30 25 11 10 16 14 21 11 24 21 10 0 0 0 0 0 0 0 0 15 16 28 22 0 0 0 0 
0 0 0 0 0 0 0 0 11 21 27 13 0 0 0 0 0 0 0 0 0 0 0 0 11 16 15 23 0 0 0 0 0 0 0 0 0 0 0 0 
0 0 0 0 0 0 0 0 0 0 0 0 0 0 0 0 0 0 0 0 0 0 0 0 0 0 0 0 0 0 0 0 0 0 0 0 13 11 12 23 
24 30 23 13 0 0 0 0 0 0 0 0 0 0 0 0 0 0 0 0 0 0 0 0 0 0 0 0 0 0 0 0 0 0 0 0 0 0 0 0 
0 0 0 0 17 14 24 29 24 26 17 20 21 21 24 15 12 29 29 11 21 23 28 16 13 22 28 30 25 10 20 27 15 23 28 29 0 0 0 0 
0 0 0 0 0 0 0 0 0 0 0 0 0 0 0 0 0 0 0 0 14 27 20 15 0 0 0 0 28 11 28 24 0 0 0 0 0 0 0 0 
0 0 0 0 0 0 0 0 12 25 20 23 12 21 29 30 11 16 12 20 0 0 0 0 10 20 23 26 0 0 0 0 23 25 13 28 0 0 0 0 
0 0 0 0 0 0 0 0 0 0 0 0 0 0 0 0 0 0 0 0 0 0 0 0 0 0 0 0 0 0 0 0 0 0 0 0 27 15 30 19 
16 12 27 28 0 0 0 0 0 0 0 0 0 0 0 0 0 0 0 0 0 0 0 0 0 0 0 0 0 0 0 0 0 0 0 0 0 0 0 0 
0 0 0 0 0 0 0 0 0 0 0 0 30 13 26 10 0 0 0 0 0 0 0 0 0 0 0 0 14 22 17 13 0 0 0 0 0 0 0 0 
0 0 0 0 13 13 12 19 11 26 27 28 19 20 24 29 14 28 27 11 10 20 30 24 29 19 17 13 12 19 30 28 28 15 10 12 0 0 0 0 
0 0 0 0 0 0 0 0 25 20 15 27 0 0 0 0 24 28 23 14 15 25 28 24 0 0 0 0 0 0 0 0 0 0 0 0 0 0 0 0 
0 0 0 0 0 0 0 0 0 0 0 0 0 0 0 0 0 0 0 0 0 0 0 0 0 0 0 0 0 0 0 0 0 0 0 0 18 13 14 19 
27 21 22 27 0 0 0 0 0 0 0 0 0 0 0 0 0 0 0 0 0 0 0 0 0 0 0 0 0 0 0 0 0 0 0 0 0 0 0 0 
0 0 0 0 30 25 26 16 0 0 0 0 19 21 30 14 24 17 19 20 27 13 29 28 19 21 19 26 22 24 25 12 15 11 17 14 0 0 0 0 
0 0 0 0 13 11 17 16 28 23 15 20 16 24 26 18 0 0 0 0 10 19 10 12 21 16 21 30 0 0 0 0 21 14 14 30 0 0 0 0 
0 0 0 0 0 0 0 0 0 0 0 0 10 29 25 22 30 17 11 11 0 0 0 0 0 0 0 0 0 0 0 0 18 17 10 18 0 0 0 0 
0 0 0 0 0 0 0 0 0 0 0 0 0 0 0 0 0 0 0 0 0 0 0 0 0 0 0 0 0 0 0 0 0 0 0 0 25 16 22 17 
12 10 30 29 0 0 0 0 0 0 0 0 0 0 0 0 0 0 0 0 0 0 0 0 0 0 0 0 0 0 0 0 0 0 0 0 0 0 0 0 
0 0 0 0 28 22 28 19 13 11 23 29 0 0 0 0 0 0 0 0 0 0 0 0 0 0 0 0 0 0 0 0 0 0 0 0 0 0 0 0 
0 0 0 0 15 18 14 27 25 21 21 29 22 10 30 30 14 12 28 29 28 13 13 15 0 0 0 0 25 22 22 24 24 28 19 27 0 0 0 0 
0 0 0 0 26 17 30 11 25 23 22 24 28 24 21 11 23 25 15 30 15 27 13 12 29 11 15 28 12 18 30 29 21 20 28 13 0 0 0 0 
0 0 0 0 0 0 0 0 0 0 0 0 0 0 0 0 0 0 0 0 0 0 0 0 0 0 0 0 0 0 0 0 0 0 0 0 20 24 12 19 
28 10 30 16 0 0 0 0 0 0 0 0 0 0 0 0 0 0 0 0 0 0 0 0 0 0 0 0 0 0 0 0 0 0 0 0 0 0 0 0 
0 0 0 0 0 0 0 0 0 0 0 0 0 0 0 0 27 22 13 16 0 0 0 0 0 0 0 0 0 0 0 0 0 0 0 0 0 0 0 0 
0 0 0 0 18 14 26 24 0 0 0 0 20 19 17 15 19 20 22 18 23 29 29 30 30 29 12 11 10 17 25 14 22 26 10 17 0 0 0 0 
0 0 0 0 17 23 27 24 0 0 0 0 0 0 0 0 0 0 0 0 0 0 0 0 0 0 0 0 0 0 0 0 20 23 23 10 0 0 0 0 
0 0 0 0 0 0 0 0 0 0 0 0 0 0 0 0 0 0 0 0 0 0 0 0 0 0 0 0 0 0 0 0 0 0 0 0 12 28 25 17 
14 26 13 30 0 0 0 0 0 0 0 0 0 0 0 0 0 0 0 0 0 0 0 0 0 0 0 0 0 0 0 0 0 0 0 0 0 0 0 0 
0 0 0 0 0 0 0 0 19 15 11 19 0 0 0 0 27 20 20 29 20 22 22 15 0 0 0 0 0 0 0 0 0 0 0 0 0 0 0 0 
0 0 0 0 0 0 0 0 0 0 0 0 28 25 29 13 0 0 0 0 0 0 0 0 0 0 0 0 0 0 0 0 0 0 0 0 0 0 0 0 
0 0 0 0 27 28 26 16 0 0 0 0 19 22 28 17 0 0 0 0 0 0 0 0 0 0 0 0 0 0 0 0 0 0 0 0 0 0 0 0 
0 0 0 0 0 0 0 0 0 0 0 0 0 0 0 0 0 0 0 0 0 0 0 0 0 0 0 0 0 0 0 0 0 0 0 0 23 11 25 26 
15 17 25 30 0 0 0 0 0 0 0 0 0 0 0 0 0 0 0 0 0 0 0 0 0 0 0 0 0 0 0 0 0 0 0 0 0 0 0 0 
0 0 0 0 0 0 0 0 0 0 0 0 23 16 15 30 0 0 0 0 0 0 0 0 24 17 17 22 0 0 0 0 0 0 0 0 0 0 0 0 
0 0 0 0 25 10 12 26 0 0 0 0 11 10 22 15 25 13 11 19 23 18 14 10 12 29 16 20 15 17 30 12 27 28 24 14 0 0 0 0 
0 0 0 0 0 0 0 0 12 17 18 20 30 13 11 23 28 13 16 15 22 21 20 25 14 26 29 24 0 0 0 0 15 28 25 22 0 0 0 0 
0 0 0 0 0 0 0 0 0 0 0 0 0 0 0 0 0 0 0 0 0 0 0 0 0 0 0 0 0 0 0 0 0 0 0 0 24 25 25 13 
27 26 23 25 0 0 0 0 0 0 0 0 0 0 0 0 0 0 0 0 0 0 0 0 0 0 0 0 0 0 0 0 0 0 0 0 0 0 0 0 
0 0 0 0 0 0 0 0 0 0 0 0 15 26 14 18 10 27 20 24 15 12 30 24 0 0 0 0 13 26 19 16 12 15 27 16 0 0 0 0 
0 0 0 0 0 0 0 0 0 0 0 0 0 0 0 0 0 0 0 0 15 27 19 22 19 27 27 22 0 0 0 0 0 0 0 0 0 0 0 0 
0 0 0 0 25 20 28 19 0 0 0 0 15 24 24 21 0 0 0 0 0 0 0 0 0 0 0 0 18 21 14 24 15 18 26 12 0 0 0 0 
0 0 0 0 0 0 0 0 0 0 0 0 0 0 0 0 0 0 0 0 0 0 0 0 0 0 0 0 0 0 0 0 0 0 0 0 29 18 23 24 
15 25 17 25 0 0 0 0 0 0 0 0 0 0 0 0 0 0 0 0 0 0 0 0 0 0 0 0 0 0 0 0 0 0 0 0 0 0 0 0 
0 0 0 0 13 23 21 18 0 0 0 0 0 0 0 0 11 17 11 23 13 16 27 14 30 12 26 10 21 19 26 20 15 23 17 16 0 0 0 0 
0 0 0 0 17 20 18 30 0 0 0 0 12 20 13 24 13 19 14 10 0 0 0 0 0 0 0 0 0 0 0 0 30 15 18 12 0 0 0 0 
0 0 0 0 20 16 25 26 16 24 15 16 15 29 10 11 30 22 13 30 23 24 12 24 20 20 17 26 0 0 0 0 10 13 18 12 0 0 0 0 
0 0 0 0 0 0 0 0 0 0 0 0 0 0 0 0 0 0 0 0 0 0 0 0 0 0 0 0 0 0 0 0 0 0 0 0 15 30 20 25 
25 29 11 22 0 0 0 0 0 0 0 0 0 0 0 0 0 0 0 0 0 0 0 0 0 0 0 0 0 0 0 0 0 0 0 0 0 0 0 0 
0 0 0 0 30 27 13 15 23 22 23 26 22 13 23 26 0 0 0 0 0 0 0 0 21 16 23 27 0 0 0 0 0 0 0 0 0 0 0 0 
0 0 0 0 13 15 14 24 0 0 0 0 19 14 15 11 12 23 21 21 10 19 18 29 30 24 29 13 28 14 25 21 16 19 14 11 0 0 0 0 
0 0 0 0 25 29 22 30 0 0 0 0 20 18 23 17 30 10 11 17 24 12 17 10 16 18 18 22 14 12 16 20 15 29 26 25 0 0 0 0 
0 0 0 0 0 0 0 0 0 0 0 0 0 0 0 0 0 0 0 0 0 0 0 0 0 0 0 0 0 0 0 0 0 0 0 0 19 22 23 23 
22 17 30 22 0 0 0 0 0 0 0 0 0 0 0 0 0 0 0 0 0 0 0 0 0 0 0 0 0 0 0 0 0 0 0 0 0 0 0 0 
0 0 0 0 23 27 10 14 26 14 21 11 11 26 11 14 10 22 28 19 0 0 0 0 0 0 0 0 14 17 19 29 21 21 10 15 0 0 0 0 
0 0 0 0 0 0 0 0 21 26 29 14 28 12 20 14 25 25 17 13 13 23 25 17 28 10 23 17 0 0 0 0 29 12 25 25 0 0 0 0 
0 0 0 0 15 27 21 20 14 26 23 23 0 0 0 0 0 0 0 0 0 0 0 0 10 11 11 30 0 0 0 0 0 0 0 0 0 0 0 0 
0 0 0 0 0 0 0 0 0 0 0 0 0 0 0 0 0 0 0 0 0 0 0 0 0 0 0 0 0 0 0 0 0 0 0 0 25 10 25 26 
18 28 16 15 0 0 0 0 0 0 0 0 0 0 0 0 0 0 0 0 0 0 0 0 0 0 0 0 0 0 0 0 0 0 0 0 0 0 0 0 
0 0 0 0 13 19 12 18 26 22 10 29 29 11 12 20 0 0 0 0 0 0 0 0 19 16 26 11 0 0 0 0 13 22 27 22 0 0 0 0 
0 0 0 0 11 22 11 12 20 18 17 12 21 27 21 12 24 10 15 18 18 11 22 14 10 29 26 10 0 0 0 0 14 26 10 28 0 0 0 0 
0 0 0 0 11 28 26 14 19 21 27 10 26 23 13 17 26 24 14 29 0 0 0 0 13 21 27 19 0 0 0 0 0 0 0 0 0 0 0 0 
0 0 0 0 0 0 0 0 0 0 0 0 0 0 0 0 0 0 0 0 0 0 0 0 0 0 0 0 0 0 0 0 0 0 0 0 16 14 25 18 
30 22 13 13 0 0 0 0 0 0 0 0 0 0 0 0 0 0 0 0 0 0 0 0 0 0 0 0 0 0 0 0 0 0 0 0 0 0 0 0 
0 0 0 0 18 21 10 11 28 26 24 14 0 0 0 0 0 0 0 0 0 0 0 0 0 0 0 0 0 0 0 0 17 22 29 28 0 0 0 0 
0 0 0 0 17 24 17 18 24 15 30 26 28 25 27 22 18 22 21 19 28 25 26 11 18 20 16 29 0 0 0 0 0 0 0 0 0 0 0 0 
0 0 0 0 0 0 0 0 16 20 15 18 22 26 27 25 0 0 0 0 0 0 0 0 15 18 25 23 20 23 14 29 0 0 0 0 0 0 0 0 
0 0 0 0 0 0 0 0 0 0 0 0 0 0 0 0 0 0 0 0 0 0 0 0 0 0 0 0 0 0 0 0 0 0 0 0 19 27 14 28 
23 20 17 27 0 0 0 0 0 0 0 0 0 0 0 0 0 0 0 0 0 0 0 0 0 0 0 0 0 0 0 0 0 0 0 0 0 0 0 0 
0 0 0 0 29 24 25 30 23 15 20 25 19 19 18 14 28 18 28 20 0 0 0 0 28 20 30 24 17 22 23 25 17 23 12 13 0 0 0 0 
0 0 0 0 30 26 30 11 0 0 0 0 20 10 16 14 0 0 0 0 26 14 26 29 0 0 0 0 15 16 18 23 27 19 27 18 0 0 0 0 
0 0 0 0 17 22 12 25 25 23 21 27 19 13 24 10 16 11 10 19 22 22 15 11 30 27 14 11 20 26 23 29 20 12 16 17 0 0 0 0 
0 0 0 0 0 0 0 0 0 0 0 0 0 0 0 0 0 0 0 0 0 0 0 0 0 0 0 0 0 0 0 0 0 0 0 0 10 13 29 19 
30 24 18 28 0 0 0 0 0 0 0 0 0 0 0 0 0 0 0 0 0 0 0 0 0 0 0 0 0 0 0 0 0 0 0 0 0 0 0 0 
0 0 0 0 13 18 18 20 16 11 25 14 30 18 16 20 18 13 16 28 19 21 12 19 12 10 24 15 27 28 26 14 13 28 16 21 0 0 0 0 
0 0 0 0 0 0 0 0 22 25 21 27 23 16 10 14 0 0 0 0 21 24 20 26 29 25 19 18 13 29 14 11 12 11 14 18 0 0 0 0 
0 0 0 0 14 19 25 29 0 0 0 0 20 12 18 15 0 0 0 0 27 18 23 17 0 0 0 0 16 28 10 13 0 0 0 0 0 0 0 0 
0 0 0 0 0 0 0 0 0 0 0 0 0 0 0 0 0 0 0 0 0 0 0 0 0 0 0 0 0 0 0 0 0 0 0 0 10 30 15 10 
26 23 17 29 0 0 0 0 0 0 0 0 0 0 0 0 0 0 0 0 0 0 0 0 0 0 0 0 0 0 0 0 0 0 0 0 0 0 0 0 
0 0 0 0 0 0 0 0 18 25 20 12 0 0 0 0 0 0 0 0 0 0 0 0 10 18 25 19 21 10 19 29 0 0 0 0 0 0 0 0 
0 0 0 0 0 0 0 0 0 0 0 0 0 0 0 0 0 0 0 0 0 0 0 0 0 0 0 0 0 0 0 0 16 29 15 18 0 0 0 0 
0 0 0 0 0 0 0 0 27 21 16 28 30 30 13 23 20 12 15 24 30 28 14 26 19 30 17 29 0 0 0 0 16 28 14 27 0 0 0 0 
0 0 0 0 0 0 0 0 0 0 0 0 0 0 0 0 0 0 0 0 0 0 0 0 0 0 0 0 0 0 0 0 0 0 0 0 24 16 25 13 
13 30 22 25 0 0 0 0 0 0 0 0 0 0 0 0 0 0 0 0 0 0 0 0 0 0 0 0 0 0 0 0 0 0 0 0 0 0 0 0 
0 0 0 0 0 0 0 0 20 28 15 11 22 26 13 25 16 12 14 14 0 0 0 0 14 28 21 20 25 11 18 26 19 18 15 15 0 0 0 0 
0 0 0 0 23 10 28 12 20 18 22 29 10 27 14 18 19 12 13 19 23 22 17 30 0 0 0 0 16 30 21 25 28 18 16 30 0 0 0 0 
0 0 0 0 0 0 0 0 0 0 0 0 0 0 0 0 0 0 0 0 0 0 0 0 30 13 16 11 18 19 18 21 0 0 0 0 0 0 0 0 
0 0 0 0 0 0 0 0 0 0 0 0 0 0 0 0 0 0 0 0 0 0 0 0 0 0 0 0 0 0 0 0 0 0 0 0 26 25 28 27 
12 17 12 18 0 0 0 0 0 0 0 0 0 0 0 0 0 0 0 0 0 0 0 0 0 0 0 0 0 0 0 0 0 0 0 0 0 0 0 0 
0 0 0 0 29 20 13 27 26 14 15 24 29 24 17 30 20 11 18 28 18 15 21 21 16 11 25 24 24 12 25 11 12 10 13 25 0 0 0 0 
0 0 0 0 0 0 0 0 0 0 0 0 0 0 0 0 28 14 30 19 0 0 0 0 0 0 0 0 0 0 0 0 0 0 0 0 0 0 0 0 
0 0 0 0 0 0 0 0 12 11 25 25 0 0 0 0 0 0 0 0 0 0 0 0 0 0 0 0 0 0 0 0 0 0 0 0 0 0 0 0 
0 0 0 0 0 0 0 0 0 0 0 0 0 0 0 0 0 0 0 0 0 0 0 0 0 0 0 0 0 0 0 0 0 0 0 0 27 16 13 15 
24 11 19 17 0 0 0 0 0 0 0 0 0 0 0 0 0 0 0 0 0 0 0 0 0 0 0 0 0 0 0 0 0 0 0 0 0 0 0 0 
0 0 0 0 0 0 0 0 30 22 15 25 22 13 12 29 29 17 23 13 24 16 18 19 19 25 16 13 0 0 0 0 22 20 25 15 0 0 0 0 
0 0 0 0 0 0 0 0 26 20 10 16 0 0 0 0 22 23 24 19 0 0 0 0 0 0 0 0 29 20 30 26 18 11 30 13 0 0 0 0 
0 0 0 0 20 27 25 30 18 29 14 14 17 29 15 29 23 18 16 28 0 0 0 0 14 11 19 16 0 0 0 0 0 0 0 0 0 0 0 0 
0 0 0 0 0 0 0 0 0 0 0 0 0 0 0 0 0 0 0 0 0 0 0 0 0 0 0 0 0 0 0 0 0 0 0 0 24 15 26 24 
22 29 21 29 0 0 0 0 0 0 0 0 0 0 0 0 0 0 0 0 0 0 0 0 0 0 0 0 0 0 0 0 0 0 0 0 0 0 0 0 
0 0 0 0 16 30 26 26 10 27 30 23 23 22 23 20 0 0 0 0 30 30 12 30 10 21 14 18 22 18 20 19 20 27 13 28 0 0 0 0 
0 0 0 0 16 18 23 10 0 0 0 0 0 0 0 0 14 27 17 19 21 26 12 26 23 12 22 13 21 20 26 16 18 29 13 28 0 0 0 0 
0 0 0 0 17 11 10 19 29 26 18 27 12 25 20 28 22 11 13 11 15 30 26 18 0 0 0 0 26 18 29 25 18 26 27 30 0 0 0 0 
0 0 0 0 0 0 0 0 0 0 0 0 0 0 0 0 0 0 0 0 0 0 0 0 0 0 0 0 0 0 0 0 0 0 0 0 10 25 18 10 
13 10 28 25 0 0 0 0 0 0 0 0 0 0 0 0 0 0 0 0 0 0 0 0 0 0 0 0 0 0 0 0 0 0 0 0 0 0 0 0 
0 0 0 0 0 0 0 0 27 13 15 27 21 11 23 19 25 18 25 26 0 0 0 0 22 10 11 26 0 0 0 0 0 0 0 0 0 0 0 0 
0 0 0 0 0 0 0 0 0 0 0 0 0 0 0 0 27 21 26 25 0 0 0 0 0 0 0 0 0 0 0 0 24 18 23 25 0 0 0 0 
0 0 0 0 23 23 26 15 0 0 0 0 20 10 24 13 18 27 29 25 17 22 16 10 20 25 15 16 20 19 24 22 24 11 27 27 0 0 0 0 
0 0 0 0 0 0 0 0 0 0 0 0 0 0 0 0 0 0 0 0 0 0 0 0 0 0 0 0 0 0 0 0 0 0 0 0 21 28 15 25 
10 25 15 30 0 0 0 0 0 0 0 0 0 0 0 0 0 0 0 0 0 0 0 0 0 0 0 0 0 0 0 0 0 0 0 0 0 0 0 0 
0 0 0 0 25 28 20 29 17 17 22 23 24 11 11 28 18 10 21 10 0 0 0 0 11 25 22 10 15 23 22 24 0 0 0 0 0 0 0 0 
0 0 0 0 21 25 27 30 0 0 0 0 0 0 0 0 15 23 12 14 22 10 28 13 0 0 0 0 27 27 21 14 27 13 18 12 0 0 0 0 
0 0 0 0 28 14 20 17 29 15 21 29 0 0 0 0 25 19 14 26 18 16 25 15 16 11 11 17 0 0 0 0 16 12 24 19 0 0 0 0 
0 0 0 0 0 0 0 0 0 0 0 0 0 0 0 0 0 0 0 0 0 0 0 0 0 0 0 0 0 0 0 0 0 0 0 0 23 25 12 13 
20 25 25 18 0 0 0 0 0 0 0 0 0 0 0 0 0 0 0 0 0 0 0 0 0 0 0 0 0 0 0 0 0 0 0 0 0 0 0 0 
0 0 0 0 19 10 22 20 15 19 28 13 27 24 20 21 0 0 0 0 29 30 18 23 0 0 0 0 12 24 28 29 0 0 0 0 0 0 0 0 
0 0 0 0 19 18 28 30 13 17 17 27 23 26 24 14 0 0 0 0 25 15 14 11 25 27 20 13 28 18 17 18 0 0 0 0 0 0 0 0 
0 0 0 0 0 0 0 0 14 28 15 10 27 20 19 26 11 19 15 13 20 16 13 10 26 16 11 13 25 11 18 25 27 27 18 15 0 0 0 0 
0 0 0 0 0 0 0 0 0 0 0 0 0 0 0 0 0 0 0 0 0 0 0 0 0 0 0 0 0 0 0 0 0 0 0 0 25 23 29 22 
25 28 20 29 0 0 0 0 0 0 0 0 0 0 0 0 0 0 0 0 0 0 0 0 0 0 0 0 0 0 0 0 0 0 0 0 0 0 0 0 
0 0 0 0 0 0 0 0 0 0 0 0 26 15 25 11 12 15 12 16 0 0 0 0 19 19 24 29 15 13 17 26 0 0 0 0 0 0 0 0 
0 0 0 0 16 19 18 29 27 19 19 24 0 0 0 0 0 0 0 0 27 10 29 16 13 16 10 16 0 0 0 0 0 0 0 0 0 0 0 0 
0 0 0 0 0 0 0 0 12 22 24 25 0 0 0 0 0 0 0 0 0 0 0 0 0 0 0 0 0 0 0 0 0 0 0 0 0 0 0 0 
0 0 0 0 0 0 0 0 0 0 0 0 0 0 0 0 0 0 0 0 0 0 0 0 0 0 0 0 0 0 0 0 0 0 0 0 13 30 17 19 
18 28 26 18 0 0 0 0 0 0 0 0 0 0 0 0 0 0 0 0 0 0 0 0 0 0 0 0 0 0 0 0 0 0 0 0 0 0 0 0 
0 0 0 0 0 0 0 0 0 0 0 0 10 21 15 18 0 0 0 0 0 0 0 0 0 0 0 0 0 0 0 0 24 17 21 13 0 0 0 0 
0 0 0 0 12 12 30 25 0 0 0 0 29 14 23 19 18 25 13 23 0 0 0 0 29 15 12 29 25 25 29 28 10 12 11 14 0 0 0 0 
0 0 0 0 13 21 26 25 10 30 19 24 0 0 0 0 19 13 12 10 14 19 12 11 14 26 10 18 30 17 18 26 19 11 28 18 0 0 0 0 
0 0 0 0 0 0 0 0 0 0 0 0 0 0 0 0 0 0 0 0 0 0 0 0 0 0 0 0 0 0 0 0 0 0 0 0 30 21 21 10 
28 16 27 29 0 0 0 0 0 0 0 0 0 0 0 0 0 0 0 0 0 0 0 0 0 0 0 0 0 0 0 0 0 0 0 0 0 0 0 0 
0 0 0 0 0 0 0 0 0 0 0 0 0 0 0 0 0 0 0 0 15 11 10 25 29 30 12 23 0 0 0 0 0 0 0 0 0 0 0 0 
0 0 0 0 0 0 0 0 22 24 29 17 26 10 26 28 11 20 27 23 13 10 30 11 20 15 28 27 24 30 30 17 11 12 17 18 0 0 0 0 
0 0 0 0 0 0 0 0 0 0 0 0 13 27 19 25 22 29 17 26 14 16 27 12 0 0 0 0 10 14 10 26 16 22 18 14 0 0 0 0 
0 0 0 0 0 0 0 0 0 0 0 0 0 0 0 0 0 0 0 0 0 0 0 0 0 0 0 0 0 0 0 0 0 0 0 0 30 28 28 28 
21 25 10 25 0 0 0 0 0 0 0 0 0 0 0 0 0 0 0 0 0 0 0 0 0 0 0 0 0 0 0 0 0 0 0 0 0 0 0 0 
0 0 0 0 17 19 27 18 22 16 16 17 19 18 27 13 12 17 19 17 12 22 17 17 14 17 22 18 19 13 29 24 0 0 0 0 0 0 0 0 
0 0 0 0 0 0 0 0 0 0 0 0 0 0 0 0 0 0 0 0 0 0 0 0 21 14 19 19 0 0 0 0 11 21 18 14 0 0 0 0 
0 0 0 0 0 0 0 0 0 0 0 0 11 17 30 12 11 19 10 25 0 0 0 0 0 0 0 0 0 0 0 0 0 0 0 0 0 0 0 0 
0 0 0 0 0 0 0 0 0 0 0 0 0 0 0 0 0 0 0 0 0 0 0 0 0 0 0 0 0 0 0 0 0 0 0 0 22 29 25 24 
13 27 17 23 0 0 0 0 0 0 0 0 0 0 0 0 0 0 0 0 0 0 0 0 0 0 0 0 0 0 0 0 0 0 0 0 0 0 0 0 
0 0 0 0 0 0 0 0 17 23 19 19 0 0 0 0 0 0 0 0 26 29 21 30 25 18 13 25 0 0 0 0 20 28 15 22 0 0 0 0 
0 0 0 0 30 11 29 29 22 13 22 11 27 27 27 11 17 28 16 30 24 23 14 19 24 29 29 11 26 14 16 29 18 14 28 25 0 0 0 0 
0 0 0 0 0 0 0 0 28 23 13 10 0 0 0 0 0 0 0 0 15 25 19 27 0 0 0 0 0 0 0 0 0 0 0 0 0 0 0 0 
0 0 0 0 0 0 0 0 0 0 0 0 0 0 0 0 0 0 0 0 0 0 0 0 0 0 0 0 0 0 0 0 0 0 0 0 23 14 24 24 
26 30 24 16 0 0 0 0 0 0 0 0 0 0 0 0 0 0 0 0 0 0 0 0 0 0 0 0 0 0 0 0 0 0 0 0 0 0 0 0 
0 0 0 0 0 0 0 0 0 0 0 0 0 0 0 0 0 0 0 0 0 0 0 0 23 17 20 25 0 0 0 0 0 0 0 0 0 0 0 0 
0 0 0 0 20 12 12 10 16 24 28 26 0 0 0 0 21 27 15 17 20 29 18 14 24 16 20 16 0 0 0 0 0 0 0 0 0 0 0 0 
0 0 0 0 0 0 0 0 0 0 0 0 0 0 0 0 0 0 0 0 0 0 0 0 21 29 20 22 23 19 16 30 0 0 0 0 0 0 0 0 
0 0 0 0 0 0 0 0 0 0 0 0 0 0 0 0 0 0 0 0 0 0 0 0 0 0 0 0 0 0 0 0 0 0 0 0 25 23 22 19 
26 14 29 30 0 0 0 0 0 0 0 0 0 0 0 0 0 0 0 0 0 0 0 0 0 0 0 0 0 0 0 0 0 0 0 0 0 0 0 0 
0 0 0 0 0 0 0 0 25 29 16 29 0 0 0 0 0 0 0 0 0 0 0 0 16 18 25 26 22 28 23 15 13 28 29 14 0 0 0 0 
0 0 0 0 0 0 0 0 0 0 0 0 0 0 0 0 26 29 10 24 0 0 0 0 0 0 0 0 0 0 0 0 0 0 0 0 0 0 0 0 
0 0 0 0 17 22 12 14 14 12 13 16 0 0 0 0 21 24 29 19 27 23 10 30 0 0 0 0 25 11 26 29 28 11 10 11 0 0 0 0 
0 0 0 0 0 0 0 0 0 0 0 0 0 0 0 0 0 0 0 0 0 0 0 0 0 0 0 0 0 0 0 0 0 0 0 0 15 18 30 26
---------------------
 
Processing cost   (0 -- non-optional machine)
Rows: sequential for each operation of each part; Columns: correspond to machine number
17 14 17 10 0 0 0 0 0 0 0 0 0 0 0 0 0 0 0 0 0 0 0 0 0 0 0 0 0 0 0 0 0 0 0 0 0 0 0 0 
0 0 0 0 0 0 0 0 0 0 0 0 0 0 0 0 0 0 0 0 0 0 0 0 0 0 0 0 0 0 0 0 18 12 11 15 0 0 0 0 
0 0 0 0 20 15 20 10 14 17 14 19 18 13 10 12 15 13 17 18 17 13 11 18 11 16 16 15 15 11 18 17 10 11 17 19 0 0 0 0 
0 0 0 0 0 0 0 0 0 0 0 0 12 18 12 18 0 0 0 0 0 0 0 0 0 0 0 0 0 0 0 0 0 0 0 0 0 0 0 0 
0 0 0 0 0 0 0 0 0 0 0 0 0 0 0 0 0 0 0 0 0 0 0 0 0 0 0 0 0 0 0 0 0 0 0 0 16 20 17 17 
18 19 12 16 0 0 0 0 0 0 0 0 0 0 0 0 0 0 0 0 0 0 0 0 0 0 0 0 0 0 0 0 0 0 0 0 0 0 0 0 
0 0 0 0 11 20 14 16 0 0 0 0 16 13 10 18 0 0 0 0 14 14 11 20 12 17 18 15 0 0 0 0 15 16 19 16 0 0 0 0 
0 0 0 0 0 0 0 0 0 0 0 0 0 0 0 0 0 0 0 0 11 13 16 18 0 0 0 0 14 20 13 16 20 13 17 14 0 0 0 0 
0 0 0 0 0 0 0 0 0 0 0 0 15 20 18 13 19 16 14 17 0 0 0 0 19 18 14 20 13 16 14 17 15 17 12 17 0 0 0 0 
0 0 0 0 0 0 0 0 0 0 0 0 0 0 0 0 0 0 0 0 0 0 0 0 0 0 0 0 0 0 0 0 0 0 0 0 16 13 15 16 
14 10 20 17 0 0 0 0 0 0 0 0 0 0 0 0 0 0 0 0 0 0 0 0 0 0 0 0 0 0 0 0 0 0 0 0 0 0 0 0 
0 0 0 0 17 10 18 16 0 0 0 0 0 0 0 0 0 0 0 0 17 20 20 20 0 0 0 0 0 0 0 0 12 16 19 20 0 0 0 0 
0 0 0 0 16 19 14 10 17 11 14 18 19 18 20 15 0 0 0 0 0 0 0 0 0 0 0 0 0 0 0 0 0 0 0 0 0 0 0 0 
0 0 0 0 10 11 17 20 0 0 0 0 18 15 15 12 11 19 20 17 14 15 19 18 0 0 0 0 14 20 16 11 12 15 20 15 0 0 0 0 
0 0 0 0 0 0 0 0 0 0 0 0 0 0 0 0 0 0 0 0 0 0 0 0 0 0 0 0 0 0 0 0 0 0 0 0 11 12 12 20 
19 16 12 17 0 0 0 0 0 0 0 0 0 0 0 0 0 0 0 0 0 0 0 0 0 0 0 0 0 0 0 0 0 0 0 0 0 0 0 0 
0 0 0 0 12 10 16 13 20 14 18 16 0 0 0 0 15 10 12 12 0 0 0 0 17 13 13 16 0 0 0 0 15 19 11 20 0 0 0 0 
0 0 0 0 0 0 0 0 0 0 0 0 11 11 15 14 0 0 0 0 0 0 0 0 0 0 0 0 0 0 0 0 0 0 0 0 0 0 0 0 
0 0 0 0 14 15 10 18 0 0 0 0 13 13 18 11 12 17 20 11 0 0 0 0 17 19 19 12 18 17 12 11 20 18 18 13 0 0 0 0 
0 0 0 0 0 0 0 0 0 0 0 0 0 0 0 0 0 0 0 0 0 0 0 0 0 0 0 0 0 0 0 0 0 0 0 0 14 16 11 12 
18 13 10 13 0 0 0 0 0 0 0 0 0 0 0 0 0 0 0 0 0 0 0 0 0 0 0 0 0 0 0 0 0 0 0 0 0 0 0 0 
0 0 0 0 0 0 0 0 18 10 12 15 0 0 0 0 0 0 0 0 0 0 0 0 0 0 0 0 0 0 0 0 0 0 0 0 0 0 0 0 
0 0 0 0 17 15 16 10 10 17 13 18 12 18 15 20 20 12 10 12 19 16 13 10 10 20 15 14 20 17 10 16 13 11 20 11 0 0 0 0 
0 0 0 0 0 0 0 0 0 0 0 0 13 19 16 10 0 0 0 0 0 0 0 0 0 0 0 0 0 0 0 0 0 0 0 0 0 0 0 0 
0 0 0 0 0 0 0 0 0 0 0 0 0 0 0 0 0 0 0 0 0 0 0 0 0 0 0 0 0 0 0 0 0 0 0 0 10 18 15 10 
15 15 13 20 0 0 0 0 0 0 0 0 0 0 0 0 0 0 0 0 0 0 0 0 0 0 0 0 0 0 0 0 0 0 0 0 0 0 0 0 
0 0 0 0 0 0 0 0 14 12 10 13 0 0 0 0 14 12 20 10 0 0 0 0 0 0 0 0 0 0 0 0 0 0 0 0 0 0 0 0 
0 0 0 0 20 10 19 10 15 11 16 10 0 0 0 0 20 14 15 11 11 17 11 16 19 14 13 12 19 13 11 20 14 19 14 20 0 0 0 0 
0 0 0 0 17 10 14 15 14 10 17 10 19 20 20 19 11 13 13 10 10 15 14 16 20 16 18 18 0 0 0 0 19 17 20 13 0 0 0 0 
0 0 0 0 0 0 0 0 0 0 0 0 0 0 0 0 0 0 0 0 0 0 0 0 0 0 0 0 0 0 0 0 0 0 0 0 20 13 11 10 
16 15 15 16 0 0 0 0 0 0 0 0 0 0 0 0 0 0 0 0 0 0 0 0 0 0 0 0 0 0 0 0 0 0 0 0 0 0 0 0 
0 0 0 0 18 10 16 14 0 0 0 0 0 0 0 0 0 0 0 0 0 0 0 0 13 14 20 15 0 0 0 0 0 0 0 0 0 0 0 0 
0 0 0 0 12 14 10 20 15 12 17 10 15 12 15 15 14 13 11 17 16 20 14 16 0 0 0 0 0 0 0 0 10 15 16 16 0 0 0 0 
0 0 0 0 0 0 0 0 15 17 12 20 15 10 16 20 0 0 0 0 0 0 0 0 0 0 0 0 0 0 0 0 0 0 0 0 0 0 0 0 
0 0 0 0 0 0 0 0 0 0 0 0 0 0 0 0 0 0 0 0 0 0 0 0 0 0 0 0 0 0 0 0 0 0 0 0 18 13 16 10 
16 13 18 18 0 0 0 0 0 0 0 0 0 0 0 0 0 0 0 0 0 0 0 0 0 0 0 0 0 0 0 0 0 0 0 0 0 0 0 0 
0 0 0 0 10 11 12 16 19 16 17 19 16 17 20 20 17 19 12 16 10 12 17 14 16 12 16 15 16 12 10 19 0 0 0 0 0 0 0 0 
0 0 0 0 0 0 0 0 0 0 0 0 19 16 20 19 0 0 0 0 14 12 17 19 11 20 10 19 0 0 0 0 0 0 0 0 0 0 0 0 
0 0 0 0 15 18 17 15 0 0 0 0 0 0 0 0 14 12 18 12 18 14 11 16 0 0 0 0 16 13 14 13 15 14 14 18 0 0 0 0 
0 0 0 0 0 0 0 0 0 0 0 0 0 0 0 0 0 0 0 0 0 0 0 0 0 0 0 0 0 0 0 0 0 0 0 0 13 18 10 17 
11 19 20 18 0 0 0 0 0 0 0 0 0 0 0 0 0 0 0 0 0 0 0 0 0 0 0 0 0 0 0 0 0 0 0 0 0 0 0 0 
0 0 0 0 20 19 14 12 20 10 10 20 19 11 17 16 15 14 17 20 16 11 20 19 11 12 14 20 20 18 11 14 17 11 19 13 0 0 0 0 
0 0 0 0 0 0 0 0 20 13 14 16 0 0 0 0 0 0 0 0 0 0 0 0 0 0 0 0 0 0 0 0 0 0 0 0 0 0 0 0 
0 0 0 0 19 10 13 13 19 17 15 13 19 18 10 15 12 13 17 19 18 16 19 17 16 11 10 14 17 11 14 11 10 12 17 14 0 0 0 0 
0 0 0 0 0 0 0 0 0 0 0 0 0 0 0 0 0 0 0 0 0 0 0 0 0 0 0 0 0 0 0 0 0 0 0 0 16 17 10 16 
18 12 11 14 0 0 0 0 0 0 0 0 0 0 0 0 0 0 0 0 0 0 0 0 0 0 0 0 0 0 0 0 0 0 0 0 0 0 0 0 
0 0 0 0 16 10 15 13 20 19 16 10 11 17 10 14 16 11 18 20 10 14 11 15 11 17 18 19 13 13 17 16 18 19 20 16 0 0 0 0 
0 0 0 0 11 16 14 18 0 0 0 0 10 13 13 18 0 0 0 0 0 0 0 0 0 0 0 0 17 13 13 20 13 18 18 17 0 0 0 0 
0 0 0 0 18 14 20 16 0 0 0 0 15 12 17 19 0 0 0 0 19 15 10 18 0 0 0 0 0 0 0 0 10 19 14 20 0 0 0 0 
0 0 0 0 0 0 0 0 0 0 0 0 0 0 0 0 0 0 0 0 0 0 0 0 0 0 0 0 0 0 0 0 0 0 0 0 13 16 19 17 
19 19 14 18 0 0 0 0 0 0 0 0 0 0 0 0 0 0 0 0 0 0 0 0 0 0 0 0 0 0 0 0 0 0 0 0 0 0 0 0 
0 0 0 0 15 17 15 10 0 0 0 0 16 19 18 10 20 19 14 18 12 20 14 17 15 12 20 18 19 15 19 12 0 0 0 0 0 0 0 0 
0 0 0 0 15 19 20 18 19 18 14 17 15 13 18 18 10 13 19 11 15 12 16 17 0 0 0 0 16 12 16 20 0 0 0 0 0 0 0 0 
0 0 0 0 16 16 11 11 11 19 19 18 19 10 17 13 0 0 0 0 17 18 20 14 12 13 12 19 14 19 11 14 0 0 0 0 0 0 0 0 
0 0 0 0 0 0 0 0 0 0 0 0 0 0 0 0 0 0 0 0 0 0 0 0 0 0 0 0 0 0 0 0 0 0 0 0 15 20 12 17 
19 14 13 10 0 0 0 0 0 0 0 0 0 0 0 0 0 0 0 0 0 0 0 0 0 0 0 0 0 0 0 0 0 0 0 0 0 0 0 0 
0 0 0 0 13 17 14 18 0 0 0 0 12 11 10 17 0 0 0 0 0 0 0 0 19 12 10 10 15 13 10 17 0 0 0 0 0 0 0 0 
0 0 0 0 17 18 15 15 14 18 12 11 19 10 18 15 15 16 20 13 0 0 0 0 17 20 17 14 0 0 0 0 0 0 0 0 0 0 0 0 
0 0 0 0 0 0 0 0 0 0 0 0 19 17 14 12 13 12 11 13 20 16 19 16 0 0 0 0 0 0 0 0 14 17 20 17 0 0 0 0 
0 0 0 0 0 0 0 0 0 0 0 0 0 0 0 0 0 0 0 0 0 0 0 0 0 0 0 0 0 0 0 0 0 0 0 0 15 19 11 18 
18 13 18 11 0 0 0 0 0 0 0 0 0 0 0 0 0 0 0 0 0 0 0 0 0 0 0 0 0 0 0 0 0 0 0 0 0 0 0 0 
0 0 0 0 0 0 0 0 0 0 0 0 0 0 0 0 0 0 0 0 10 20 11 16 0 0 0 0 0 0 0 0 0 0 0 0 0 0 0 0 
0 0 0 0 16 13 14 18 11 19 13 12 13 13 14 13 12 10 11 13 16 19 15 12 11 19 12 15 14 15 16 11 18 15 15 18 0 0 0 0 
0 0 0 0 16 13 18 12 0 0 0 0 16 16 14 17 0 0 0 0 15 10 15 11 0 0 0 0 0 0 0 0 0 0 0 0 0 0 0 0 
0 0 0 0 0 0 0 0 0 0 0 0 0 0 0 0 0 0 0 0 0 0 0 0 0 0 0 0 0 0 0 0 0 0 0 0 16 14 14 18 
16 18 10 15 0 0 0 0 0 0 0 0 0 0 0 0 0 0 0 0 0 0 0 0 0 0 0 0 0 0 0 0 0 0 0 0 0 0 0 0 
0 0 0 0 19 18 18 13 12 15 15 16 18 19 12 15 16 16 20 10 12 19 17 15 10 11 16 15 17 13 17 11 0 0 0 0 0 0 0 0 
0 0 0 0 0 0 0 0 15 10 17 13 12 15 16 20 0 0 0 0 13 19 20 15 11 20 19 20 17 12 14 11 20 10 18 17 0 0 0 0 
0 0 0 0 20 16 11 15 12 19 14 10 17 16 11 16 0 0 0 0 11 14 14 14 12 11 19 14 0 0 0 0 15 19 15 11 0 0 0 0 
0 0 0 0 0 0 0 0 0 0 0 0 0 0 0 0 0 0 0 0 0 0 0 0 0 0 0 0 0 0 0 0 0 0 0 0 16 20 19 10 
16 13 18 11 0 0 0 0 0 0 0 0 0 0 0 0 0 0 0 0 0 0 0 0 0 0 0 0 0 0 0 0 0 0 0 0 0 0 0 0 
0 0 0 0 20 16 14 10 0 0 0 0 12 15 17 10 0 0 0 0 13 15 10 20 18 20 19 11 18 11 12 12 20 12 16 13 0 0 0 0 
0 0 0 0 15 20 10 18 19 12 19 15 12 20 15 11 19 16 16 19 13 10 19 12 11 10 20 14 14 20 15 10 20 20 15 19 0 0 0 0 
0 0 0 0 10 11 11 18 20 20 12 16 20 10 10 11 19 19 11 15 16 20 17 10 16 19 19 13 18 10 20 19 12 12 13 13 0 0 0 0 
0 0 0 0 0 0 0 0 0 0 0 0 0 0 0 0 0 0 0 0 0 0 0 0 0 0 0 0 0 0 0 0 0 0 0 0 17 16 16 15 
10 17 15 17 0 0 0 0 0 0 0 0 0 0 0 0 0 0 0 0 0 0 0 0 0 0 0 0 0 0 0 0 0 0 0 0 0 0 0 0 
0 0 0 0 15 18 19 17 0 0 0 0 15 11 11 13 0 0 0 0 0 0 0 0 15 11 11 15 15 11 11 15 0 0 0 0 0 0 0 0 
0 0 0 0 19 17 20 14 19 19 12 12 10 13 18 14 20 14 12 20 12 16 11 12 0 0 0 0 15 11 14 10 18 14 18 13 0 0 0 0 
0 0 0 0 10 17 11 18 10 14 20 19 10 15 20 19 0 0 0 0 11 16 19 15 19 10 16 17 13 18 10 19 0 0 0 0 0 0 0 0 
0 0 0 0 0 0 0 0 0 0 0 0 0 0 0 0 0 0 0 0 0 0 0 0 0 0 0 0 0 0 0 0 0 0 0 0 16 10 13 17 
17 18 14 15 0 0 0 0 0 0 0 0 0 0 0 0 0 0 0 0 0 0 0 0 0 0 0 0 0 0 0 0 0 0 0 0 0 0 0 0 
0 0 0 0 10 18 20 16 19 12 14 15 16 17 17 13 16 18 13 12 13 16 19 14 20 14 12 10 20 14 14 20 12 16 10 18 0 0 0 0 
0 0 0 0 0 0 0 0 0 0 0 0 10 13 15 16 10 12 15 20 0 0 0 0 12 10 12 12 12 14 10 11 13 16 11 11 0 0 0 0 
0 0 0 0 0 0 0 0 0 0 0 0 0 0 0 0 15 10 12 17 0 0 0 0 12 20 14 16 19 10 18 10 18 15 16 18 0 0 0 0 
0 0 0 0 0 0 0 0 0 0 0 0 0 0 0 0 0 0 0 0 0 0 0 0 0 0 0 0 0 0 0 0 0 0 0 0 12 13 20 11 
18 17 19 15 0 0 0 0 0 0 0 0 0 0 0 0 0 0 0 0 0 0 0 0 0 0 0 0 0 0 0 0 0 0 0 0 0 0 0 0 
0 0 0 0 11 10 13 15 13 20 17 12 0 0 0 0 0 0 0 0 15 10 12 14 0 0 0 0 0 0 0 0 0 0 0 0 0 0 0 0 
0 0 0 0 19 19 12 18 19 14 16 13 19 10 15 13 17 16 19 11 20 12 15 16 11 15 15 14 12 20 13 18 15 12 19 19 0 0 0 0 
0 0 0 0 20 15 20 11 13 17 12 20 0 0 0 0 16 14 18 19 0 0 0 0 19 17 10 12 19 13 19 17 0 0 0 0 0 0 0 0 
0 0 0 0 0 0 0 0 0 0 0 0 0 0 0 0 0 0 0 0 0 0 0 0 0 0 0 0 0 0 0 0 0 0 0 0 18 18 18 14 
16 14 13 11 0 0 0 0 0 0 0 0 0 0 0 0 0 0 0 0 0 0 0 0 0 0 0 0 0 0 0 0 0 0 0 0 0 0 0 0 
0 0 0 0 15 15 14 18 18 16 10 12 16 13 20 20 17 13 14 20 18 19 17 14 20 13 19 20 18 19 16 13 0 0 0 0 0 0 0 0 
0 0 0 0 0 0 0 0 0 0 0 0 0 0 0 0 0 0 0 0 14 15 15 10 0 0 0 0 0 0 0 0 16 12 15 10 0 0 0 0 
0 0 0 0 0 0 0 0 16 18 13 13 0 0 0 0 0 0 0 0 0 0 0 0 0 0 0 0 0 0 0 0 0 0 0 0 0 0 0 0 
0 0 0 0 0 0 0 0 0 0 0 0 0 0 0 0 0 0 0 0 0 0 0 0 0 0 0 0 0 0 0 0 0 0 0 0 15 11 12 17 
18 17 18 16 0 0 0 0 0 0 0 0 0 0 0 0 0 0 0 0 0 0 0 0 0 0 0 0 0 0 0 0 0 0 0 0 0 0 0 0 
0 0 0 0 17 14 20 19 0 0 0 0 0 0 0 0 0 0 0 0 12 11 18 20 13 19 17 19 10 20 15 11 10 13 14 19 0 0 0 0 
0 0 0 0 0 0 0 0 19 16 13 18 18 15 15 19 17 16 19 19 12 20 12 14 0 0 0 0 0 0 0 0 17 16 10 17 0 0 0 0 
0 0 0 0 0 0 0 0 17 10 19 10 0 0 0 0 0 0 0 0 0 0 0 0 13 14 20 10 0 0 0 0 0 0 0 0 0 0 0 0 
0 0 0 0 0 0 0 0 0 0 0 0 0 0 0 0 0 0 0 0 0 0 0 0 0 0 0 0 0 0 0 0 0 0 0 0 17 17 13 16 
18 17 16 18 0 0 0 0 0 0 0 0 0 0 0 0 0 0 0 0 0 0 0 0 0 0 0 0 0 0 0 0 0 0 0 0 0 0 0 0 
0 0 0 0 15 10 10 15 12 13 18 20 16 10 19 20 20 13 14 12 10 17 10 15 16 19 20 11 12 16 15 19 14 11 10 15 0 0 0 0 
0 0 0 0 0 0 0 0 0 0 0 0 0 0 0 0 0 0 0 0 12 13 19 16 0 0 0 0 18 15 19 15 0 0 0 0 0 0 0 0 
0 0 0 0 0 0 0 0 13 18 14 10 19 12 19 13 11 14 14 14 0 0 0 0 10 14 17 17 0 0 0 0 15 19 17 13 0 0 0 0 
0 0 0 0 0 0 0 0 0 0 0 0 0 0 0 0 0 0 0 0 0 0 0 0 0 0 0 0 0 0 0 0 0 0 0 0 12 10 17 10 
11 10 19 15 0 0 0 0 0 0 0 0 0 0 0 0 0 0 0 0 0 0 0 0 0 0 0 0 0 0 0 0 0 0 0 0 0 0 0 0 
0 0 0 0 0 0 0 0 0 0 0 0 17 10 15 19 0 0 0 0 0 0 0 0 0 0 0 0 15 14 12 10 0 0 0 0 0 0 0 0 
0 0 0 0 13 14 12 20 15 10 12 10 17 18 19 16 12 15 15 19 19 20 10 12 13 10 14 20 20 16 10 15 10 19 10 16 0 0 0 0 
0 0 0 0 0 0 0 0 12 10 17 16 0 0 0 0 16 14 15 15 15 14 13 13 0 0 0 0 0 0 0 0 0 0 0 0 0 0 0 0 
0 0 0 0 0 0 0 0 0 0 0 0 0 0 0 0 0 0 0 0 0 0 0 0 0 0 0 0 0 0 0 0 0 0 0 0 15 20 10 10 
11 15 15 14 0 0 0 0 0 0 0 0 0 0 0 0 0 0 0 0 0 0 0 0 0 0 0 0 0 0 0 0 0 0 0 0 0 0 0 0 
0 0 0 0 16 11 14 12 0 0 0 0 16 10 16 15 10 18 15 19 20 16 19 15 10 16 16 18 12 11 20 11 13 16 20 19 0 0 0 0 
0 0 0 0 14 14 13 18 18 20 14 15 19 20 12 18 0 0 0 0 12 12 13 20 16 11 11 19 0 0 0 0 19 14 12 19 0 0 0 0 
0 0 0 0 0 0 0 0 0 0 0 0 11 15 17 17 15 18 10 20 0 0 0 0 0 0 0 0 0 0 0 0 15 16 19 11 0 0 0 0 
0 0 0 0 0 0 0 0 0 0 0 0 0 0 0 0 0 0 0 0 0 0 0 0 0 0 0 0 0 0 0 0 0 0 0 0 18 13 16 16 
19 15 19 18 0 0 0 0 0 0 0 0 0 0 0 0 0 0 0 0 0 0 0 0 0 0 0 0 0 0 0 0 0 0 0 0 0 0 0 0 
0 0 0 0 11 20 11 13 16 14 12 12 0 0 0 0 0 0 0 0 0 0 0 0 0 0 0 0 0 0 0 0 0 0 0 0 0 0 0 0 
0 0 0 0 14 19 11 19 14 14 17 16 19 11 14 13 10 15 10 17 16 10 14 11 0 0 0 0 17 12 16 10 11 10 19 20 0 0 0 0 
0 0 0 0 17 12 19 20 18 19 19 10 14 17 17 20 15 17 18 18 18 20 19 15 15 14 12 14 19 12 17 19 12 20 10 20 0 0 0 0 
0 0 0 0 0 0 0 0 0 0 0 0 0 0 0 0 0 0 0 0 0 0 0 0 0 0 0 0 0 0 0 0 0 0 0 0 13 12 14 13 
17 18 13 19 0 0 0 0 0 0 0 0 0 0 0 0 0 0 0 0 0 0 0 0 0 0 0 0 0 0 0 0 0 0 0 0 0 0 0 0 
0 0 0 0 0 0 0 0 0 0 0 0 0 0 0 0 10 18 11 18 0 0 0 0 0 0 0 0 0 0 0 0 0 0 0 0 0 0 0 0 
0 0 0 0 11 12 13 15 0 0 0 0 19 15 11 18 14 14 16 20 18 10 19 20 14 16 20 10 19 16 10 15 12 13 14 17 0 0 0 0 
0 0 0 0 15 18 15 18 0 0 0 0 0 0 0 0 0 0 0 0 0 0 0 0 0 0 0 0 0 0 0 0 19 18 10 19 0 0 0 0 
0 0 0 0 0 0 0 0 0 0 0 0 0 0 0 0 0 0 0 0 0 0 0 0 0 0 0 0 0 0 0 0 0 0 0 0 16 18 10 15 
19 11 17 10 0 0 0 0 0 0 0 0 0 0 0 0 0 0 0 0 0 0 0 0 0 0 0 0 0 0 0 0 0 0 0 0 0 0 0 0 
0 0 0 0 0 0 0 0 13 20 11 19 0 0 0 0 14 19 15 17 18 20 12 13 0 0 0 0 0 0 0 0 0 0 0 0 0 0 0 0 
0 0 0 0 0 0 0 0 0 0 0 0 19 15 18 14 0 0 0 0 0 0 0 0 0 0 0 0 0 0 0 0 0 0 0 0 0 0 0 0 
0 0 0 0 10 17 16 18 0 0 0 0 14 18 20 20 0 0 0 0 0 0 0 0 0 0 0 0 0 0 0 0 0 0 0 0 0 0 0 0 
0 0 0 0 0 0 0 0 0 0 0 0 0 0 0 0 0 0 0 0 0 0 0 0 0 0 0 0 0 0 0 0 0 0 0 0 19 16 14 11 
14 20 20 12 0 0 0 0 0 0 0 0 0 0 0 0 0 0 0 0 0 0 0 0 0 0 0 0 0 0 0 0 0 0 0 0 0 0 0 0 
0 0 0 0 0 0 0 0 0 0 0 0 19 10 16 14 0 0 0 0 0 0 0 0 10 14 18 20 0 0 0 0 0 0 0 0 0 0 0 0 
0 0 0 0 14 18 12 20 0 0 0 0 12 17 12 15 12 13 12 19 12 18 16 10 20 11 14 13 19 20 18 13 13 16 18 11 0 0 0 0 
0 0 0 0 0 0 0 0 13 15 19 10 17 11 18 15 19 17 17 13 19 19 15 15 15 10 13 11 0 0 0 0 19 19 15 15 0 0 0 0 
0 0 0 0 0 0 0 0 0 0 0 0 0 0 0 0 0 0 0 0 0 0 0 0 0 0 0 0 0 0 0 0 0 0 0 0 13 17 20 16 
15 14 13 10 0 0 0 0 0 0 0 0 0 0 0 0 0 0 0 0 0 0 0 0 0 0 0 0 0 0 0 0 0 0 0 0 0 0 0 0 
0 0 0 0 0 0 0 0 0 0 0 0 18 14 15 16 16 18 12 10 20 17 18 19 0 0 0 0 14 17 18 11 11 18 15 16 0 0 0 0 
0 0 0 0 0 0 0 0 0 0 0 0 0 0 0 0 0 0 0 0 20 11 20 19 13 13 17 17 0 0 0 0 0 0 0 0 0 0 0 0 
0 0 0 0 12 12 12 18 0 0 0 0 12 11 14 20 0 0 0 0 0 0 0 0 0 0 0 0 13 11 17 11 11 20 12 11 0 0 0 0 
0 0 0 0 0 0 0 0 0 0 0 0 0 0 0 0 0 0 0 0 0 0 0 0 0 0 0 0 0 0 0 0 0 0 0 0 12 17 19 20 
13 19 12 18 0 0 0 0 0 0 0 0 0 0 0 0 0 0 0 0 0 0 0 0 0 0 0 0 0 0 0 0 0 0 0 0 0 0 0 0 
0 0 0 0 15 15 19 17 0 0 0 0 0 0 0 0 14 17 17 19 17 11 10 14 18 20 12 13 12 19 15 18 13 14 11 20 0 0 0 0 
0 0 0 0 16 12 15 10 0 0 0 0 16 10 16 20 11 10 18 14 0 0 0 0 0 0 0 0 0 0 0 0 16 16 16 10 0 0 0 0 
0 0 0 0 10 11 16 17 12 15 20 17 18 15 14 12 19 19 14 12 14 16 13 16 15 13 13 15 0 0 0 0 13 11 11 18 0 0 0 0 
0 0 0 0 0 0 0 0 0 0 0 0 0 0 0 0 0 0 0 0 0 0 0 0 0 0 0 0 0 0 0 0 0 0 0 0 16 11 10 13 
17 17 10 20 0 0 0 0 0 0 0 0 0 0 0 0 0 0 0 0 0 0 0 0 0 0 0 0 0 0 0 0 0 0 0 0 0 0 0 0 
0 0 0 0 16 13 11 10 14 18 13 13 10 20 14 16 0 0 0 0 0 0 0 0 19 10 19 14 0 0 0 0 0 0 0 0 0 0 0 0 
0 0 0 0 20 16 13 20 0 0 0 0 14 10 14 17 10 10 14 10 13 13 17 20 13 14 16 12 20 12 11 11 18 14 20 12 0 0 0 0 
0 0 0 0 18 19 19 10 0 0 0 0 16 15 12 11 13 16 19 12 14 12 19 12 14 18 18 11 10 16 13 13 18 20 12 11 0 0 0 0 
0 0 0 0 0 0 0 0 0 0 0 0 0 0 0 0 0 0 0 0 0 0 0 0 0 0 0 0 0 0 0 0 0 0 0 0 14 12 19 14 
15 12 11 15 0 0 0 0 0 0 0 0 0 0 0 0 0 0 0 0 0 0 0 0 0 0 0 0 0 0 0 0 0 0 0 0 0 0 0 0 
0 0 0 0 10 17 19 16 17 11 20 19 10 16 11 12 20 10 16 15 0 0 0 0 0 0 0 0 16 14 10 10 10 11 13 20 0 0 0 0 
0 0 0 0 0 0 0 0 10 20 18 13 10 20 13 19 20 12 15 15 19 19 11 10 13 20 18 12 0 0 0 0 13 13 14 20 0 0 0 0 
0 0 0 0 13 12 18 17 10 16 15 14 0 0 0 0 0 0 0 0 0 0 0 0 16 18 20 19 0 0 0 0 0 0 0 0 0 0 0 0 
0 0 0 0 0 0 0 0 0 0 0 0 0 0 0 0 0 0 0 0 0 0 0 0 0 0 0 0 0 0 0 0 0 0 0 0 14 15 20 16 
10 10 19 10 0 0 0 0 0 0 0 0 0 0 0 0 0 0 0 0 0 0 0 0 0 0 0 0 0 0 0 0 0 0 0 0 0 0 0 0 
0 0 0 0 15 19 15 10 16 12 19 17 11 11 10 20 0 0 0 0 0 0 0 0 16 14 16 12 0 0 0 0 20 18 19 15 0 0 0 0 
0 0 0 0 20 12 17 13 11 20 10 15 11 20 20 16 11 16 15 11 13 17 19 18 12 16 18 16 0 0 0 0 17 20 13 20 0 0 0 0 
0 0 0 0 13 20 15 10 13 11 10 18 10 13 16 11 16 16 17 14 0 0 0 0 13 10 17 12 0 0 0 0 0 0 0 0 0 0 0 0 
0 0 0 0 0 0 0 0 0 0 0 0 0 0 0 0 0 0 0 0 0 0 0 0 0 0 0 0 0 0 0 0 0 0 0 0 15 13 10 20 
20 10 19 19 0 0 0 0 0 0 0 0 0 0 0 0 0 0 0 0 0 0 0 0 0 0 0 0 0 0 0 0 0 0 0 0 0 0 0 0 
0 0 0 0 13 11 14 20 17 20 12 11 0 0 0 0 0 0 0 0 0 0 0 0 0 0 0 0 0 0 0 0 20 18 19 14 0 0 0 0 
0 0 0 0 20 17 12 13 14 14 18 13 16 11 12 10 13 18 17 13 12 11 18 18 14 12 14 18 0 0 0 0 0 0 0 0 0 0 0 0 
0 0 0 0 0 0 0 0 20 18 11 10 12 13 15 20 0 0 0 0 0 0 0 0 12 10 10 19 10 17 20 17 0 0 0 0 0 0 0 0 
0 0 0 0 0 0 0 0 0 0 0 0 0 0 0 0 0 0 0 0 0 0 0 0 0 0 0 0 0 0 0 0 0 0 0 0 15 12 19 11 
20 17 14 19 0 0 0 0 0 0 0 0 0 0 0 0 0 0 0 0 0 0 0 0 0 0 0 0 0 0 0 0 0 0 0 0 0 0 0 0 
0 0 0 0 19 13 15 10 20 19 11 16 17 11 19 12 11 14 20 15 0 0 0 0 15 19 17 19 10 17 17 15 18 13 19 14 0 0 0 0 
0 0 0 0 15 12 18 11 0 0 0 0 13 19 10 15 0 0 0 0 16 15 14 19 0 0 0 0 18 12 13 11 18 11 19 15 0 0 0 0 
0 0 0 0 19 20 19 10 15 13 14 10 19 15 15 17 20 18 14 19 13 12 15 13 16 20 20 18 19 11 12 12 20 11 20 20 0 0 0 0 
0 0 0 0 0 0 0 0 0 0 0 0 0 0 0 0 0 0 0 0 0 0 0 0 0 0 0 0 0 0 0 0 0 0 0 0 12 13 20 17 
18 15 17 19 0 0 0 0 0 0 0 0 0 0 0 0 0 0 0 0 0 0 0 0 0 0 0 0 0 0 0 0 0 0 0 0 0 0 0 0 
0 0 0 0 16 11 16 19 15 19 19 17 15 12 10 19 19 16 19 20 19 16 14 18 19 13 18 15 11 16 19 17 11 13 13 10 0 0 0 0 
0 0 0 0 0 0 0 0 16 17 10 11 19 16 12 16 0 0 0 0 14 15 12 15 13 18 19 15 20 13 17 16 11 14 11 16 0 0 0 0 
0 0 0 0 16 12 17 11 0 0 0 0 19 17 13 14 0 0 0 0 19 13 19 16 0 0 0 0 13 15 18 10 0 0 0 0 0 0 0 0 
0 0 0 0 0 0 0 0 0 0 0 0 0 0 0 0 0 0 0 0 0 0 0 0 0 0 0 0 0 0 0 0 0 0 0 0 13 10 18 10 
13 12 18 18 0 0 0 0 0 0 0 0 0 0 0 0 0 0 0 0 0 0 0 0 0 0 0 0 0 0 0 0 0 0 0 0 0 0 0 0 
0 0 0 0 0 0 0 0 18 20 10 12 0 0 0 0 0 0 0 0 0 0 0 0 15 11 20 13 19 13 19 20 0 0 0 0 0 0 0 0 
0 0 0 0 0 0 0 0 0 0 0 0 0 0 0 0 0 0 0 0 0 0 0 0 0 0 0 0 0 0 0 0 15 13 14 18 0 0 0 0 
0 0 0 0 0 0 0 0 12 10 11 11 15 12 14 12 20 13 20 16 12 20 14 12 16 16 13 20 0 0 0 0 14 14 16 12 0 0 0 0 
0 0 0 0 0 0 0 0 0 0 0 0 0 0 0 0 0 0 0 0 0 0 0 0 0 0 0 0 0 0 0 0 0 0 0 0 10 13 13 18 
10 18 17 11 0 0 0 0 0 0 0 0 0 0 0 0 0 0 0 0 0 0 0 0 0 0 0 0 0 0 0 0 0 0 0 0 0 0 0 0 
0 0 0 0 0 0 0 0 11 20 11 18 13 15 16 18 16 20 19 16 0 0 0 0 18 13 15 13 14 11 19 13 17 10 16 20 0 0 0 0 
0 0 0 0 19 16 14 11 15 18 17 20 11 17 11 14 17 11 14 12 10 10 14 18 0 0 0 0 18 16 14 20 11 19 15 14 0 0 0 0 
0 0 0 0 0 0 0 0 0 0 0 0 0 0 0 0 0 0 0 0 0 0 0 0 13 19 12 11 13 13 17 17 0 0 0 0 0 0 0 0 
0 0 0 0 0 0 0 0 0 0 0 0 0 0 0 0 0 0 0 0 0 0 0 0 0 0 0 0 0 0 0 0 0 0 0 0 19 17 11 13 
10 20 12 10 0 0 0 0 0 0 0 0 0 0 0 0 0 0 0 0 0 0 0 0 0 0 0 0 0 0 0 0 0 0 0 0 0 0 0 0 
0 0 0 0 11 13 19 18 14 12 12 15 19 18 13 13 16 14 12 17 13 13 20 19 10 20 12 20 11 17 12 15 16 19 16 18 0 0 0 0 
0 0 0 0 0 0 0 0 0 0 0 0 0 0 0 0 17 11 13 10 0 0 0 0 0 0 0 0 0 0 0 0 0 0 0 0 0 0 0 0 
0 0 0 0 0 0 0 0 20 19 14 11 0 0 0 0 0 0 0 0 0 0 0 0 0 0 0 0 0 0 0 0 0 0 0 0 0 0 0 0 
0 0 0 0 0 0 0 0 0 0 0 0 0 0 0 0 0 0 0 0 0 0 0 0 0 0 0 0 0 0 0 0 0 0 0 0 17 12 15 12 
10 18 18 19 0 0 0 0 0 0 0 0 0 0 0 0 0 0 0 0 0 0 0 0 0 0 0 0 0 0 0 0 0 0 0 0 0 0 0 0 
0 0 0 0 0 0 0 0 12 10 15 19 18 10 11 15 12 12 13 18 19 14 20 12 13 20 19 10 0 0 0 0 13 12 20 12 0 0 0 0 
0 0 0 0 0 0 0 0 10 15 10 17 0 0 0 0 13 13 13 18 0 0 0 0 0 0 0 0 16 11 17 15 20 15 13 18 0 0 0 0 
0 0 0 0 16 10 18 20 15 20 12 10 18 17 12 13 19 20 17 13 0 0 0 0 12 10 10 11 0 0 0 0 0 0 0 0 0 0 0 0 
0 0 0 0 0 0 0 0 0 0 0 0 0 0 0 0 0 0 0 0 0 0 0 0 0 0 0 0 0 0 0 0 0 0 0 0 11 20 15 11 
12 12 13 10 0 0 0 0 0 0 0 0 0 0 0 0 0 0 0 0 0 0 0 0 0 0 0 0 0 0 0 0 0 0 0 0 0 0 0 0 
0 0 0 0 13 12 10 13 10 13 15 13 16 15 20 19 0 0 0 0 12 14 13 10 16 19 13 18 12 11 10 12 20 13 17 13 0 0 0 0 
0 0 0 0 18 19 15 19 0 0 0 0 0 0 0 0 19 15 15 19 12 18 17 15 20 10 14 15 13 16 18 15 15 15 11 14 0 0 0 0 
0 0 0 0 14 13 15 12 17 20 13 15 17 14 14 11 16 20 13 12 13 15 14 12 0 0 0 0 16 19 11 17 19 18 11 10 0 0 0 0 
0 0 0 0 0 0 0 0 0 0 0 0 0 0 0 0 0 0 0 0 0 0 0 0 0 0 0 0 0 0 0 0 0 0 0 0 18 13 10 10 
13 18 20 15 0 0 0 0 0 0 0 0 0 0 0 0 0 0 0 0 0 0 0 0 0 0 0 0 0 0 0 0 0 0 0 0 0 0 0 0 
0 0 0 0 0 0 0 0 18 20 14 14 19 16 13 11 10 11 19 13 0 0 0 0 11 16 19 15 0 0 0 0 0 0 0 0 0 0 0 0 
0 0 0 0 0 0 0 0 0 0 0 0 0 0 0 0 19 20 13 20 0 0 0 0 0 0 0 0 0 0 0 0 20 15 13 16 0 0 0 0 
0 0 0 0 17 15 12 16 0 0 0 0 14 10 19 18 18 10 18 12 11 19 10 14 14 16 18 18 20 16 19 18 19 13 18 11 0 0 0 0 
0 0 0 0 0 0 0 0 0 0 0 0 0 0 0 0 0 0 0 0 0 0 0 0 0 0 0 0 0 0 0 0 0 0 0 0 20 11 19 14 
18 18 20 18 0 0 0 0 0 0 0 0 0 0 0 0 0 0 0 0 0 0 0 0 0 0 0 0 0 0 0 0 0 0 0 0 0 0 0 0 
0 0 0 0 15 10 19 15 12 15 15 10 13 10 13 11 12 15 19 10 0 0 0 0 14 15 18 17 19 18 20 11 0 0 0 0 0 0 0 0 
0 0 0 0 16 18 13 14 0 0 0 0 0 0 0 0 10 16 19 13 18 10 16 13 0 0 0 0 20 18 17 16 13 10 11 17 0 0 0 0 
0 0 0 0 12 11 14 20 10 17 20 18 0 0 0 0 18 20 15 15 19 20 17 20 20 20 17 17 0 0 0 0 16 11 14 11 0 0 0 0 
0 0 0 0 0 0 0 0 0 0 0 0 0 0 0 0 0 0 0 0 0 0 0 0 0 0 0 0 0 0 0 0 0 0 0 0 16 13 10 17 
20 18 12 20 0 0 0 0 0 0 0 0 0 0 0 0 0 0 0 0 0 0 0 0 0 0 0 0 0 0 0 0 0 0 0 0 0 0 0 0 
0 0 0 0 18 20 12 10 11 18 16 13 15 13 20 14 0 0 0 0 18 19 16 13 0 0 0 0 19 11 20 11 0 0 0 0 0 0 0 0 
0 0 0 0 15 12 11 12 15 12 19 18 11 19 16 10 0 0 0 0 16 17 17 18 20 16 10 14 10 15 11 12 0 0 0 0 0 0 0 0 
0 0 0 0 0 0 0 0 16 12 12 18 14 18 13 10 19 10 15 18 10 17 10 12 10 11 16 20 14 20 18 10 10 14 10 20 0 0 0 0 
0 0 0 0 0 0 0 0 0 0 0 0 0 0 0 0 0 0 0 0 0 0 0 0 0 0 0 0 0 0 0 0 0 0 0 0 15 15 15 10 
11 14 16 14 0 0 0 0 0 0 0 0 0 0 0 0 0 0 0 0 0 0 0 0 0 0 0 0 0 0 0 0 0 0 0 0 0 0 0 0 
0 0 0 0 0 0 0 0 0 0 0 0 12 14 11 13 15 15 19 10 0 0 0 0 14 20 20 16 10 14 15 12 0 0 0 0 0 0 0 0 
0 0 0 0 16 16 10 16 10 19 18 11 0 0 0 0 0 0 0 0 15 14 13 13 12 13 20 20 0 0 0 0 0 0 0 0 0 0 0 0 
0 0 0 0 0 0 0 0 17 16 10 12 0 0 0 0 0 0 0 0 0 0 0 0 0 0 0 0 0 0 0 0 0 0 0 0 0 0 0 0 
0 0 0 0 0 0 0 0 0 0 0 0 0 0 0 0 0 0 0 0 0 0 0 0 0 0 0 0 0 0 0 0 0 0 0 0 16 14 16 11 
12 11 14 10 0 0 0 0 0 0 0 0 0 0 0 0 0 0 0 0 0 0 0 0 0 0 0 0 0 0 0 0 0 0 0 0 0 0 0 0 
0 0 0 0 0 0 0 0 0 0 0 0 17 11 14 12 0 0 0 0 0 0 0 0 0 0 0 0 0 0 0 0 12 16 13 12 0 0 0 0 
0 0 0 0 13 16 16 13 0 0 0 0 20 15 11 13 14 13 10 11 0 0 0 0 10 12 20 16 18 11 20 12 17 11 17 15 0 0 0 0 
0 0 0 0 10 13 19 15 12 15 10 19 0 0 0 0 15 12 11 19 16 13 14 10 12 14 17 10 12 10 14 12 13 16 16 10 0 0 0 0 
0 0 0 0 0 0 0 0 0 0 0 0 0 0 0 0 0 0 0 0 0 0 0 0 0 0 0 0 0 0 0 0 0 0 0 0 12 14 12 19 
11 12 20 12 0 0 0 0 0 0 0 0 0 0 0 0 0 0 0 0 0 0 0 0 0 0 0 0 0 0 0 0 0 0 0 0 0 0 0 0 
0 0 0 0 0 0 0 0 0 0 0 0 0 0 0 0 0 0 0 0 10 11 19 16 18 19 10 16 0 0 0 0 0 0 0 0 0 0 0 0 
0 0 0 0 0 0 0 0 17 19 12 11 17 20 11 16 15 11 13 16 19 15 18 18 12 12 16 14 13 20 13 13 12 14 14 17 0 0 0 0 
0 0 0 0 0 0 0 0 0 0 0 0 16 16 13 11 16 18 19 12 10 14 20 18 0 0 0 0 18 12 15 18 14 12 10 17 0 0 0 0 
0 0 0 0 0 0 0 0 0 0 0 0 0 0 0 0 0 0 0 0 0 0 0 0 0 0 0 0 0 0 0 0 0 0 0 0 14 18 20 17 
12 20 15 13 0 0 0 0 0 0 0 0 0 0 0 0 0 0 0 0 0 0 0 0 0 0 0 0 0 0 0 0 0 0 0 0 0 0 0 0 
0 0 0 0 19 14 17 16 12 16 19 18 11 16 19 15 10 10 19 18 11 16 11 17 10 19 14 20 12 13 10 12 0 0 0 0 0 0 0 0 
0 0 0 0 0 0 0 0 0 0 0 0 0 0 0 0 0 0 0 0 0 0 0 0 15 14 11 10 0 0 0 0 15 18 19 17 0 0 0 0 
0 0 0 0 0 0 0 0 0 0 0 0 18 19 14 20 20 14 14 10 0 0 0 0 0 0 0 0 0 0 0 0 0 0 0 0 0 0 0 0 
0 0 0 0 0 0 0 0 0 0 0 0 0 0 0 0 0 0 0 0 0 0 0 0 0 0 0 0 0 0 0 0 0 0 0 0 12 14 13 13 
19 15 13 17 0 0 0 0 0 0 0 0 0 0 0 0 0 0 0 0 0 0 0 0 0 0 0 0 0 0 0 0 0 0 0 0 0 0 0 0 
0 0 0 0 0 0 0 0 17 11 11 14 0 0 0 0 0 0 0 0 14 15 17 10 10 18 10 11 0 0 0 0 19 11 15 10 0 0 0 0 
0 0 0 0 13 13 18 11 17 18 13 12 13 13 19 10 18 14 12 15 14 19 11 13 16 19 11 10 18 14 14 19 16 10 15 12 0 0 0 0 
0 0 0 0 0 0 0 0 19 10 10 16 0 0 0 0 0 0 0 0 19 18 18 14 0 0 0 0 0 0 0 0 0 0 0 0 0 0 0 0 
0 0 0 0 0 0 0 0 0 0 0 0 0 0 0 0 0 0 0 0 0 0 0 0 0 0 0 0 0 0 0 0 0 0 0 0 17 13 14 19 
10 15 19 15 0 0 0 0 0 0 0 0 0 0 0 0 0 0 0 0 0 0 0 0 0 0 0 0 0 0 0 0 0 0 0 0 0 0 0 0 
0 0 0 0 0 0 0 0 0 0 0 0 0 0 0 0 0 0 0 0 0 0 0 0 14 13 20 12 0 0 0 0 0 0 0 0 0 0 0 0 
0 0 0 0 18 12 10 14 12 15 10 15 0 0 0 0 17 18 16 20 16 13 15 20 12 12 19 13 0 0 0 0 0 0 0 0 0 0 0 0 
0 0 0 0 0 0 0 0 0 0 0 0 0 0 0 0 0 0 0 0 0 0 0 0 17 17 17 15 14 15 14 15 0 0 0 0 0 0 0 0 
0 0 0 0 0 0 0 0 0 0 0 0 0 0 0 0 0 0 0 0 0 0 0 0 0 0 0 0 0 0 0 0 0 0 0 0 11 16 10 18 
11 17 10 17 0 0 0 0 0 0 0 0 0 0 0 0 0 0 0 0 0 0 0 0 0 0 0 0 0 0 0 0 0 0 0 0 0 0 0 0 
0 0 0 0 0 0 0 0 18 19 19 12 0 0 0 0 0 0 0 0 0 0 0 0 16 13 13 11 15 14 17 16 11 19 13 11 0 0 0 0 
0 0 0 0 0 0 0 0 0 0 0 0 0 0 0 0 17 19 17 18 0 0 0 0 0 0 0 0 0 0 0 0 0 0 0 0 0 0 0 0 
0 0 0 0 14 10 11 20 10 17 16 19 0 0 0 0 17 17 20 19 17 20 20 13 0 0 0 0 18 14 13 13 18 12 12 13 0 0 0 0 
0 0 0 0 0 0 0 0 0 0 0 0 0 0 0 0 0 0 0 0 0 0 0 0 0 0 0 0 0 0 0 0 0 0 0 0 14 16 14 19
---------------------
 
Distance between cells
Rows and Columns: correspond to cell number
0 304 316 163 287 452 419 337 201 468 494 427 227 87 56 
304 0 454 355 197 373 457 75 60 321 175 169 126 261 385 
316 454 0 368 213 278 122 376 113 292 53 275 228 297 207 
163 355 368 0 477 161 301 339 135 459 89 295 479 177 338 
287 197 213 477 0 307 82 238 217 376 84 307 238 217 478 
452 373 278 161 307 0 146 195 239 178 470 63 481 258 321 
419 457 122 301 82 146 0 234 208 188 419 427 459 414 355 
337 75 376 339 238 195 234 0 72 168 391 394 489 324 356 
201 60 113 135 217 239 208 72 0 151 54 118 401 292 167 
468 321 292 459 376 178 188 168 151 0 119 497 357 328 61 
494 175 53 89 84 470 419 391 54 119 0 496 435 446 332 
427 169 275 295 307 63 427 394 118 497 496 0 231 51 343 
227 126 228 479 238 481 459 489 401 357 435 231 0 105 93 
87 261 297 177 217 258 414 324 292 328 446 51 105 0 269 
56 385 207 338 478 321 355 356 167 61 332 343 93 269 0
---------------------
 
Distribution of machines in cells   (1 -- if machine m is distributed in cell u;0 -- else) 
Rows: correspond to cell number; Columns: correspond to machine number
0 0 0 0 0 1 0 0 0 0 0 0 0 0 0 0 0 0 0 0 0 0 0 0 0 0 0 1 0 0 0 0 1 0 0 0 0 0 0 0 
0 0 0 0 0 0 0 0 0 0 0 0 0 0 0 1 0 0 0 0 0 0 0 0 0 0 0 0 0 0 0 1 0 0 0 0 0 0 0 0 
0 1 0 1 0 0 0 0 0 0 0 1 0 0 0 0 0 0 0 0 0 0 0 0 0 0 0 0 0 0 0 0 0 0 0 0 0 0 0 0 
1 0 0 0 0 0 0 0 0 0 0 0 1 0 0 0 0 0 0 0 1 0 0 0 0 0 0 0 0 0 0 0 0 0 0 0 0 0 0 0 
0 0 0 0 0 0 0 0 0 0 0 0 0 0 0 0 0 0 0 0 0 0 0 0 1 0 0 0 0 1 0 0 0 0 0 0 0 0 0 0 
0 0 0 0 1 0 0 0 0 1 0 0 0 0 0 0 0 0 0 0 0 0 0 0 0 0 1 0 1 0 0 0 0 0 0 0 0 0 0 1 
0 0 0 0 0 0 0 1 0 0 0 0 0 0 0 0 0 0 0 0 0 0 0 1 0 0 0 0 0 0 0 0 0 0 0 1 0 0 0 0 
0 0 0 0 0 0 0 0 0 0 0 0 0 0 0 0 0 0 0 1 0 0 1 0 0 0 0 0 0 0 0 0 0 0 0 0 0 1 0 0 
0 0 0 0 0 0 0 0 0 0 0 0 0 0 1 0 0 0 0 0 0 0 0 0 0 0 0 0 0 0 0 0 0 1 0 0 0 0 0 0 
0 0 0 0 0 0 0 0 0 0 0 0 0 0 0 0 0 0 0 0 0 0 0 0 0 1 0 0 0 0 1 0 0 0 0 0 0 0 0 0 
0 0 0 0 0 0 1 0 0 0 0 0 0 0 0 0 0 0 0 0 0 0 0 0 0 0 0 0 0 0 0 0 0 0 1 0 0 0 0 0 
0 0 0 0 0 0 0 0 0 0 1 0 0 0 0 0 0 1 0 0 0 0 0 0 0 0 0 0 0 0 0 0 0 0 0 0 0 0 0 0 
0 0 1 0 0 0 0 0 1 0 0 0 0 0 0 0 0 0 1 0 0 0 0 0 0 0 0 0 0 0 0 0 0 0 0 0 0 0 1 0 
0 0 0 0 0 0 0 0 0 0 0 0 0 1 0 0 0 0 0 0 0 1 0 0 0 0 0 0 0 0 0 0 0 0 0 0 0 0 0 0 
0 0 0 0 0 0 0 0 0 0 0 0 0 0 0 0 1 0 0 0 0 0 0 0 0 0 0 0 0 0 0 0 0 0 0 0 1 0 0 0
---------------------
 
