Adaption from Behnke34

Number of operations for each part
5 5 5 5 5 5 5 5 5 5 5 5 5 5 5 5 5 5 5 5 5 5 5 5 5 5 5 5 5 5 5 5 5 5 5 5 5 5 5 5 5 5 5 5 5 5 5 5 5 5
---------------------
 
Processing time   (0 -- non-optional machine)
Rows: sequential for each operation of each part; Columns: correspond to machine number
10 10 30 23 0 0 0 0 0 0 0 0 0 0 0 0 0 0 0 0 0 0 0 0 0 0 0 0 0 0 0 0 0 0 0 0 0 0 0 0 
0 0 0 0 11 30 26 15 11 20 26 16 19 10 19 11 17 24 17 26 10 27 27 29 14 25 26 11 19 18 19 14 11 25 18 30 0 0 0 0 
0 0 0 0 13 28 14 14 0 0 0 0 0 0 0 0 29 11 22 19 0 0 0 0 0 0 0 0 0 0 0 0 0 0 0 0 0 0 0 0 
0 0 0 0 0 0 0 0 0 0 0 0 29 29 25 13 27 25 13 18 23 30 29 16 0 0 0 0 0 0 0 0 25 12 18 20 0 0 0 0 
0 0 0 0 0 0 0 0 0 0 0 0 0 0 0 0 0 0 0 0 0 0 0 0 0 0 0 0 0 0 0 0 0 0 0 0 25 11 12 18 
24 21 29 20 0 0 0 0 0 0 0 0 0 0 0 0 0 0 0 0 0 0 0 0 0 0 0 0 0 0 0 0 0 0 0 0 0 0 0 0 
0 0 0 0 0 0 0 0 24 14 18 22 0 0 0 0 13 28 20 20 29 24 30 14 30 17 15 16 13 30 19 11 10 11 11 24 0 0 0 0 
0 0 0 0 27 20 19 22 28 17 18 14 16 24 23 14 15 19 10 22 0 0 0 0 27 12 16 13 29 28 21 26 14 20 20 20 0 0 0 0 
0 0 0 0 0 0 0 0 19 10 20 21 0 0 0 0 0 0 0 0 0 0 0 0 0 0 0 0 0 0 0 0 0 0 0 0 0 0 0 0 
0 0 0 0 0 0 0 0 0 0 0 0 0 0 0 0 0 0 0 0 0 0 0 0 0 0 0 0 0 0 0 0 0 0 0 0 11 27 24 18 
26 28 15 26 0 0 0 0 0 0 0 0 0 0 0 0 0 0 0 0 0 0 0 0 0 0 0 0 0 0 0 0 0 0 0 0 0 0 0 0 
0 0 0 0 0 0 0 0 0 0 0 0 20 20 19 27 0 0 0 0 30 15 24 24 0 0 0 0 0 0 0 0 0 0 0 0 0 0 0 0 
0 0 0 0 13 29 20 24 0 0 0 0 0 0 0 0 0 0 0 0 0 0 0 0 0 0 0 0 0 0 0 0 0 0 0 0 0 0 0 0 
0 0 0 0 10 13 15 30 19 18 20 26 22 13 18 16 15 20 24 24 17 20 15 27 18 14 13 23 13 30 15 26 30 11 12 17 0 0 0 0 
0 0 0 0 0 0 0 0 0 0 0 0 0 0 0 0 0 0 0 0 0 0 0 0 0 0 0 0 0 0 0 0 0 0 0 0 26 17 12 13 
23 14 29 17 0 0 0 0 0 0 0 0 0 0 0 0 0 0 0 0 0 0 0 0 0 0 0 0 0 0 0 0 0 0 0 0 0 0 0 0 
0 0 0 0 28 18 21 11 21 27 26 18 18 14 10 27 23 11 16 28 25 13 19 29 11 29 28 14 27 23 20 29 25 10 10 15 0 0 0 0 
0 0 0 0 0 0 0 0 15 10 27 11 28 21 19 11 23 24 20 12 20 11 23 14 11 15 30 24 15 30 26 14 24 22 22 10 0 0 0 0 
0 0 0 0 0 0 0 0 23 26 14 10 10 22 15 26 19 17 14 20 0 0 0 0 15 19 15 15 0 0 0 0 0 0 0 0 0 0 0 0 
0 0 0 0 0 0 0 0 0 0 0 0 0 0 0 0 0 0 0 0 0 0 0 0 0 0 0 0 0 0 0 0 0 0 0 0 29 11 29 18 
16 19 29 20 0 0 0 0 0 0 0 0 0 0 0 0 0 0 0 0 0 0 0 0 0 0 0 0 0 0 0 0 0 0 0 0 0 0 0 0 
0 0 0 0 26 15 17 18 13 23 13 14 29 22 18 13 26 26 16 28 25 23 10 18 23 14 20 17 17 22 10 11 30 12 19 26 0 0 0 0 
0 0 0 0 0 0 0 0 0 0 0 0 0 0 0 0 0 0 0 0 0 0 0 0 0 0 0 0 20 25 24 30 0 0 0 0 0 0 0 0 
0 0 0 0 12 13 11 19 24 30 23 16 30 11 21 27 20 18 11 14 28 13 11 11 24 17 11 10 21 13 25 13 26 26 23 28 0 0 0 0 
0 0 0 0 0 0 0 0 0 0 0 0 0 0 0 0 0 0 0 0 0 0 0 0 0 0 0 0 0 0 0 0 0 0 0 0 13 15 25 17 
19 24 12 15 0 0 0 0 0 0 0 0 0 0 0 0 0 0 0 0 0 0 0 0 0 0 0 0 0 0 0 0 0 0 0 0 0 0 0 0 
0 0 0 0 0 0 0 0 0 0 0 0 0 0 0 0 0 0 0 0 0 0 0 0 0 0 0 0 0 0 0 0 15 23 29 21 0 0 0 0 
0 0 0 0 0 0 0 0 27 24 30 18 16 19 18 15 0 0 0 0 0 0 0 0 0 0 0 0 0 0 0 0 21 22 14 12 0 0 0 0 
0 0 0 0 27 19 14 23 24 20 12 23 11 24 28 18 0 0 0 0 0 0 0 0 17 21 26 10 0 0 0 0 22 13 21 22 0 0 0 0 
0 0 0 0 0 0 0 0 0 0 0 0 0 0 0 0 0 0 0 0 0 0 0 0 0 0 0 0 0 0 0 0 0 0 0 0 17 12 18 29 
27 25 11 11 0 0 0 0 0 0 0 0 0 0 0 0 0 0 0 0 0 0 0 0 0 0 0 0 0 0 0 0 0 0 0 0 0 0 0 0 
0 0 0 0 27 21 13 18 17 22 11 17 19 23 22 21 30 19 20 21 0 0 0 0 27 20 17 21 16 18 12 21 30 22 22 19 0 0 0 0 
0 0 0 0 18 10 18 19 0 0 0 0 0 0 0 0 0 0 0 0 0 0 0 0 0 0 0 0 0 0 0 0 0 0 0 0 0 0 0 0 
0 0 0 0 0 0 0 0 0 0 0 0 0 0 0 0 25 23 27 28 0 0 0 0 11 10 20 21 0 0 0 0 0 0 0 0 0 0 0 0 
0 0 0 0 0 0 0 0 0 0 0 0 0 0 0 0 0 0 0 0 0 0 0 0 0 0 0 0 0 0 0 0 0 0 0 0 13 10 16 24 
27 15 29 10 0 0 0 0 0 0 0 0 0 0 0 0 0 0 0 0 0 0 0 0 0 0 0 0 0 0 0 0 0 0 0 0 0 0 0 0 
0 0 0 0 26 13 12 26 30 13 20 19 20 30 15 28 12 22 11 24 25 12 28 23 0 0 0 0 16 19 12 22 16 13 26 10 0 0 0 0 
0 0 0 0 11 14 10 21 23 29 24 12 25 22 29 23 13 22 15 11 11 22 27 10 30 18 20 21 10 22 27 29 0 0 0 0 0 0 0 0 
0 0 0 0 28 27 21 14 0 0 0 0 0 0 0 0 25 27 27 29 27 28 21 23 0 0 0 0 14 24 23 20 0 0 0 0 0 0 0 0 
0 0 0 0 0 0 0 0 0 0 0 0 0 0 0 0 0 0 0 0 0 0 0 0 0 0 0 0 0 0 0 0 0 0 0 0 14 28 19 12 
14 26 26 16 0 0 0 0 0 0 0 0 0 0 0 0 0 0 0 0 0 0 0 0 0 0 0 0 0 0 0 0 0 0 0 0 0 0 0 0 
0 0 0 0 0 0 0 0 13 29 10 12 12 26 21 21 0 0 0 0 23 29 25 25 19 26 28 29 17 10 16 30 0 0 0 0 0 0 0 0 
0 0 0 0 0 0 0 0 0 0 0 0 0 0 0 0 29 20 18 18 0 0 0 0 14 19 21 18 29 21 11 10 0 0 0 0 0 0 0 0 
0 0 0 0 25 12 27 28 19 14 13 19 17 17 18 14 14 28 26 14 17 27 16 29 17 30 25 16 20 17 28 12 16 18 23 12 0 0 0 0 
0 0 0 0 0 0 0 0 0 0 0 0 0 0 0 0 0 0 0 0 0 0 0 0 0 0 0 0 0 0 0 0 0 0 0 0 20 10 11 27 
30 15 25 21 0 0 0 0 0 0 0 0 0 0 0 0 0 0 0 0 0 0 0 0 0 0 0 0 0 0 0 0 0 0 0 0 0 0 0 0 
0 0 0 0 28 22 11 17 20 26 29 28 10 16 13 29 18 24 13 29 11 14 20 11 11 30 15 10 19 22 15 15 20 15 21 18 0 0 0 0 
0 0 0 0 12 15 30 10 12 18 17 24 11 12 24 16 16 12 18 15 25 30 17 27 22 20 23 20 14 16 25 12 0 0 0 0 0 0 0 0 
0 0 0 0 10 16 16 24 26 27 18 14 26 26 26 22 0 0 0 0 14 30 15 19 0 0 0 0 23 10 24 14 0 0 0 0 0 0 0 0 
0 0 0 0 0 0 0 0 0 0 0 0 0 0 0 0 0 0 0 0 0 0 0 0 0 0 0 0 0 0 0 0 0 0 0 0 13 23 30 13 
12 17 21 12 0 0 0 0 0 0 0 0 0 0 0 0 0 0 0 0 0 0 0 0 0 0 0 0 0 0 0 0 0 0 0 0 0 0 0 0 
0 0 0 0 0 0 0 0 16 18 30 21 0 0 0 0 0 0 0 0 26 22 25 12 25 20 27 26 0 0 0 0 23 22 26 24 0 0 0 0 
0 0 0 0 19 27 14 15 24 24 30 20 0 0 0 0 25 16 11 24 26 18 20 24 27 10 26 12 19 30 18 20 15 25 30 20 0 0 0 0 
0 0 0 0 27 12 20 19 16 27 16 21 30 25 23 21 27 16 26 25 13 24 28 30 15 19 18 11 19 23 28 18 0 0 0 0 0 0 0 0 
0 0 0 0 0 0 0 0 0 0 0 0 0 0 0 0 0 0 0 0 0 0 0 0 0 0 0 0 0 0 0 0 0 0 0 0 24 15 11 15 
27 20 25 27 0 0 0 0 0 0 0 0 0 0 0 0 0 0 0 0 0 0 0 0 0 0 0 0 0 0 0 0 0 0 0 0 0 0 0 0 
0 0 0 0 28 17 24 22 0 0 0 0 19 22 26 23 0 0 0 0 0 0 0 0 18 12 23 21 0 0 0 0 0 0 0 0 0 0 0 0 
0 0 0 0 14 27 22 22 0 0 0 0 21 23 22 11 0 0 0 0 16 23 15 20 0 0 0 0 0 0 0 0 0 0 0 0 0 0 0 0 
0 0 0 0 12 25 10 22 20 20 12 11 19 30 15 18 19 11 26 20 30 15 24 17 26 21 22 12 24 30 13 18 29 24 26 15 0 0 0 0 
0 0 0 0 0 0 0 0 0 0 0 0 0 0 0 0 0 0 0 0 0 0 0 0 0 0 0 0 0 0 0 0 0 0 0 0 14 30 26 23 
30 28 27 21 0 0 0 0 0 0 0 0 0 0 0 0 0 0 0 0 0 0 0 0 0 0 0 0 0 0 0 0 0 0 0 0 0 0 0 0 
0 0 0 0 21 19 17 21 0 0 0 0 0 0 0 0 23 12 23 28 0 0 0 0 13 10 11 27 14 10 17 26 17 29 20 20 0 0 0 0 
0 0 0 0 27 25 23 25 0 0 0 0 0 0 0 0 0 0 0 0 0 0 0 0 0 0 0 0 10 13 22 19 24 24 27 17 0 0 0 0 
0 0 0 0 24 19 21 15 23 23 10 11 13 18 20 26 10 23 15 12 24 13 13 26 21 14 18 16 15 16 13 24 27 28 27 29 0 0 0 0 
0 0 0 0 0 0 0 0 0 0 0 0 0 0 0 0 0 0 0 0 0 0 0 0 0 0 0 0 0 0 0 0 0 0 0 0 13 16 21 24 
22 25 23 12 0 0 0 0 0 0 0 0 0 0 0 0 0 0 0 0 0 0 0 0 0 0 0 0 0 0 0 0 0 0 0 0 0 0 0 0 
0 0 0 0 22 29 26 21 0 0 0 0 15 11 14 25 0 0 0 0 14 12 25 23 25 26 30 30 18 30 23 12 18 10 18 13 0 0 0 0 
0 0 0 0 11 18 22 19 0 0 0 0 0 0 0 0 24 30 12 30 0 0 0 0 13 10 16 25 10 15 17 26 0 0 0 0 0 0 0 0 
0 0 0 0 19 12 29 14 15 14 23 29 20 24 14 26 11 22 27 11 25 27 12 28 11 17 19 23 14 17 17 16 18 26 27 24 0 0 0 0 
0 0 0 0 0 0 0 0 0 0 0 0 0 0 0 0 0 0 0 0 0 0 0 0 0 0 0 0 0 0 0 0 0 0 0 0 18 17 18 16 
21 30 15 29 0 0 0 0 0 0 0 0 0 0 0 0 0 0 0 0 0 0 0 0 0 0 0 0 0 0 0 0 0 0 0 0 0 0 0 0 
0 0 0 0 0 0 0 0 15 22 17 28 0 0 0 0 0 0 0 0 0 0 0 0 0 0 0 0 0 0 0 0 0 0 0 0 0 0 0 0 
0 0 0 0 0 0 0 0 0 0 0 0 0 0 0 0 0 0 0 0 25 13 11 14 0 0 0 0 0 0 0 0 21 10 11 11 0 0 0 0 
0 0 0 0 0 0 0 0 20 10 14 25 0 0 0 0 0 0 0 0 0 0 0 0 0 0 0 0 0 0 0 0 15 15 28 28 0 0 0 0 
0 0 0 0 0 0 0 0 0 0 0 0 0 0 0 0 0 0 0 0 0 0 0 0 0 0 0 0 0 0 0 0 0 0 0 0 21 26 22 30 
24 23 21 29 0 0 0 0 0 0 0 0 0 0 0 0 0 0 0 0 0 0 0 0 0 0 0 0 0 0 0 0 0 0 0 0 0 0 0 0 
0 0 0 0 0 0 0 0 0 0 0 0 0 0 0 0 0 0 0 0 0 0 0 0 0 0 0 0 23 18 29 26 0 0 0 0 0 0 0 0 
0 0 0 0 0 0 0 0 26 20 18 22 0 0 0 0 0 0 0 0 21 21 22 17 0 0 0 0 0 0 0 0 0 0 0 0 0 0 0 0 
0 0 0 0 0 0 0 0 28 30 24 20 0 0 0 0 12 13 11 29 0 0 0 0 23 22 17 16 24 23 26 12 28 17 23 25 0 0 0 0 
0 0 0 0 0 0 0 0 0 0 0 0 0 0 0 0 0 0 0 0 0 0 0 0 0 0 0 0 0 0 0 0 0 0 0 0 12 26 11 30 
13 24 28 27 0 0 0 0 0 0 0 0 0 0 0 0 0 0 0 0 0 0 0 0 0 0 0 0 0 0 0 0 0 0 0 0 0 0 0 0 
0 0 0 0 18 11 26 18 29 27 16 13 17 16 13 18 17 14 11 26 13 18 23 28 21 19 17 24 19 15 27 26 12 23 21 30 0 0 0 0 
0 0 0 0 26 29 23 23 0 0 0 0 10 14 28 25 0 0 0 0 24 15 27 11 15 19 28 12 27 22 20 25 0 0 0 0 0 0 0 0 
0 0 0 0 26 10 15 17 0 0 0 0 0 0 0 0 14 15 23 23 0 0 0 0 0 0 0 0 0 0 0 0 15 24 27 29 0 0 0 0 
0 0 0 0 0 0 0 0 0 0 0 0 0 0 0 0 0 0 0 0 0 0 0 0 0 0 0 0 0 0 0 0 0 0 0 0 14 29 15 17 
13 30 17 23 0 0 0 0 0 0 0 0 0 0 0 0 0 0 0 0 0 0 0 0 0 0 0 0 0 0 0 0 0 0 0 0 0 0 0 0 
0 0 0 0 19 16 30 15 18 17 27 12 19 23 13 13 17 23 15 19 13 27 12 13 26 23 26 27 19 30 13 11 0 0 0 0 0 0 0 0 
0 0 0 0 0 0 0 0 20 23 18 21 26 22 28 24 29 28 18 22 0 0 0 0 0 0 0 0 0 0 0 0 0 0 0 0 0 0 0 0 
0 0 0 0 0 0 0 0 10 22 21 13 0 0 0 0 0 0 0 0 0 0 0 0 0 0 0 0 0 0 0 0 0 0 0 0 0 0 0 0 
0 0 0 0 0 0 0 0 0 0 0 0 0 0 0 0 0 0 0 0 0 0 0 0 0 0 0 0 0 0 0 0 0 0 0 0 14 23 21 27 
28 23 24 15 0 0 0 0 0 0 0 0 0 0 0 0 0 0 0 0 0 0 0 0 0 0 0 0 0 0 0 0 0 0 0 0 0 0 0 0 
0 0 0 0 0 0 0 0 26 23 20 15 25 11 13 14 12 21 25 18 30 28 18 27 28 30 29 12 18 18 27 24 10 28 10 30 0 0 0 0 
0 0 0 0 26 27 21 14 0 0 0 0 0 0 0 0 0 0 0 0 16 19 22 16 0 0 0 0 0 0 0 0 19 16 21 11 0 0 0 0 
0 0 0 0 17 17 30 15 18 16 30 26 11 20 15 24 19 20 25 27 22 23 10 12 26 15 12 27 13 23 19 19 0 0 0 0 0 0 0 0 
0 0 0 0 0 0 0 0 0 0 0 0 0 0 0 0 0 0 0 0 0 0 0 0 0 0 0 0 0 0 0 0 0 0 0 0 18 30 15 13 
11 27 23 18 0 0 0 0 0 0 0 0 0 0 0 0 0 0 0 0 0 0 0 0 0 0 0 0 0 0 0 0 0 0 0 0 0 0 0 0 
0 0 0 0 0 0 0 0 0 0 0 0 0 0 0 0 0 0 0 0 0 0 0 0 0 0 0 0 0 0 0 0 25 15 16 25 0 0 0 0 
0 0 0 0 12 10 15 13 14 23 27 13 0 0 0 0 0 0 0 0 17 11 15 11 18 11 13 10 13 12 28 20 0 0 0 0 0 0 0 0 
0 0 0 0 26 22 30 18 26 11 27 13 29 26 29 23 28 24 10 25 27 14 18 15 21 25 13 13 24 27 22 10 26 25 24 18 0 0 0 0 
0 0 0 0 0 0 0 0 0 0 0 0 0 0 0 0 0 0 0 0 0 0 0 0 0 0 0 0 0 0 0 0 0 0 0 0 27 21 11 23 
13 25 22 30 0 0 0 0 0 0 0 0 0 0 0 0 0 0 0 0 0 0 0 0 0 0 0 0 0 0 0 0 0 0 0 0 0 0 0 0 
0 0 0 0 10 27 27 14 11 30 10 30 19 30 22 10 29 18 19 24 23 21 23 16 19 29 10 27 17 16 30 30 10 16 27 23 0 0 0 0 
0 0 0 0 0 0 0 0 0 0 0 0 0 0 0 0 0 0 0 0 0 0 0 0 0 0 0 0 13 24 10 25 13 12 24 14 0 0 0 0 
0 0 0 0 21 19 26 14 27 18 20 11 12 30 17 30 0 0 0 0 16 22 10 16 17 18 14 16 10 24 17 28 15 13 20 29 0 0 0 0 
0 0 0 0 0 0 0 0 0 0 0 0 0 0 0 0 0 0 0 0 0 0 0 0 0 0 0 0 0 0 0 0 0 0 0 0 21 16 22 29 
25 13 15 25 0 0 0 0 0 0 0 0 0 0 0 0 0 0 0 0 0 0 0 0 0 0 0 0 0 0 0 0 0 0 0 0 0 0 0 0 
0 0 0 0 0 0 0 0 0 0 0 0 17 19 27 17 25 10 26 16 15 12 10 24 0 0 0 0 0 0 0 0 28 13 16 19 0 0 0 0 
0 0 0 0 15 15 15 24 0 0 0 0 0 0 0 0 29 21 27 27 12 17 17 28 10 24 10 20 21 30 30 19 0 0 0 0 0 0 0 0 
0 0 0 0 0 0 0 0 0 0 0 0 0 0 0 0 21 24 12 27 0 0 0 0 19 17 16 28 27 29 27 10 0 0 0 0 0 0 0 0 
0 0 0 0 0 0 0 0 0 0 0 0 0 0 0 0 0 0 0 0 0 0 0 0 0 0 0 0 0 0 0 0 0 0 0 0 17 27 29 14 
27 14 29 26 0 0 0 0 0 0 0 0 0 0 0 0 0 0 0 0 0 0 0 0 0 0 0 0 0 0 0 0 0 0 0 0 0 0 0 0 
0 0 0 0 18 12 21 18 0 0 0 0 21 16 12 14 24 18 20 14 16 19 19 28 0 0 0 0 18 18 14 14 0 0 0 0 0 0 0 0 
0 0 0 0 10 10 20 20 0 0 0 0 22 29 13 27 18 21 19 30 0 0 0 0 0 0 0 0 0 0 0 0 15 21 18 29 0 0 0 0 
0 0 0 0 0 0 0 0 0 0 0 0 0 0 0 0 0 0 0 0 0 0 0 0 0 0 0 0 20 28 26 10 23 13 11 26 0 0 0 0 
0 0 0 0 0 0 0 0 0 0 0 0 0 0 0 0 0 0 0 0 0 0 0 0 0 0 0 0 0 0 0 0 0 0 0 0 12 16 22 25 
20 28 24 26 0 0 0 0 0 0 0 0 0 0 0 0 0 0 0 0 0 0 0 0 0 0 0 0 0 0 0 0 0 0 0 0 0 0 0 0 
0 0 0 0 19 30 21 24 0 0 0 0 0 0 0 0 0 0 0 0 24 20 30 13 30 24 25 22 24 17 21 29 18 23 30 12 0 0 0 0 
0 0 0 0 19 22 18 26 0 0 0 0 10 17 28 19 0 0 0 0 12 25 26 20 0 0 0 0 0 0 0 0 29 10 12 19 0 0 0 0 
0 0 0 0 0 0 0 0 0 0 0 0 0 0 0 0 0 0 0 0 0 0 0 0 0 0 0 0 26 11 25 21 14 26 25 17 0 0 0 0 
0 0 0 0 0 0 0 0 0 0 0 0 0 0 0 0 0 0 0 0 0 0 0 0 0 0 0 0 0 0 0 0 0 0 0 0 19 26 30 11 
14 23 23 19 0 0 0 0 0 0 0 0 0 0 0 0 0 0 0 0 0 0 0 0 0 0 0 0 0 0 0 0 0 0 0 0 0 0 0 0 
0 0 0 0 29 13 17 17 20 10 10 17 11 23 22 26 17 11 22 13 25 14 30 14 28 18 15 19 0 0 0 0 14 27 14 21 0 0 0 0 
0 0 0 0 29 26 21 29 23 11 21 23 0 0 0 0 0 0 0 0 0 0 0 0 0 0 0 0 11 19 29 23 14 24 26 26 0 0 0 0 
0 0 0 0 18 21 23 26 0 0 0 0 0 0 0 0 25 12 10 13 0 0 0 0 27 11 30 28 19 13 24 14 0 0 0 0 0 0 0 0 
0 0 0 0 0 0 0 0 0 0 0 0 0 0 0 0 0 0 0 0 0 0 0 0 0 0 0 0 0 0 0 0 0 0 0 0 14 26 21 21 
27 15 27 23 0 0 0 0 0 0 0 0 0 0 0 0 0 0 0 0 0 0 0 0 0 0 0 0 0 0 0 0 0 0 0 0 0 0 0 0 
0 0 0 0 29 30 19 12 20 20 29 17 27 27 26 30 15 23 26 21 25 24 25 27 14 16 15 25 16 29 16 18 30 25 29 26 0 0 0 0 
0 0 0 0 0 0 0 0 0 0 0 0 0 0 0 0 0 0 0 0 0 0 0 0 21 18 29 24 0 0 0 0 12 30 17 10 0 0 0 0 
0 0 0 0 0 0 0 0 0 0 0 0 21 28 10 30 0 0 0 0 13 27 18 22 0 0 0 0 0 0 0 0 27 26 30 15 0 0 0 0 
0 0 0 0 0 0 0 0 0 0 0 0 0 0 0 0 0 0 0 0 0 0 0 0 0 0 0 0 0 0 0 0 0 0 0 0 25 30 21 11 
29 19 16 16 0 0 0 0 0 0 0 0 0 0 0 0 0 0 0 0 0 0 0 0 0 0 0 0 0 0 0 0 0 0 0 0 0 0 0 0 
0 0 0 0 0 0 0 0 0 0 0 0 0 0 0 0 0 0 0 0 18 28 15 13 0 0 0 0 0 0 0 0 0 0 0 0 0 0 0 0 
0 0 0 0 0 0 0 0 0 0 0 0 0 0 0 0 28 18 20 16 0 0 0 0 23 15 18 13 0 0 0 0 0 0 0 0 0 0 0 0 
0 0 0 0 0 0 0 0 0 0 0 0 30 12 18 18 10 10 15 29 0 0 0 0 0 0 0 0 0 0 0 0 0 0 0 0 0 0 0 0 
0 0 0 0 0 0 0 0 0 0 0 0 0 0 0 0 0 0 0 0 0 0 0 0 0 0 0 0 0 0 0 0 0 0 0 0 30 17 24 18 
17 24 14 23 0 0 0 0 0 0 0 0 0 0 0 0 0 0 0 0 0 0 0 0 0 0 0 0 0 0 0 0 0 0 0 0 0 0 0 0 
0 0 0 0 0 0 0 0 0 0 0 0 0 0 0 0 0 0 0 0 0 0 0 0 26 13 11 28 0 0 0 0 0 0 0 0 0 0 0 0 
0 0 0 0 13 13 16 17 0 0 0 0 0 0 0 0 0 0 0 0 15 28 29 14 28 29 26 29 18 27 29 21 0 0 0 0 0 0 0 0 
0 0 0 0 0 0 0 0 0 0 0 0 0 0 0 0 0 0 0 0 0 0 0 0 0 0 0 0 14 27 28 22 0 0 0 0 0 0 0 0 
0 0 0 0 0 0 0 0 0 0 0 0 0 0 0 0 0 0 0 0 0 0 0 0 0 0 0 0 0 0 0 0 0 0 0 0 14 19 15 18 
24 10 30 25 0 0 0 0 0 0 0 0 0 0 0 0 0 0 0 0 0 0 0 0 0 0 0 0 0 0 0 0 0 0 0 0 0 0 0 0 
0 0 0 0 16 16 23 21 0 0 0 0 0 0 0 0 0 0 0 0 15 12 29 16 0 0 0 0 24 17 27 24 22 13 19 18 0 0 0 0 
0 0 0 0 0 0 0 0 0 0 0 0 0 0 0 0 13 16 13 18 0 0 0 0 0 0 0 0 30 11 11 27 0 0 0 0 0 0 0 0 
0 0 0 0 0 0 0 0 0 0 0 0 18 27 22 11 0 0 0 0 0 0 0 0 0 0 0 0 0 0 0 0 0 0 0 0 0 0 0 0 
0 0 0 0 0 0 0 0 0 0 0 0 0 0 0 0 0 0 0 0 0 0 0 0 0 0 0 0 0 0 0 0 0 0 0 0 17 24 10 25 
27 18 20 28 0 0 0 0 0 0 0 0 0 0 0 0 0 0 0 0 0 0 0 0 0 0 0 0 0 0 0 0 0 0 0 0 0 0 0 0 
0 0 0 0 26 26 11 22 15 28 19 30 20 19 23 20 21 15 19 11 27 18 11 20 11 24 16 17 15 26 18 14 10 21 24 26 0 0 0 0 
0 0 0 0 15 19 17 27 13 15 28 29 0 0 0 0 30 14 26 29 10 19 20 10 0 0 0 0 0 0 0 0 0 0 0 0 0 0 0 0 
0 0 0 0 30 23 26 10 26 16 19 11 30 20 19 15 16 21 30 14 0 0 0 0 19 19 15 13 0 0 0 0 13 16 16 30 0 0 0 0 
0 0 0 0 0 0 0 0 0 0 0 0 0 0 0 0 0 0 0 0 0 0 0 0 0 0 0 0 0 0 0 0 0 0 0 0 19 27 30 18 
11 24 27 28 0 0 0 0 0 0 0 0 0 0 0 0 0 0 0 0 0 0 0 0 0 0 0 0 0 0 0 0 0 0 0 0 0 0 0 0 
0 0 0 0 0 0 0 0 0 0 0 0 0 0 0 0 28 20 23 18 11 11 15 19 12 21 22 24 0 0 0 0 0 0 0 0 0 0 0 0 
0 0 0 0 20 10 28 21 0 0 0 0 29 11 14 23 0 0 0 0 0 0 0 0 0 0 0 0 0 0 0 0 18 15 26 17 0 0 0 0 
0 0 0 0 24 25 20 13 20 14 17 25 0 0 0 0 11 30 30 15 29 24 18 28 24 30 22 10 13 13 14 20 29 23 30 14 0 0 0 0 
0 0 0 0 0 0 0 0 0 0 0 0 0 0 0 0 0 0 0 0 0 0 0 0 0 0 0 0 0 0 0 0 0 0 0 0 27 18 25 28 
20 23 18 17 0 0 0 0 0 0 0 0 0 0 0 0 0 0 0 0 0 0 0 0 0 0 0 0 0 0 0 0 0 0 0 0 0 0 0 0 
0 0 0 0 0 0 0 0 28 10 12 14 21 17 30 11 0 0 0 0 10 28 14 20 13 30 24 11 0 0 0 0 0 0 0 0 0 0 0 0 
0 0 0 0 0 0 0 0 0 0 0 0 0 0 0 0 0 0 0 0 0 0 0 0 0 0 0 0 18 25 17 13 19 11 23 18 0 0 0 0 
0 0 0 0 0 0 0 0 28 14 13 23 10 13 24 14 0 0 0 0 22 10 21 22 0 0 0 0 19 28 23 12 17 10 13 21 0 0 0 0 
0 0 0 0 0 0 0 0 0 0 0 0 0 0 0 0 0 0 0 0 0 0 0 0 0 0 0 0 0 0 0 0 0 0 0 0 15 28 14 29 
17 19 22 18 0 0 0 0 0 0 0 0 0 0 0 0 0 0 0 0 0 0 0 0 0 0 0 0 0 0 0 0 0 0 0 0 0 0 0 0 
0 0 0 0 0 0 0 0 27 13 12 16 17 18 11 21 13 12 11 24 0 0 0 0 0 0 0 0 0 0 0 0 0 0 0 0 0 0 0 0 
0 0 0 0 0 0 0 0 23 12 10 17 0 0 0 0 23 13 10 20 24 15 25 30 30 13 24 13 15 11 18 18 10 18 14 10 0 0 0 0 
0 0 0 0 18 23 24 24 29 30 17 19 0 0 0 0 0 0 0 0 0 0 0 0 16 26 23 11 0 0 0 0 26 20 26 13 0 0 0 0 
0 0 0 0 0 0 0 0 0 0 0 0 0 0 0 0 0 0 0 0 0 0 0 0 0 0 0 0 0 0 0 0 0 0 0 0 29 11 30 21 
22 20 18 16 0 0 0 0 0 0 0 0 0 0 0 0 0 0 0 0 0 0 0 0 0 0 0 0 0 0 0 0 0 0 0 0 0 0 0 0 
0 0 0 0 0 0 0 0 22 15 10 20 0 0 0 0 0 0 0 0 22 23 19 11 0 0 0 0 0 0 0 0 0 0 0 0 0 0 0 0 
0 0 0 0 0 0 0 0 0 0 0 0 0 0 0 0 0 0 0 0 13 10 25 13 0 0 0 0 0 0 0 0 0 0 0 0 0 0 0 0 
0 0 0 0 28 27 14 12 0 0 0 0 13 22 11 15 25 26 17 14 24 13 19 12 0 0 0 0 24 20 10 17 14 28 23 22 0 0 0 0 
0 0 0 0 0 0 0 0 0 0 0 0 0 0 0 0 0 0 0 0 0 0 0 0 0 0 0 0 0 0 0 0 0 0 0 0 26 11 28 10 
28 16 11 17 0 0 0 0 0 0 0 0 0 0 0 0 0 0 0 0 0 0 0 0 0 0 0 0 0 0 0 0 0 0 0 0 0 0 0 0 
0 0 0 0 11 25 21 10 0 0 0 0 0 0 0 0 0 0 0 0 0 0 0 0 0 0 0 0 24 21 28 24 0 0 0 0 0 0 0 0 
0 0 0 0 29 11 15 10 18 19 25 27 17 12 22 28 11 12 25 10 13 19 15 11 30 11 19 18 28 29 18 16 19 19 27 29 0 0 0 0 
0 0 0 0 25 20 22 19 29 13 19 29 0 0 0 0 0 0 0 0 28 11 14 25 0 0 0 0 0 0 0 0 0 0 0 0 0 0 0 0 
0 0 0 0 0 0 0 0 0 0 0 0 0 0 0 0 0 0 0 0 0 0 0 0 0 0 0 0 0 0 0 0 0 0 0 0 25 27 28 13 
13 27 10 22 0 0 0 0 0 0 0 0 0 0 0 0 0 0 0 0 0 0 0 0 0 0 0 0 0 0 0 0 0 0 0 0 0 0 0 0 
0 0 0 0 0 0 0 0 0 0 0 0 0 0 0 0 27 11 24 28 13 13 18 15 20 26 10 17 22 21 13 25 15 11 20 29 0 0 0 0 
0 0 0 0 25 27 29 28 13 11 11 19 0 0 0 0 0 0 0 0 0 0 0 0 28 19 28 19 0 0 0 0 22 15 19 25 0 0 0 0 
0 0 0 0 0 0 0 0 0 0 0 0 0 0 0 0 0 0 0 0 0 0 0 0 0 0 0 0 0 0 0 0 12 11 18 29 0 0 0 0 
0 0 0 0 0 0 0 0 0 0 0 0 0 0 0 0 0 0 0 0 0 0 0 0 0 0 0 0 0 0 0 0 0 0 0 0 11 14 15 28 
15 27 23 29 0 0 0 0 0 0 0 0 0 0 0 0 0 0 0 0 0 0 0 0 0 0 0 0 0 0 0 0 0 0 0 0 0 0 0 0 
0 0 0 0 14 22 25 19 16 17 27 27 21 22 27 13 15 26 24 27 27 19 22 16 18 28 19 28 13 15 28 25 22 23 16 29 0 0 0 0 
0 0 0 0 16 10 24 25 17 22 18 25 0 0 0 0 30 25 17 12 0 0 0 0 27 23 21 11 14 19 12 15 13 17 24 15 0 0 0 0 
0 0 0 0 22 15 12 11 10 18 28 23 11 14 13 15 23 11 21 30 11 20 11 25 28 15 20 25 11 26 30 19 10 30 17 19 0 0 0 0 
0 0 0 0 0 0 0 0 0 0 0 0 0 0 0 0 0 0 0 0 0 0 0 0 0 0 0 0 0 0 0 0 0 0 0 0 12 18 25 18 
15 24 20 19 0 0 0 0 0 0 0 0 0 0 0 0 0 0 0 0 0 0 0 0 0 0 0 0 0 0 0 0 0 0 0 0 0 0 0 0 
0 0 0 0 0 0 0 0 0 0 0 0 17 30 19 24 20 15 25 25 0 0 0 0 0 0 0 0 10 30 10 26 28 16 17 28 0 0 0 0 
0 0 0 0 24 29 21 21 12 20 28 11 0 0 0 0 23 30 13 24 17 27 10 24 0 0 0 0 0 0 0 0 26 25 28 24 0 0 0 0 
0 0 0 0 0 0 0 0 0 0 0 0 19 10 12 22 20 10 22 16 0 0 0 0 13 22 28 17 0 0 0 0 0 0 0 0 0 0 0 0 
0 0 0 0 0 0 0 0 0 0 0 0 0 0 0 0 0 0 0 0 0 0 0 0 0 0 0 0 0 0 0 0 0 0 0 0 24 10 22 18 
26 28 12 29 0 0 0 0 0 0 0 0 0 0 0 0 0 0 0 0 0 0 0 0 0 0 0 0 0 0 0 0 0 0 0 0 0 0 0 0 
0 0 0 0 26 20 28 20 28 30 27 28 0 0 0 0 10 30 28 16 0 0 0 0 0 0 0 0 0 0 0 0 0 0 0 0 0 0 0 0 
0 0 0 0 12 20 25 20 12 20 12 13 0 0 0 0 0 0 0 0 13 23 11 22 0 0 0 0 0 0 0 0 13 28 28 29 0 0 0 0 
0 0 0 0 14 12 25 25 29 15 25 24 0 0 0 0 29 26 16 15 23 22 29 27 0 0 0 0 0 0 0 0 0 0 0 0 0 0 0 0 
0 0 0 0 0 0 0 0 0 0 0 0 0 0 0 0 0 0 0 0 0 0 0 0 0 0 0 0 0 0 0 0 0 0 0 0 28 20 16 18 
27 30 28 15 0 0 0 0 0 0 0 0 0 0 0 0 0 0 0 0 0 0 0 0 0 0 0 0 0 0 0 0 0 0 0 0 0 0 0 0 
0 0 0 0 29 22 30 29 18 19 28 29 11 11 19 14 11 27 15 26 0 0 0 0 0 0 0 0 12 15 15 26 11 16 10 18 0 0 0 0 
0 0 0 0 28 11 20 27 0 0 0 0 23 19 11 19 17 20 23 14 12 20 22 29 12 14 23 28 0 0 0 0 21 25 16 24 0 0 0 0 
0 0 0 0 24 18 10 16 16 14 24 28 27 25 19 11 27 10 17 30 19 23 15 10 12 24 22 12 12 24 20 19 0 0 0 0 0 0 0 0 
0 0 0 0 0 0 0 0 0 0 0 0 0 0 0 0 0 0 0 0 0 0 0 0 0 0 0 0 0 0 0 0 0 0 0 0 29 13 24 15 
22 11 19 17 0 0 0 0 0 0 0 0 0 0 0 0 0 0 0 0 0 0 0 0 0 0 0 0 0 0 0 0 0 0 0 0 0 0 0 0 
0 0 0 0 27 20 14 12 0 0 0 0 11 29 12 21 26 20 20 17 0 0 0 0 0 0 0 0 28 16 17 18 0 0 0 0 0 0 0 0 
0 0 0 0 0 0 0 0 0 0 0 0 0 0 0 0 11 22 27 25 0 0 0 0 0 0 0 0 0 0 0 0 0 0 0 0 0 0 0 0 
0 0 0 0 15 10 14 14 27 23 29 27 14 13 17 20 17 15 19 17 0 0 0 0 0 0 0 0 0 0 0 0 14 29 22 28 0 0 0 0 
0 0 0 0 0 0 0 0 0 0 0 0 0 0 0 0 0 0 0 0 0 0 0 0 0 0 0 0 0 0 0 0 0 0 0 0 21 27 25 20 
23 14 13 29 0 0 0 0 0 0 0 0 0 0 0 0 0 0 0 0 0 0 0 0 0 0 0 0 0 0 0 0 0 0 0 0 0 0 0 0 
0 0 0 0 13 25 15 14 29 25 14 15 16 21 19 30 0 0 0 0 12 15 29 29 18 17 10 26 20 10 21 26 21 21 14 16 0 0 0 0 
0 0 0 0 27 17 22 25 16 13 10 19 0 0 0 0 0 0 0 0 0 0 0 0 0 0 0 0 0 0 0 0 19 30 16 28 0 0 0 0 
0 0 0 0 0 0 0 0 0 0 0 0 0 0 0 0 21 11 23 18 28 23 19 24 10 10 23 28 23 23 26 30 13 25 23 15 0 0 0 0 
0 0 0 0 0 0 0 0 0 0 0 0 0 0 0 0 0 0 0 0 0 0 0 0 0 0 0 0 0 0 0 0 0 0 0 0 19 11 29 25 
25 14 13 14 0 0 0 0 0 0 0 0 0 0 0 0 0 0 0 0 0 0 0 0 0 0 0 0 0 0 0 0 0 0 0 0 0 0 0 0 
0 0 0 0 0 0 0 0 0 0 0 0 26 14 25 17 28 14 13 10 27 15 17 18 0 0 0 0 24 12 28 28 11 29 25 19 0 0 0 0 
0 0 0 0 29 11 21 19 14 15 30 20 26 19 24 19 0 0 0 0 0 0 0 0 0 0 0 0 0 0 0 0 15 12 22 18 0 0 0 0 
0 0 0 0 0 0 0 0 0 0 0 0 0 0 0 0 24 15 18 15 0 0 0 0 0 0 0 0 0 0 0 0 30 17 17 26 0 0 0 0 
0 0 0 0 0 0 0 0 0 0 0 0 0 0 0 0 0 0 0 0 0 0 0 0 0 0 0 0 0 0 0 0 0 0 0 0 23 21 19 25 
18 29 13 20 0 0 0 0 0 0 0 0 0 0 0 0 0 0 0 0 0 0 0 0 0 0 0 0 0 0 0 0 0 0 0 0 0 0 0 0 
0 0 0 0 0 0 0 0 26 29 12 11 16 11 12 21 14 10 14 17 0 0 0 0 20 20 25 24 0 0 0 0 0 0 0 0 0 0 0 0 
0 0 0 0 19 10 28 15 30 25 23 11 20 29 16 13 0 0 0 0 26 25 18 20 22 15 20 11 12 12 13 23 0 0 0 0 0 0 0 0 
0 0 0 0 16 17 28 21 22 19 29 26 0 0 0 0 0 0 0 0 0 0 0 0 25 15 23 21 29 27 13 18 10 22 27 21 0 0 0 0 
0 0 0 0 0 0 0 0 0 0 0 0 0 0 0 0 0 0 0 0 0 0 0 0 0 0 0 0 0 0 0 0 0 0 0 0 25 25 28 27 
30 25 11 21 0 0 0 0 0 0 0 0 0 0 0 0 0 0 0 0 0 0 0 0 0 0 0 0 0 0 0 0 0 0 0 0 0 0 0 0 
0 0 0 0 0 0 0 0 0 0 0 0 0 0 0 0 0 0 0 0 26 14 12 18 0 0 0 0 0 0 0 0 0 0 0 0 0 0 0 0 
0 0 0 0 0 0 0 0 0 0 0 0 15 24 23 16 22 14 17 15 0 0 0 0 13 27 17 27 14 26 13 12 13 26 12 11 0 0 0 0 
0 0 0 0 0 0 0 0 0 0 0 0 0 0 0 0 0 0 0 0 0 0 0 0 0 0 0 0 0 0 0 0 10 18 21 15 0 0 0 0 
0 0 0 0 0 0 0 0 0 0 0 0 0 0 0 0 0 0 0 0 0 0 0 0 0 0 0 0 0 0 0 0 0 0 0 0 14 18 22 20 
14 30 21 14 0 0 0 0 0 0 0 0 0 0 0 0 0 0 0 0 0 0 0 0 0 0 0 0 0 0 0 0 0 0 0 0 0 0 0 0 
0 0 0 0 29 13 16 16 17 13 17 10 23 27 28 26 16 12 18 19 20 10 13 20 11 11 29 24 23 21 16 18 22 28 20 10 0 0 0 0 
0 0 0 0 28 19 24 15 11 26 25 23 12 13 28 11 25 26 16 20 25 10 30 27 23 28 29 24 14 24 27 22 23 23 21 16 0 0 0 0 
0 0 0 0 18 16 20 24 23 29 18 22 14 27 13 20 15 28 28 29 21 24 23 12 24 23 24 18 21 28 21 21 0 0 0 0 0 0 0 0 
0 0 0 0 0 0 0 0 0 0 0 0 0 0 0 0 0 0 0 0 0 0 0 0 0 0 0 0 0 0 0 0 0 0 0 0 20 10 20 30 
29 28 23 17 0 0 0 0 0 0 0 0 0 0 0 0 0 0 0 0 0 0 0 0 0 0 0 0 0 0 0 0 0 0 0 0 0 0 0 0 
0 0 0 0 11 20 18 26 0 0 0 0 30 24 22 17 30 24 15 20 30 12 19 29 23 19 19 16 21 24 26 30 12 21 15 17 0 0 0 0 
0 0 0 0 0 0 0 0 30 27 17 25 24 30 28 15 0 0 0 0 21 16 22 19 14 10 24 23 22 21 23 10 17 18 19 19 0 0 0 0 
0 0 0 0 0 0 0 0 0 0 0 0 19 28 27 16 14 11 16 12 10 26 27 28 30 17 24 13 0 0 0 0 0 0 0 0 0 0 0 0 
0 0 0 0 0 0 0 0 0 0 0 0 0 0 0 0 0 0 0 0 0 0 0 0 0 0 0 0 0 0 0 0 0 0 0 0 25 14 25 21 
10 13 13 17 0 0 0 0 0 0 0 0 0 0 0 0 0 0 0 0 0 0 0 0 0 0 0 0 0 0 0 0 0 0 0 0 0 0 0 0 
0 0 0 0 10 12 13 26 0 0 0 0 28 29 12 11 0 0 0 0 12 29 15 19 17 18 16 13 25 14 27 20 0 0 0 0 0 0 0 0 
0 0 0 0 22 19 20 12 21 27 24 26 0 0 0 0 23 17 19 14 15 24 18 30 27 26 20 18 0 0 0 0 29 19 21 11 0 0 0 0 
0 0 0 0 15 24 25 10 15 28 16 16 0 0 0 0 0 0 0 0 0 0 0 0 0 0 0 0 0 0 0 0 0 0 0 0 0 0 0 0 
0 0 0 0 0 0 0 0 0 0 0 0 0 0 0 0 0 0 0 0 0 0 0 0 0 0 0 0 0 0 0 0 0 0 0 0 29 19 17 24 
26 15 29 14 0 0 0 0 0 0 0 0 0 0 0 0 0 0 0 0 0 0 0 0 0 0 0 0 0 0 0 0 0 0 0 0 0 0 0 0 
0 0 0 0 24 10 29 13 0 0 0 0 12 15 16 22 29 29 26 19 0 0 0 0 0 0 0 0 28 22 18 12 27 13 22 27 0 0 0 0 
0 0 0 0 24 21 10 18 25 28 16 17 0 0 0 0 0 0 0 0 14 26 18 24 29 22 24 12 0 0 0 0 10 13 21 21 0 0 0 0 
0 0 0 0 0 0 0 0 23 25 13 10 11 24 30 26 0 0 0 0 0 0 0 0 0 0 0 0 15 15 13 12 20 22 21 14 0 0 0 0 
0 0 0 0 0 0 0 0 0 0 0 0 0 0 0 0 0 0 0 0 0 0 0 0 0 0 0 0 0 0 0 0 0 0 0 0 15 21 13 12 
14 21 23 24 0 0 0 0 0 0 0 0 0 0 0 0 0 0 0 0 0 0 0 0 0 0 0 0 0 0 0 0 0 0 0 0 0 0 0 0 
0 0 0 0 0 0 0 0 27 13 18 16 25 16 10 26 23 24 14 15 28 26 28 23 15 20 10 10 28 21 13 25 18 13 29 11 0 0 0 0 
0 0 0 0 0 0 0 0 24 24 18 15 29 29 20 18 17 14 21 13 25 28 22 13 0 0 0 0 0 0 0 0 16 22 22 21 0 0 0 0 
0 0 0 0 0 0 0 0 0 0 0 0 0 0 0 0 0 0 0 0 0 0 0 0 0 0 0 0 15 27 12 14 0 0 0 0 0 0 0 0 
0 0 0 0 0 0 0 0 0 0 0 0 0 0 0 0 0 0 0 0 0 0 0 0 0 0 0 0 0 0 0 0 0 0 0 0 21 13 28 25
---------------------
 
Processing cost   (0 -- non-optional machine)
Rows: sequential for each operation of each part; Columns: correspond to machine number
14 18 12 16 0 0 0 0 0 0 0 0 0 0 0 0 0 0 0 0 0 0 0 0 0 0 0 0 0 0 0 0 0 0 0 0 0 0 0 0 
0 0 0 0 12 16 19 14 15 16 12 10 15 12 16 11 12 20 13 18 12 12 12 19 12 12 16 20 12 15 17 10 18 19 13 10 0 0 0 0 
0 0 0 0 19 17 11 18 0 0 0 0 0 0 0 0 18 19 13 12 0 0 0 0 0 0 0 0 0 0 0 0 0 0 0 0 0 0 0 0 
0 0 0 0 0 0 0 0 0 0 0 0 16 16 15 17 14 16 10 11 18 15 15 16 0 0 0 0 0 0 0 0 13 11 20 16 0 0 0 0 
0 0 0 0 0 0 0 0 0 0 0 0 0 0 0 0 0 0 0 0 0 0 0 0 0 0 0 0 0 0 0 0 0 0 0 0 11 10 16 11 
13 11 10 18 0 0 0 0 0 0 0 0 0 0 0 0 0 0 0 0 0 0 0 0 0 0 0 0 0 0 0 0 0 0 0 0 0 0 0 0 
0 0 0 0 0 0 0 0 16 16 15 12 0 0 0 0 13 19 12 18 18 15 11 13 13 12 11 11 13 15 13 11 10 20 20 10 0 0 0 0 
0 0 0 0 16 17 14 15 12 19 18 18 19 16 12 10 11 15 16 14 0 0 0 0 17 18 14 19 10 10 19 18 11 16 20 16 0 0 0 0 
0 0 0 0 0 0 0 0 13 20 14 17 0 0 0 0 0 0 0 0 0 0 0 0 0 0 0 0 0 0 0 0 0 0 0 0 0 0 0 0 
0 0 0 0 0 0 0 0 0 0 0 0 0 0 0 0 0 0 0 0 0 0 0 0 0 0 0 0 0 0 0 0 0 0 0 0 16 12 10 19 
15 10 13 13 0 0 0 0 0 0 0 0 0 0 0 0 0 0 0 0 0 0 0 0 0 0 0 0 0 0 0 0 0 0 0 0 0 0 0 0 
0 0 0 0 0 0 0 0 0 0 0 0 19 13 17 10 0 0 0 0 17 14 19 10 0 0 0 0 0 0 0 0 0 0 0 0 0 0 0 0 
0 0 0 0 12 14 20 16 0 0 0 0 0 0 0 0 0 0 0 0 0 0 0 0 0 0 0 0 0 0 0 0 0 0 0 0 0 0 0 0 
0 0 0 0 14 20 13 12 15 19 15 14 13 18 18 16 19 17 20 19 10 10 16 16 13 18 15 20 20 15 19 14 19 14 18 16 0 0 0 0 
0 0 0 0 0 0 0 0 0 0 0 0 0 0 0 0 0 0 0 0 0 0 0 0 0 0 0 0 0 0 0 0 0 0 0 0 16 19 10 17 
15 13 12 15 0 0 0 0 0 0 0 0 0 0 0 0 0 0 0 0 0 0 0 0 0 0 0 0 0 0 0 0 0 0 0 0 0 0 0 0 
0 0 0 0 15 19 12 18 19 19 15 19 14 14 13 14 15 12 10 18 17 15 12 10 10 20 20 16 16 15 11 10 17 16 12 17 0 0 0 0 
0 0 0 0 0 0 0 0 17 13 17 15 18 20 18 20 17 15 15 20 16 18 18 14 14 11 13 19 13 10 16 11 18 15 16 17 0 0 0 0 
0 0 0 0 0 0 0 0 18 14 14 19 17 19 15 17 14 20 17 15 0 0 0 0 11 17 12 10 0 0 0 0 0 0 0 0 0 0 0 0 
0 0 0 0 0 0 0 0 0 0 0 0 0 0 0 0 0 0 0 0 0 0 0 0 0 0 0 0 0 0 0 0 0 0 0 0 20 20 12 13 
13 14 12 11 0 0 0 0 0 0 0 0 0 0 0 0 0 0 0 0 0 0 0 0 0 0 0 0 0 0 0 0 0 0 0 0 0 0 0 0 
0 0 0 0 17 11 19 17 14 13 20 17 13 16 11 16 14 14 19 13 14 17 16 14 17 20 18 15 16 18 15 14 13 12 10 17 0 0 0 0 
0 0 0 0 0 0 0 0 0 0 0 0 0 0 0 0 0 0 0 0 0 0 0 0 0 0 0 0 12 10 20 13 0 0 0 0 0 0 0 0 
0 0 0 0 20 20 15 20 14 13 17 15 18 12 10 18 11 14 16 19 14 18 20 20 11 12 17 17 15 14 20 10 16 13 15 16 0 0 0 0 
0 0 0 0 0 0 0 0 0 0 0 0 0 0 0 0 0 0 0 0 0 0 0 0 0 0 0 0 0 0 0 0 0 0 0 0 18 17 20 17 
15 19 16 20 0 0 0 0 0 0 0 0 0 0 0 0 0 0 0 0 0 0 0 0 0 0 0 0 0 0 0 0 0 0 0 0 0 0 0 0 
0 0 0 0 0 0 0 0 0 0 0 0 0 0 0 0 0 0 0 0 0 0 0 0 0 0 0 0 0 0 0 0 20 14 18 14 0 0 0 0 
0 0 0 0 0 0 0 0 13 20 12 11 15 19 15 12 0 0 0 0 0 0 0 0 0 0 0 0 0 0 0 0 12 10 17 20 0 0 0 0 
0 0 0 0 11 18 18 11 15 11 19 15 14 20 16 11 0 0 0 0 0 0 0 0 20 10 19 12 0 0 0 0 17 13 16 12 0 0 0 0 
0 0 0 0 0 0 0 0 0 0 0 0 0 0 0 0 0 0 0 0 0 0 0 0 0 0 0 0 0 0 0 0 0 0 0 0 14 18 12 14 
14 14 11 15 0 0 0 0 0 0 0 0 0 0 0 0 0 0 0 0 0 0 0 0 0 0 0 0 0 0 0 0 0 0 0 0 0 0 0 0 
0 0 0 0 16 10 16 14 17 11 20 15 16 18 11 18 10 14 20 18 0 0 0 0 17 10 14 14 10 10 19 15 13 19 16 12 0 0 0 0 
0 0 0 0 16 19 12 10 0 0 0 0 0 0 0 0 0 0 0 0 0 0 0 0 0 0 0 0 0 0 0 0 0 0 0 0 0 0 0 0 
0 0 0 0 0 0 0 0 0 0 0 0 0 0 0 0 10 14 15 20 0 0 0 0 10 13 18 14 0 0 0 0 0 0 0 0 0 0 0 0 
0 0 0 0 0 0 0 0 0 0 0 0 0 0 0 0 0 0 0 0 0 0 0 0 0 0 0 0 0 0 0 0 0 0 0 0 19 14 17 20 
18 17 20 18 0 0 0 0 0 0 0 0 0 0 0 0 0 0 0 0 0 0 0 0 0 0 0 0 0 0 0 0 0 0 0 0 0 0 0 0 
0 0 0 0 16 19 18 14 13 19 11 11 14 12 15 18 20 13 12 19 11 19 15 15 0 0 0 0 19 11 13 18 14 15 13 19 0 0 0 0 
0 0 0 0 16 12 19 19 14 15 19 12 18 16 10 16 14 16 11 18 20 17 12 13 19 19 19 17 10 15 15 20 0 0 0 0 0 0 0 0 
0 0 0 0 11 19 17 13 0 0 0 0 0 0 0 0 17 15 14 15 10 13 19 16 0 0 0 0 10 18 16 17 0 0 0 0 0 0 0 0 
0 0 0 0 0 0 0 0 0 0 0 0 0 0 0 0 0 0 0 0 0 0 0 0 0 0 0 0 0 0 0 0 0 0 0 0 16 18 16 16 
17 13 10 18 0 0 0 0 0 0 0 0 0 0 0 0 0 0 0 0 0 0 0 0 0 0 0 0 0 0 0 0 0 0 0 0 0 0 0 0 
0 0 0 0 0 0 0 0 12 13 14 12 17 18 19 20 0 0 0 0 16 11 14 14 14 17 17 18 15 20 10 12 0 0 0 0 0 0 0 0 
0 0 0 0 0 0 0 0 0 0 0 0 0 0 0 0 14 11 13 10 0 0 0 0 11 16 19 10 19 12 15 19 0 0 0 0 0 0 0 0 
0 0 0 0 10 19 18 11 19 14 18 10 17 18 11 14 20 13 17 16 17 12 11 13 15 14 18 17 14 11 17 11 15 10 20 20 0 0 0 0 
0 0 0 0 0 0 0 0 0 0 0 0 0 0 0 0 0 0 0 0 0 0 0 0 0 0 0 0 0 0 0 0 0 0 0 0 11 13 11 11 
14 14 14 10 0 0 0 0 0 0 0 0 0 0 0 0 0 0 0 0 0 0 0 0 0 0 0 0 0 0 0 0 0 0 0 0 0 0 0 0 
0 0 0 0 10 10 20 13 20 19 13 15 10 12 13 10 16 16 15 16 15 18 12 20 12 11 19 14 14 12 15 11 13 14 18 10 0 0 0 0 
0 0 0 0 17 17 17 16 17 13 18 14 13 18 15 20 12 14 14 11 10 15 18 20 20 11 18 12 19 17 18 13 0 0 0 0 0 0 0 0 
0 0 0 0 19 13 17 10 12 17 18 10 19 20 20 19 0 0 0 0 12 20 19 10 0 0 0 0 16 20 16 15 0 0 0 0 0 0 0 0 
0 0 0 0 0 0 0 0 0 0 0 0 0 0 0 0 0 0 0 0 0 0 0 0 0 0 0 0 0 0 0 0 0 0 0 0 17 13 10 13 
14 20 16 12 0 0 0 0 0 0 0 0 0 0 0 0 0 0 0 0 0 0 0 0 0 0 0 0 0 0 0 0 0 0 0 0 0 0 0 0 
0 0 0 0 0 0 0 0 15 13 17 10 0 0 0 0 0 0 0 0 12 10 19 12 15 13 20 15 0 0 0 0 16 13 13 19 0 0 0 0 
0 0 0 0 19 20 10 15 10 17 10 17 0 0 0 0 19 12 13 18 13 12 19 11 11 19 15 16 11 11 19 11 15 17 17 16 0 0 0 0 
0 0 0 0 20 17 20 19 16 20 11 11 10 16 16 14 20 18 17 14 18 15 15 19 14 12 13 15 18 20 13 12 0 0 0 0 0 0 0 0 
0 0 0 0 0 0 0 0 0 0 0 0 0 0 0 0 0 0 0 0 0 0 0 0 0 0 0 0 0 0 0 0 0 0 0 0 14 16 13 19 
17 11 17 15 0 0 0 0 0 0 0 0 0 0 0 0 0 0 0 0 0 0 0 0 0 0 0 0 0 0 0 0 0 0 0 0 0 0 0 0 
0 0 0 0 20 20 14 19 0 0 0 0 20 19 14 16 0 0 0 0 0 0 0 0 17 16 14 10 0 0 0 0 0 0 0 0 0 0 0 0 
0 0 0 0 17 18 12 14 0 0 0 0 16 17 17 15 0 0 0 0 11 16 16 16 0 0 0 0 0 0 0 0 0 0 0 0 0 0 0 0 
0 0 0 0 12 14 18 11 10 19 15 11 11 15 19 10 16 13 18 17 12 16 20 10 15 12 20 13 15 14 18 14 14 18 16 10 0 0 0 0 
0 0 0 0 0 0 0 0 0 0 0 0 0 0 0 0 0 0 0 0 0 0 0 0 0 0 0 0 0 0 0 0 0 0 0 0 10 15 10 12 
10 16 14 15 0 0 0 0 0 0 0 0 0 0 0 0 0 0 0 0 0 0 0 0 0 0 0 0 0 0 0 0 0 0 0 0 0 0 0 0 
0 0 0 0 18 11 10 14 0 0 0 0 0 0 0 0 13 19 13 20 0 0 0 0 18 10 18 17 12 16 13 16 19 16 13 13 0 0 0 0 
0 0 0 0 15 16 12 13 0 0 0 0 0 0 0 0 0 0 0 0 0 0 0 0 0 0 0 0 10 20 15 16 12 17 13 14 0 0 0 0 
0 0 0 0 15 19 13 17 12 10 10 18 11 14 17 12 15 19 16 17 19 19 12 14 10 15 19 15 10 14 15 11 10 12 14 20 0 0 0 0 
0 0 0 0 0 0 0 0 0 0 0 0 0 0 0 0 0 0 0 0 0 0 0 0 0 0 0 0 0 0 0 0 0 0 0 0 14 18 14 16 
18 19 18 12 0 0 0 0 0 0 0 0 0 0 0 0 0 0 0 0 0 0 0 0 0 0 0 0 0 0 0 0 0 0 0 0 0 0 0 0 
0 0 0 0 17 15 20 15 0 0 0 0 10 10 19 12 0 0 0 0 13 19 10 11 20 16 10 12 14 20 13 20 10 12 15 18 0 0 0 0 
0 0 0 0 13 17 10 19 0 0 0 0 0 0 0 0 13 10 14 15 0 0 0 0 11 15 12 13 14 18 13 10 0 0 0 0 0 0 0 0 
0 0 0 0 14 19 10 12 17 14 20 11 14 15 20 15 19 10 20 10 14 15 19 13 15 14 11 17 12 12 16 18 20 11 20 13 0 0 0 0 
0 0 0 0 0 0 0 0 0 0 0 0 0 0 0 0 0 0 0 0 0 0 0 0 0 0 0 0 0 0 0 0 0 0 0 0 13 19 10 16 
18 17 18 18 0 0 0 0 0 0 0 0 0 0 0 0 0 0 0 0 0 0 0 0 0 0 0 0 0 0 0 0 0 0 0 0 0 0 0 0 
0 0 0 0 0 0 0 0 14 13 12 13 0 0 0 0 0 0 0 0 0 0 0 0 0 0 0 0 0 0 0 0 0 0 0 0 0 0 0 0 
0 0 0 0 0 0 0 0 0 0 0 0 0 0 0 0 0 0 0 0 11 16 13 16 0 0 0 0 0 0 0 0 16 13 10 14 0 0 0 0 
0 0 0 0 0 0 0 0 19 19 16 16 0 0 0 0 0 0 0 0 0 0 0 0 0 0 0 0 0 0 0 0 17 12 20 13 0 0 0 0 
0 0 0 0 0 0 0 0 0 0 0 0 0 0 0 0 0 0 0 0 0 0 0 0 0 0 0 0 0 0 0 0 0 0 0 0 17 15 13 19 
15 10 15 19 0 0 0 0 0 0 0 0 0 0 0 0 0 0 0 0 0 0 0 0 0 0 0 0 0 0 0 0 0 0 0 0 0 0 0 0 
0 0 0 0 0 0 0 0 0 0 0 0 0 0 0 0 0 0 0 0 0 0 0 0 0 0 0 0 17 20 14 12 0 0 0 0 0 0 0 0 
0 0 0 0 0 0 0 0 10 11 19 11 0 0 0 0 0 0 0 0 14 14 14 16 0 0 0 0 0 0 0 0 0 0 0 0 0 0 0 0 
0 0 0 0 0 0 0 0 13 12 17 16 0 0 0 0 19 18 18 14 0 0 0 0 17 16 17 18 19 18 14 19 16 14 15 17 0 0 0 0 
0 0 0 0 0 0 0 0 0 0 0 0 0 0 0 0 0 0 0 0 0 0 0 0 0 0 0 0 0 0 0 0 0 0 0 0 13 11 11 18 
18 18 17 19 0 0 0 0 0 0 0 0 0 0 0 0 0 0 0 0 0 0 0 0 0 0 0 0 0 0 0 0 0 0 0 0 0 0 0 0 
0 0 0 0 17 16 15 19 15 14 11 12 14 11 17 19 16 11 16 12 13 17 16 12 17 20 10 12 15 11 11 19 14 18 13 20 0 0 0 0 
0 0 0 0 10 19 19 11 0 0 0 0 11 10 11 19 0 0 0 0 19 15 12 17 11 17 13 12 10 10 19 17 0 0 0 0 0 0 0 0 
0 0 0 0 18 20 15 15 0 0 0 0 0 0 0 0 19 14 10 18 0 0 0 0 0 0 0 0 0 0 0 0 11 14 16 12 0 0 0 0 
0 0 0 0 0 0 0 0 0 0 0 0 0 0 0 0 0 0 0 0 0 0 0 0 0 0 0 0 0 0 0 0 0 0 0 0 13 15 12 19 
17 19 11 11 0 0 0 0 0 0 0 0 0 0 0 0 0 0 0 0 0 0 0 0 0 0 0 0 0 0 0 0 0 0 0 0 0 0 0 0 
0 0 0 0 16 20 20 18 11 17 19 11 18 14 14 18 16 20 19 16 18 18 15 18 19 13 17 16 12 11 16 17 0 0 0 0 0 0 0 0 
0 0 0 0 0 0 0 0 18 15 12 16 19 20 13 12 13 10 14 19 0 0 0 0 0 0 0 0 0 0 0 0 0 0 0 0 0 0 0 0 
0 0 0 0 0 0 0 0 11 14 13 15 0 0 0 0 0 0 0 0 0 0 0 0 0 0 0 0 0 0 0 0 0 0 0 0 0 0 0 0 
0 0 0 0 0 0 0 0 0 0 0 0 0 0 0 0 0 0 0 0 0 0 0 0 0 0 0 0 0 0 0 0 0 0 0 0 20 11 17 18 
20 11 16 18 0 0 0 0 0 0 0 0 0 0 0 0 0 0 0 0 0 0 0 0 0 0 0 0 0 0 0 0 0 0 0 0 0 0 0 0 
0 0 0 0 0 0 0 0 16 13 16 17 20 20 17 14 14 15 14 18 20 10 18 12 16 17 10 20 10 11 18 20 18 12 15 11 0 0 0 0 
0 0 0 0 10 12 16 10 0 0 0 0 0 0 0 0 0 0 0 0 20 19 17 10 0 0 0 0 0 0 0 0 14 15 12 13 0 0 0 0 
0 0 0 0 14 11 14 11 11 10 18 15 20 19 19 12 17 15 15 19 14 20 13 13 11 17 19 19 16 19 16 10 0 0 0 0 0 0 0 0 
0 0 0 0 0 0 0 0 0 0 0 0 0 0 0 0 0 0 0 0 0 0 0 0 0 0 0 0 0 0 0 0 0 0 0 0 19 17 10 16 
13 15 11 20 0 0 0 0 0 0 0 0 0 0 0 0 0 0 0 0 0 0 0 0 0 0 0 0 0 0 0 0 0 0 0 0 0 0 0 0 
0 0 0 0 0 0 0 0 0 0 0 0 0 0 0 0 0 0 0 0 0 0 0 0 0 0 0 0 0 0 0 0 18 14 13 17 0 0 0 0 
0 0 0 0 16 19 11 11 19 16 11 19 0 0 0 0 0 0 0 0 17 19 10 13 17 16 11 16 11 17 13 11 0 0 0 0 0 0 0 0 
0 0 0 0 18 13 15 20 17 16 15 11 19 15 19 18 20 14 18 13 18 17 20 10 18 16 18 19 11 15 16 15 19 14 10 15 0 0 0 0 
0 0 0 0 0 0 0 0 0 0 0 0 0 0 0 0 0 0 0 0 0 0 0 0 0 0 0 0 0 0 0 0 0 0 0 0 18 11 16 18 
15 18 12 18 0 0 0 0 0 0 0 0 0 0 0 0 0 0 0 0 0 0 0 0 0 0 0 0 0 0 0 0 0 0 0 0 0 0 0 0 
0 0 0 0 14 15 15 20 15 17 11 19 19 14 10 16 14 11 11 14 19 20 15 13 16 17 16 11 15 20 18 10 17 14 14 20 0 0 0 0 
0 0 0 0 0 0 0 0 0 0 0 0 0 0 0 0 0 0 0 0 0 0 0 0 0 0 0 0 12 12 15 16 11 17 16 16 0 0 0 0 
0 0 0 0 20 13 19 19 19 16 11 15 10 15 16 16 0 0 0 0 10 20 16 12 13 18 17 10 16 20 16 14 12 16 14 20 0 0 0 0 
0 0 0 0 0 0 0 0 0 0 0 0 0 0 0 0 0 0 0 0 0 0 0 0 0 0 0 0 0 0 0 0 0 0 0 0 13 14 17 15 
13 16 14 15 0 0 0 0 0 0 0 0 0 0 0 0 0 0 0 0 0 0 0 0 0 0 0 0 0 0 0 0 0 0 0 0 0 0 0 0 
0 0 0 0 0 0 0 0 0 0 0 0 19 15 12 11 19 12 11 18 11 10 12 13 0 0 0 0 0 0 0 0 13 18 20 14 0 0 0 0 
0 0 0 0 18 13 19 19 0 0 0 0 0 0 0 0 14 18 18 12 19 15 10 12 14 16 12 10 15 20 16 18 0 0 0 0 0 0 0 0 
0 0 0 0 0 0 0 0 0 0 0 0 0 0 0 0 19 20 17 20 0 0 0 0 18 11 14 11 10 11 13 17 0 0 0 0 0 0 0 0 
0 0 0 0 0 0 0 0 0 0 0 0 0 0 0 0 0 0 0 0 0 0 0 0 0 0 0 0 0 0 0 0 0 0 0 0 11 17 20 16 
15 20 12 16 0 0 0 0 0 0 0 0 0 0 0 0 0 0 0 0 0 0 0 0 0 0 0 0 0 0 0 0 0 0 0 0 0 0 0 0 
0 0 0 0 19 14 12 20 0 0 0 0 12 10 13 20 15 15 13 18 20 16 15 19 0 0 0 0 13 13 11 19 0 0 0 0 0 0 0 0 
0 0 0 0 12 20 18 11 0 0 0 0 17 15 17 15 11 12 19 12 0 0 0 0 0 0 0 0 0 0 0 0 20 11 12 16 0 0 0 0 
0 0 0 0 0 0 0 0 0 0 0 0 0 0 0 0 0 0 0 0 0 0 0 0 0 0 0 0 12 13 18 18 17 11 14 16 0 0 0 0 
0 0 0 0 0 0 0 0 0 0 0 0 0 0 0 0 0 0 0 0 0 0 0 0 0 0 0 0 0 0 0 0 0 0 0 0 12 12 11 11 
15 19 16 20 0 0 0 0 0 0 0 0 0 0 0 0 0 0 0 0 0 0 0 0 0 0 0 0 0 0 0 0 0 0 0 0 0 0 0 0 
0 0 0 0 16 13 16 14 0 0 0 0 0 0 0 0 0 0 0 0 20 13 19 20 15 18 15 10 18 13 14 11 16 19 18 20 0 0 0 0 
0 0 0 0 18 19 10 13 0 0 0 0 15 11 19 16 0 0 0 0 20 16 12 10 0 0 0 0 0 0 0 0 20 11 20 16 0 0 0 0 
0 0 0 0 0 0 0 0 0 0 0 0 0 0 0 0 0 0 0 0 0 0 0 0 0 0 0 0 13 11 10 11 10 17 19 16 0 0 0 0 
0 0 0 0 0 0 0 0 0 0 0 0 0 0 0 0 0 0 0 0 0 0 0 0 0 0 0 0 0 0 0 0 0 0 0 0 20 15 18 19 
19 17 10 16 0 0 0 0 0 0 0 0 0 0 0 0 0 0 0 0 0 0 0 0 0 0 0 0 0 0 0 0 0 0 0 0 0 0 0 0 
0 0 0 0 19 10 13 16 10 19 12 13 18 12 10 13 14 20 15 13 15 13 14 19 10 13 19 12 0 0 0 0 18 17 16 17 0 0 0 0 
0 0 0 0 10 17 12 11 15 18 18 12 0 0 0 0 0 0 0 0 0 0 0 0 0 0 0 0 13 15 19 17 13 16 13 15 0 0 0 0 
0 0 0 0 19 14 15 12 0 0 0 0 0 0 0 0 20 12 12 15 0 0 0 0 16 16 12 11 13 18 20 17 0 0 0 0 0 0 0 0 
0 0 0 0 0 0 0 0 0 0 0 0 0 0 0 0 0 0 0 0 0 0 0 0 0 0 0 0 0 0 0 0 0 0 0 0 10 13 18 11 
12 14 15 19 0 0 0 0 0 0 0 0 0 0 0 0 0 0 0 0 0 0 0 0 0 0 0 0 0 0 0 0 0 0 0 0 0 0 0 0 
0 0 0 0 10 14 10 20 17 19 12 11 19 18 20 15 11 20 11 16 14 19 12 10 19 12 14 13 20 16 16 13 16 14 10 17 0 0 0 0 
0 0 0 0 0 0 0 0 0 0 0 0 0 0 0 0 0 0 0 0 0 0 0 0 13 17 20 15 0 0 0 0 10 11 18 10 0 0 0 0 
0 0 0 0 0 0 0 0 0 0 0 0 14 19 13 11 0 0 0 0 20 16 13 10 0 0 0 0 0 0 0 0 20 13 18 17 0 0 0 0 
0 0 0 0 0 0 0 0 0 0 0 0 0 0 0 0 0 0 0 0 0 0 0 0 0 0 0 0 0 0 0 0 0 0 0 0 12 11 16 17 
19 15 14 15 0 0 0 0 0 0 0 0 0 0 0 0 0 0 0 0 0 0 0 0 0 0 0 0 0 0 0 0 0 0 0 0 0 0 0 0 
0 0 0 0 0 0 0 0 0 0 0 0 0 0 0 0 0 0 0 0 15 16 14 16 0 0 0 0 0 0 0 0 0 0 0 0 0 0 0 0 
0 0 0 0 0 0 0 0 0 0 0 0 0 0 0 0 14 17 16 20 0 0 0 0 19 19 19 14 0 0 0 0 0 0 0 0 0 0 0 0 
0 0 0 0 0 0 0 0 0 0 0 0 11 17 16 15 20 13 13 12 0 0 0 0 0 0 0 0 0 0 0 0 0 0 0 0 0 0 0 0 
0 0 0 0 0 0 0 0 0 0 0 0 0 0 0 0 0 0 0 0 0 0 0 0 0 0 0 0 0 0 0 0 0 0 0 0 15 10 18 15 
20 14 14 16 0 0 0 0 0 0 0 0 0 0 0 0 0 0 0 0 0 0 0 0 0 0 0 0 0 0 0 0 0 0 0 0 0 0 0 0 
0 0 0 0 0 0 0 0 0 0 0 0 0 0 0 0 0 0 0 0 0 0 0 0 13 11 20 13 0 0 0 0 0 0 0 0 0 0 0 0 
0 0 0 0 13 15 11 12 0 0 0 0 0 0 0 0 0 0 0 0 20 18 17 19 17 19 10 11 15 16 19 20 0 0 0 0 0 0 0 0 
0 0 0 0 0 0 0 0 0 0 0 0 0 0 0 0 0 0 0 0 0 0 0 0 0 0 0 0 13 17 13 18 0 0 0 0 0 0 0 0 
0 0 0 0 0 0 0 0 0 0 0 0 0 0 0 0 0 0 0 0 0 0 0 0 0 0 0 0 0 0 0 0 0 0 0 0 19 16 11 14 
11 13 12 11 0 0 0 0 0 0 0 0 0 0 0 0 0 0 0 0 0 0 0 0 0 0 0 0 0 0 0 0 0 0 0 0 0 0 0 0 
0 0 0 0 16 10 12 19 0 0 0 0 0 0 0 0 0 0 0 0 15 16 18 17 0 0 0 0 19 10 15 14 18 13 13 16 0 0 0 0 
0 0 0 0 0 0 0 0 0 0 0 0 0 0 0 0 18 19 15 14 0 0 0 0 0 0 0 0 12 11 10 11 0 0 0 0 0 0 0 0 
0 0 0 0 0 0 0 0 0 0 0 0 12 10 18 14 0 0 0 0 0 0 0 0 0 0 0 0 0 0 0 0 0 0 0 0 0 0 0 0 
0 0 0 0 0 0 0 0 0 0 0 0 0 0 0 0 0 0 0 0 0 0 0 0 0 0 0 0 0 0 0 0 0 0 0 0 13 10 11 19 
16 13 10 14 0 0 0 0 0 0 0 0 0 0 0 0 0 0 0 0 0 0 0 0 0 0 0 0 0 0 0 0 0 0 0 0 0 0 0 0 
0 0 0 0 15 13 16 13 20 17 17 17 15 18 19 19 14 19 17 15 18 13 12 19 16 17 15 10 13 16 14 11 18 15 14 11 0 0 0 0 
0 0 0 0 12 19 18 20 16 15 15 14 0 0 0 0 17 19 12 13 18 13 12 18 0 0 0 0 0 0 0 0 0 0 0 0 0 0 0 0 
0 0 0 0 14 13 15 13 19 20 18 17 18 15 11 17 11 20 12 20 0 0 0 0 15 18 10 17 0 0 0 0 10 10 18 16 0 0 0 0 
0 0 0 0 0 0 0 0 0 0 0 0 0 0 0 0 0 0 0 0 0 0 0 0 0 0 0 0 0 0 0 0 0 0 0 0 17 10 20 18 
13 14 15 12 0 0 0 0 0 0 0 0 0 0 0 0 0 0 0 0 0 0 0 0 0 0 0 0 0 0 0 0 0 0 0 0 0 0 0 0 
0 0 0 0 0 0 0 0 0 0 0 0 0 0 0 0 18 19 11 19 15 14 12 12 15 12 19 11 0 0 0 0 0 0 0 0 0 0 0 0 
0 0 0 0 14 10 15 16 0 0 0 0 10 12 17 10 0 0 0 0 0 0 0 0 0 0 0 0 0 0 0 0 19 10 10 12 0 0 0 0 
0 0 0 0 15 20 11 12 13 19 17 20 0 0 0 0 14 15 16 11 18 16 18 13 18 19 16 19 13 18 13 13 13 18 12 14 0 0 0 0 
0 0 0 0 0 0 0 0 0 0 0 0 0 0 0 0 0 0 0 0 0 0 0 0 0 0 0 0 0 0 0 0 0 0 0 0 18 17 10 12 
15 17 20 16 0 0 0 0 0 0 0 0 0 0 0 0 0 0 0 0 0 0 0 0 0 0 0 0 0 0 0 0 0 0 0 0 0 0 0 0 
0 0 0 0 0 0 0 0 12 20 12 16 17 10 15 18 0 0 0 0 12 18 13 14 20 15 15 20 0 0 0 0 0 0 0 0 0 0 0 0 
0 0 0 0 0 0 0 0 0 0 0 0 0 0 0 0 0 0 0 0 0 0 0 0 0 0 0 0 10 12 13 16 12 10 14 10 0 0 0 0 
0 0 0 0 0 0 0 0 14 15 20 13 16 19 14 14 0 0 0 0 19 11 15 13 0 0 0 0 11 11 17 17 11 10 12 18 0 0 0 0 
0 0 0 0 0 0 0 0 0 0 0 0 0 0 0 0 0 0 0 0 0 0 0 0 0 0 0 0 0 0 0 0 0 0 0 0 13 16 13 18 
11 12 20 13 0 0 0 0 0 0 0 0 0 0 0 0 0 0 0 0 0 0 0 0 0 0 0 0 0 0 0 0 0 0 0 0 0 0 0 0 
0 0 0 0 0 0 0 0 18 19 16 18 15 16 13 11 19 15 20 10 0 0 0 0 0 0 0 0 0 0 0 0 0 0 0 0 0 0 0 0 
0 0 0 0 0 0 0 0 17 18 19 14 0 0 0 0 18 12 19 16 16 17 20 11 11 13 11 10 13 13 20 10 13 10 16 14 0 0 0 0 
0 0 0 0 12 13 15 15 16 10 19 12 0 0 0 0 0 0 0 0 0 0 0 0 17 20 20 20 0 0 0 0 12 15 19 20 0 0 0 0 
0 0 0 0 0 0 0 0 0 0 0 0 0 0 0 0 0 0 0 0 0 0 0 0 0 0 0 0 0 0 0 0 0 0 0 0 10 10 10 19 
14 14 13 15 0 0 0 0 0 0 0 0 0 0 0 0 0 0 0 0 0 0 0 0 0 0 0 0 0 0 0 0 0 0 0 0 0 0 0 0 
0 0 0 0 0 0 0 0 14 11 12 16 0 0 0 0 0 0 0 0 16 15 11 15 0 0 0 0 0 0 0 0 0 0 0 0 0 0 0 0 
0 0 0 0 0 0 0 0 0 0 0 0 0 0 0 0 0 0 0 0 18 14 15 10 0 0 0 0 0 0 0 0 0 0 0 0 0 0 0 0 
0 0 0 0 19 17 15 15 0 0 0 0 15 18 16 14 19 13 19 10 13 11 15 10 0 0 0 0 15 10 14 11 11 15 10 12 0 0 0 0 
0 0 0 0 0 0 0 0 0 0 0 0 0 0 0 0 0 0 0 0 0 0 0 0 0 0 0 0 0 0 0 0 0 0 0 0 15 18 20 20 
16 11 19 12 0 0 0 0 0 0 0 0 0 0 0 0 0 0 0 0 0 0 0 0 0 0 0 0 0 0 0 0 0 0 0 0 0 0 0 0 
0 0 0 0 16 15 11 20 0 0 0 0 0 0 0 0 0 0 0 0 0 0 0 0 0 0 0 0 10 14 16 11 0 0 0 0 0 0 0 0 
0 0 0 0 11 20 11 15 13 14 16 15 11 14 17 18 10 16 13 20 12 15 12 14 11 18 19 18 13 11 12 13 15 17 15 19 0 0 0 0 
0 0 0 0 17 17 18 13 20 18 20 14 0 0 0 0 0 0 0 0 18 15 10 16 0 0 0 0 0 0 0 0 0 0 0 0 0 0 0 0 
0 0 0 0 0 0 0 0 0 0 0 0 0 0 0 0 0 0 0 0 0 0 0 0 0 0 0 0 0 0 0 0 0 0 0 0 13 19 18 18 
20 18 14 19 0 0 0 0 0 0 0 0 0 0 0 0 0 0 0 0 0 0 0 0 0 0 0 0 0 0 0 0 0 0 0 0 0 0 0 0 
0 0 0 0 0 0 0 0 0 0 0 0 0 0 0 0 16 19 13 14 17 17 20 19 14 10 15 19 15 11 16 13 17 11 12 19 0 0 0 0 
0 0 0 0 14 11 19 10 12 15 19 12 0 0 0 0 0 0 0 0 0 0 0 0 18 17 10 19 0 0 0 0 15 14 12 16 0 0 0 0 
0 0 0 0 0 0 0 0 0 0 0 0 0 0 0 0 0 0 0 0 0 0 0 0 0 0 0 0 0 0 0 0 16 14 10 17 0 0 0 0 
0 0 0 0 0 0 0 0 0 0 0 0 0 0 0 0 0 0 0 0 0 0 0 0 0 0 0 0 0 0 0 0 0 0 0 0 10 18 12 18 
18 12 15 16 0 0 0 0 0 0 0 0 0 0 0 0 0 0 0 0 0 0 0 0 0 0 0 0 0 0 0 0 0 0 0 0 0 0 0 0 
0 0 0 0 11 16 19 19 18 14 10 16 10 17 14 18 20 12 15 20 14 11 13 18 16 16 13 19 16 15 11 17 19 17 11 14 0 0 0 0 
0 0 0 0 11 19 19 20 16 14 13 16 0 0 0 0 11 15 19 15 0 0 0 0 19 11 14 14 20 16 12 15 18 10 10 18 0 0 0 0 
0 0 0 0 14 15 11 20 15 11 11 11 16 12 14 19 15 11 17 11 17 18 11 15 10 10 14 11 16 10 10 12 19 16 16 11 0 0 0 0 
0 0 0 0 0 0 0 0 0 0 0 0 0 0 0 0 0 0 0 0 0 0 0 0 0 0 0 0 0 0 0 0 0 0 0 0 10 17 11 19 
20 14 15 11 0 0 0 0 0 0 0 0 0 0 0 0 0 0 0 0 0 0 0 0 0 0 0 0 0 0 0 0 0 0 0 0 0 0 0 0 
0 0 0 0 0 0 0 0 0 0 0 0 15 17 11 17 14 17 16 16 0 0 0 0 0 0 0 0 11 12 14 12 18 12 20 16 0 0 0 0 
0 0 0 0 14 17 14 15 19 14 19 17 0 0 0 0 16 19 20 14 20 14 17 12 0 0 0 0 0 0 0 0 20 13 16 10 0 0 0 0 
0 0 0 0 0 0 0 0 0 0 0 0 18 17 10 12 11 12 20 17 0 0 0 0 15 14 15 12 0 0 0 0 0 0 0 0 0 0 0 0 
0 0 0 0 0 0 0 0 0 0 0 0 0 0 0 0 0 0 0 0 0 0 0 0 0 0 0 0 0 0 0 0 0 0 0 0 17 18 15 11 
13 14 17 20 0 0 0 0 0 0 0 0 0 0 0 0 0 0 0 0 0 0 0 0 0 0 0 0 0 0 0 0 0 0 0 0 0 0 0 0 
0 0 0 0 15 14 19 13 16 16 13 18 0 0 0 0 14 12 11 20 0 0 0 0 0 0 0 0 0 0 0 0 0 0 0 0 0 0 0 0 
0 0 0 0 18 17 17 20 12 20 19 14 0 0 0 0 0 0 0 0 12 19 15 13 0 0 0 0 0 0 0 0 11 10 18 17 0 0 0 0 
0 0 0 0 11 11 13 14 12 15 10 17 0 0 0 0 11 17 16 17 16 16 11 18 0 0 0 0 0 0 0 0 0 0 0 0 0 0 0 0 
0 0 0 0 0 0 0 0 0 0 0 0 0 0 0 0 0 0 0 0 0 0 0 0 0 0 0 0 0 0 0 0 0 0 0 0 15 17 20 11 
12 17 15 15 0 0 0 0 0 0 0 0 0 0 0 0 0 0 0 0 0 0 0 0 0 0 0 0 0 0 0 0 0 0 0 0 0 0 0 0 
0 0 0 0 12 19 20 15 16 20 18 16 15 20 14 13 20 13 18 19 0 0 0 0 0 0 0 0 11 13 13 18 15 14 19 17 0 0 0 0 
0 0 0 0 17 13 11 13 0 0 0 0 12 12 12 14 17 11 17 20 13 14 11 13 11 16 17 20 0 0 0 0 13 18 20 16 0 0 0 0 
0 0 0 0 10 16 12 12 13 16 10 10 10 17 12 17 13 11 18 16 10 20 20 19 19 19 17 16 14 19 17 18 0 0 0 0 0 0 0 0 
0 0 0 0 0 0 0 0 0 0 0 0 0 0 0 0 0 0 0 0 0 0 0 0 0 0 0 0 0 0 0 0 0 0 0 0 14 18 14 18 
12 14 17 15 0 0 0 0 0 0 0 0 0 0 0 0 0 0 0 0 0 0 0 0 0 0 0 0 0 0 0 0 0 0 0 0 0 0 0 0 
0 0 0 0 11 10 20 15 0 0 0 0 11 18 10 10 11 12 15 11 0 0 0 0 0 0 0 0 14 14 13 18 0 0 0 0 0 0 0 0 
0 0 0 0 0 0 0 0 0 0 0 0 0 0 0 0 11 12 17 13 0 0 0 0 0 0 0 0 0 0 0 0 0 0 0 0 0 0 0 0 
0 0 0 0 10 14 12 18 15 12 16 15 20 18 11 16 20 10 15 12 0 0 0 0 0 0 0 0 0 0 0 0 18 16 20 15 0 0 0 0 
0 0 0 0 0 0 0 0 0 0 0 0 0 0 0 0 0 0 0 0 0 0 0 0 0 0 0 0 0 0 0 0 0 0 0 0 19 13 15 18 
19 18 13 12 0 0 0 0 0 0 0 0 0 0 0 0 0 0 0 0 0 0 0 0 0 0 0 0 0 0 0 0 0 0 0 0 0 0 0 0 
0 0 0 0 11 17 12 16 20 16 19 15 20 17 19 12 0 0 0 0 13 18 18 15 14 14 10 12 13 15 15 14 11 19 12 20 0 0 0 0 
0 0 0 0 20 20 10 20 18 13 14 20 0 0 0 0 0 0 0 0 0 0 0 0 0 0 0 0 0 0 0 0 16 11 17 20 0 0 0 0 
0 0 0 0 0 0 0 0 0 0 0 0 0 0 0 0 15 20 18 16 16 15 16 12 15 13 12 12 13 16 18 16 20 17 17 11 0 0 0 0 
0 0 0 0 0 0 0 0 0 0 0 0 0 0 0 0 0 0 0 0 0 0 0 0 0 0 0 0 0 0 0 0 0 0 0 0 18 17 12 12 
11 20 11 17 0 0 0 0 0 0 0 0 0 0 0 0 0 0 0 0 0 0 0 0 0 0 0 0 0 0 0 0 0 0 0 0 0 0 0 0 
0 0 0 0 0 0 0 0 0 0 0 0 14 13 11 10 14 12 17 15 12 19 18 17 0 0 0 0 14 18 19 10 17 17 12 13 0 0 0 0 
0 0 0 0 14 16 16 11 12 14 16 16 20 14 15 13 0 0 0 0 0 0 0 0 0 0 0 0 0 0 0 0 16 13 15 19 0 0 0 0 
0 0 0 0 0 0 0 0 0 0 0 0 0 0 0 0 18 15 14 13 0 0 0 0 0 0 0 0 0 0 0 0 16 14 16 10 0 0 0 0 
0 0 0 0 0 0 0 0 0 0 0 0 0 0 0 0 0 0 0 0 0 0 0 0 0 0 0 0 0 0 0 0 0 0 0 0 13 14 19 16 
11 11 10 18 0 0 0 0 0 0 0 0 0 0 0 0 0 0 0 0 0 0 0 0 0 0 0 0 0 0 0 0 0 0 0 0 0 0 0 0 
0 0 0 0 0 0 0 0 14 14 14 18 20 18 17 16 14 13 18 11 0 0 0 0 13 18 12 15 0 0 0 0 0 0 0 0 0 0 0 0 
0 0 0 0 13 13 20 11 10 19 19 17 11 18 15 14 0 0 0 0 12 20 12 12 10 18 19 14 10 10 20 19 0 0 0 0 0 0 0 0 
0 0 0 0 18 15 13 11 17 19 11 16 0 0 0 0 0 0 0 0 0 0 0 0 12 20 19 19 15 16 16 16 11 19 13 13 0 0 0 0 
0 0 0 0 0 0 0 0 0 0 0 0 0 0 0 0 0 0 0 0 0 0 0 0 0 0 0 0 0 0 0 0 0 0 0 0 18 16 16 10 
15 17 13 18 0 0 0 0 0 0 0 0 0 0 0 0 0 0 0 0 0 0 0 0 0 0 0 0 0 0 0 0 0 0 0 0 0 0 0 0 
0 0 0 0 0 0 0 0 0 0 0 0 0 0 0 0 0 0 0 0 17 17 10 13 0 0 0 0 0 0 0 0 0 0 0 0 0 0 0 0 
0 0 0 0 0 0 0 0 0 0 0 0 13 13 13 14 15 15 19 16 0 0 0 0 20 15 18 15 17 16 10 20 19 10 10 13 0 0 0 0 
0 0 0 0 0 0 0 0 0 0 0 0 0 0 0 0 0 0 0 0 0 0 0 0 0 0 0 0 0 0 0 0 10 15 18 13 0 0 0 0 
0 0 0 0 0 0 0 0 0 0 0 0 0 0 0 0 0 0 0 0 0 0 0 0 0 0 0 0 0 0 0 0 0 0 0 0 10 18 12 16 
18 10 11 10 0 0 0 0 0 0 0 0 0 0 0 0 0 0 0 0 0 0 0 0 0 0 0 0 0 0 0 0 0 0 0 0 0 0 0 0 
0 0 0 0 10 18 17 11 20 17 17 18 18 13 14 17 14 14 17 15 16 16 20 19 10 19 12 16 15 17 18 18 13 10 17 13 0 0 0 0 
0 0 0 0 11 16 11 12 12 19 20 19 18 16 16 18 11 20 19 11 17 12 20 18 19 13 15 12 11 17 13 16 19 19 11 19 0 0 0 0 
0 0 0 0 13 17 16 13 17 18 15 13 18 17 10 19 16 15 14 17 14 18 12 19 14 10 11 16 19 14 18 12 0 0 0 0 0 0 0 0 
0 0 0 0 0 0 0 0 0 0 0 0 0 0 0 0 0 0 0 0 0 0 0 0 0 0 0 0 0 0 0 0 0 0 0 0 15 17 15 12 
10 16 17 15 0 0 0 0 0 0 0 0 0 0 0 0 0 0 0 0 0 0 0 0 0 0 0 0 0 0 0 0 0 0 0 0 0 0 0 0 
0 0 0 0 17 16 20 18 0 0 0 0 17 16 11 14 11 17 14 11 16 16 19 12 11 16 12 17 15 11 13 20 15 19 10 18 0 0 0 0 
0 0 0 0 0 0 0 0 18 15 20 11 13 11 19 16 0 0 0 0 13 15 15 10 20 11 13 12 17 16 12 17 13 20 18 12 0 0 0 0 
0 0 0 0 0 0 0 0 0 0 0 0 20 14 15 10 17 15 18 15 17 15 10 12 16 12 20 16 0 0 0 0 0 0 0 0 0 0 0 0 
0 0 0 0 0 0 0 0 0 0 0 0 0 0 0 0 0 0 0 0 0 0 0 0 0 0 0 0 0 0 0 0 0 0 0 0 19 19 10 13 
16 20 18 13 0 0 0 0 0 0 0 0 0 0 0 0 0 0 0 0 0 0 0 0 0 0 0 0 0 0 0 0 0 0 0 0 0 0 0 0 
0 0 0 0 19 13 17 12 0 0 0 0 12 16 17 19 0 0 0 0 13 18 12 12 20 17 17 19 16 18 19 12 0 0 0 0 0 0 0 0 
0 0 0 0 12 11 11 17 20 13 20 14 0 0 0 0 11 10 11 12 11 11 19 13 10 18 15 13 0 0 0 0 19 13 11 19 0 0 0 0 
0 0 0 0 10 12 18 14 11 16 12 10 0 0 0 0 0 0 0 0 0 0 0 0 0 0 0 0 0 0 0 0 0 0 0 0 0 0 0 0 
0 0 0 0 0 0 0 0 0 0 0 0 0 0 0 0 0 0 0 0 0 0 0 0 0 0 0 0 0 0 0 0 0 0 0 0 13 17 13 17 
16 17 12 13 0 0 0 0 0 0 0 0 0 0 0 0 0 0 0 0 0 0 0 0 0 0 0 0 0 0 0 0 0 0 0 0 0 0 0 0 
0 0 0 0 13 13 19 16 0 0 0 0 20 13 12 11 11 20 12 19 0 0 0 0 0 0 0 0 16 10 19 19 10 15 18 13 0 0 0 0 
0 0 0 0 18 12 16 15 18 20 20 10 0 0 0 0 0 0 0 0 15 11 16 17 19 13 11 14 0 0 0 0 11 17 14 19 0 0 0 0 
0 0 0 0 0 0 0 0 20 15 17 19 16 10 14 17 0 0 0 0 0 0 0 0 0 0 0 0 11 11 20 12 19 18 11 13 0 0 0 0 
0 0 0 0 0 0 0 0 0 0 0 0 0 0 0 0 0 0 0 0 0 0 0 0 0 0 0 0 0 0 0 0 0 0 0 0 18 10 16 18 
18 11 13 18 0 0 0 0 0 0 0 0 0 0 0 0 0 0 0 0 0 0 0 0 0 0 0 0 0 0 0 0 0 0 0 0 0 0 0 0 
0 0 0 0 0 0 0 0 15 10 16 15 13 20 12 12 15 18 16 14 16 14 19 13 18 18 17 14 17 13 11 16 12 18 19 12 0 0 0 0 
0 0 0 0 0 0 0 0 19 10 20 13 15 16 11 13 18 12 11 13 15 13 17 14 0 0 0 0 0 0 0 0 18 20 17 13 0 0 0 0 
0 0 0 0 0 0 0 0 0 0 0 0 0 0 0 0 0 0 0 0 0 0 0 0 0 0 0 0 12 18 20 15 0 0 0 0 0 0 0 0 
0 0 0 0 0 0 0 0 0 0 0 0 0 0 0 0 0 0 0 0 0 0 0 0 0 0 0 0 0 0 0 0 0 0 0 0 14 17 16 16
---------------------
 
Distance between cells
Rows and Columns: correspond to cell number
0 221 398 242 429 54 52 385 143 317 480 352 248 190 426 204 
221 0 223 429 184 330 413 100 452 324 445 233 60 158 493 434 
398 223 0 259 231 50 75 468 369 133 266 107 127 461 490 56 
242 429 259 0 112 379 179 106 135 153 409 109 483 128 109 241 
429 184 231 112 0 230 350 278 124 203 490 456 484 287 128 465 
54 330 50 379 230 0 388 405 475 229 299 228 94 287 412 311 
52 413 75 179 350 388 0 140 335 430 443 379 334 93 273 340 
385 100 468 106 278 405 140 0 461 488 153 494 153 268 264 116 
143 452 369 135 124 475 335 461 0 228 392 211 487 404 429 281 
317 324 133 153 203 229 430 488 228 0 55 241 200 62 107 453 
480 445 266 409 490 299 443 153 392 55 0 118 52 179 104 192 
352 233 107 109 456 228 379 494 211 241 118 0 130 315 214 213 
248 60 127 483 484 94 334 153 487 200 52 130 0 480 242 489 
190 158 461 128 287 287 93 268 404 62 179 315 480 0 499 409 
426 493 490 109 128 412 273 264 429 107 104 214 242 499 0 336 
204 434 56 241 465 311 340 116 281 453 192 213 489 409 336 0
---------------------
 
Distribution of machines in cells   (1 -- if machine m is distributed in cell u;0 -- else) 
Rows: correspond to cell number; Columns: correspond to machine number
0 0 0 1 1 0 0 0 0 0 0 0 0 0 0 0 0 0 0 0 0 0 0 0 0 1 0 0 0 0 0 0 0 0 0 0 0 0 0 0 
0 0 0 0 0 0 0 0 0 0 0 1 0 0 0 0 0 0 0 0 0 0 0 0 0 0 1 0 0 0 0 0 0 0 0 0 0 0 0 0 
0 0 0 0 0 0 0 0 0 0 0 0 1 0 0 0 0 0 0 0 0 0 0 0 0 0 0 0 0 0 0 0 0 0 1 0 0 0 0 0 
0 0 0 0 0 0 0 1 0 0 1 0 0 0 0 0 0 0 0 0 0 0 0 0 0 0 0 0 0 0 0 0 0 0 0 0 0 0 1 0 
0 0 0 0 0 0 0 0 0 0 0 0 0 0 0 1 0 0 0 0 0 0 0 0 0 0 0 0 0 0 0 0 1 0 0 0 0 0 0 0 
0 0 0 0 0 1 0 0 0 0 0 0 0 0 0 0 0 0 0 0 0 0 0 0 0 0 0 0 0 0 0 0 0 0 0 0 1 0 0 0 
0 0 0 0 0 0 0 0 0 0 0 0 0 0 0 0 0 0 0 0 0 0 0 0 0 0 0 1 0 0 0 0 0 0 0 1 0 0 0 0 
0 0 0 0 0 0 0 0 0 0 0 0 0 0 0 0 0 0 1 0 0 0 0 0 0 0 0 0 0 1 0 0 0 0 0 0 0 0 0 0 
0 1 0 0 0 0 0 0 0 1 0 0 0 0 0 0 0 0 0 0 0 1 0 0 0 0 0 0 0 0 0 0 0 0 0 0 0 0 0 1 
0 0 0 0 0 0 0 0 1 0 0 0 0 0 0 0 0 0 0 0 0 0 0 1 1 0 0 0 0 0 0 0 0 0 0 0 0 0 0 0 
0 0 0 0 0 0 0 0 0 0 0 0 0 0 0 0 1 1 0 0 0 0 0 0 0 0 0 0 0 0 0 0 0 0 0 0 0 0 0 0 
0 0 0 0 0 0 0 0 0 0 0 0 0 1 1 0 0 0 0 1 0 0 0 0 0 0 0 0 1 0 0 0 0 1 0 0 0 0 0 0 
0 0 0 0 0 0 0 0 0 0 0 0 0 0 0 0 0 0 0 0 0 0 0 0 0 0 0 0 0 0 1 1 0 0 0 0 0 0 0 0 
0 0 1 0 0 0 0 0 0 0 0 0 0 0 0 0 0 0 0 0 1 0 0 0 0 0 0 0 0 0 0 0 0 0 0 0 0 0 0 0 
1 0 0 0 0 0 0 0 0 0 0 0 0 0 0 0 0 0 0 0 0 0 0 0 0 0 0 0 0 0 0 0 0 0 0 0 0 1 0 0 
0 0 0 0 0 0 1 0 0 0 0 0 0 0 0 0 0 0 0 0 0 0 1 0 0 0 0 0 0 0 0 0 0 0 0 0 0 0 0 0
---------------------
 
