Adaption from Behnke35

Number of operations for each part
5 5 5 5 5 5 5 5 5 5 5 5 5 5 5 5 5 5 5 5 5 5 5 5 5 5 5 5 5 5 5 5 5 5 5 5 5 5 5 5 5 5 5 5 5 5 5 5 5 5
---------------------
 
Processing time   (0 -- non-optional machine)
Rows: sequential for each operation of each part; Columns: correspond to machine number
10 16 13 23 0 0 0 0 0 0 0 0 0 0 0 0 0 0 0 0 0 0 0 0 0 0 0 0 0 0 0 0 0 0 0 0 0 0 0 0 
0 0 0 0 11 11 11 27 0 0 0 0 14 12 20 27 0 0 0 0 15 12 29 10 30 21 30 12 18 19 14 28 0 0 0 0 0 0 0 0 
0 0 0 0 0 0 0 0 27 23 15 14 16 25 27 16 16 25 28 15 0 0 0 0 0 0 0 0 0 0 0 0 28 28 23 30 0 0 0 0 
0 0 0 0 13 13 11 29 20 28 15 28 0 0 0 0 24 16 21 29 10 15 11 20 18 26 25 14 30 16 12 22 0 0 0 0 0 0 0 0 
0 0 0 0 0 0 0 0 0 0 0 0 0 0 0 0 0 0 0 0 0 0 0 0 0 0 0 0 0 0 0 0 0 0 0 0 28 12 18 15 
21 23 27 27 0 0 0 0 0 0 0 0 0 0 0 0 0 0 0 0 0 0 0 0 0 0 0 0 0 0 0 0 0 0 0 0 0 0 0 0 
0 0 0 0 0 0 0 0 0 0 0 0 0 0 0 0 22 14 27 27 28 11 25 17 15 28 15 11 0 0 0 0 0 0 0 0 0 0 0 0 
0 0 0 0 14 28 18 21 0 0 0 0 0 0 0 0 0 0 0 0 17 10 20 13 0 0 0 0 0 0 0 0 0 0 0 0 0 0 0 0 
0 0 0 0 0 0 0 0 0 0 0 0 0 0 0 0 0 0 0 0 25 13 30 20 20 26 10 30 0 0 0 0 29 25 23 28 0 0 0 0 
0 0 0 0 0 0 0 0 0 0 0 0 0 0 0 0 0 0 0 0 0 0 0 0 0 0 0 0 0 0 0 0 0 0 0 0 14 30 18 16 
25 23 28 23 0 0 0 0 0 0 0 0 0 0 0 0 0 0 0 0 0 0 0 0 0 0 0 0 0 0 0 0 0 0 0 0 0 0 0 0 
0 0 0 0 0 0 0 0 0 0 0 0 27 12 24 28 26 16 18 23 0 0 0 0 0 0 0 0 28 30 15 22 0 0 0 0 0 0 0 0 
0 0 0 0 0 0 0 0 17 29 24 19 22 17 15 20 0 0 0 0 25 29 13 18 17 13 11 24 0 0 0 0 26 28 26 27 0 0 0 0 
0 0 0 0 0 0 0 0 13 10 15 21 0 0 0 0 0 0 0 0 29 13 18 10 15 29 22 27 0 0 0 0 17 19 30 14 0 0 0 0 
0 0 0 0 0 0 0 0 0 0 0 0 0 0 0 0 0 0 0 0 0 0 0 0 0 0 0 0 0 0 0 0 0 0 0 0 15 27 24 27 
22 12 15 16 0 0 0 0 0 0 0 0 0 0 0 0 0 0 0 0 0 0 0 0 0 0 0 0 0 0 0 0 0 0 0 0 0 0 0 0 
0 0 0 0 0 0 0 0 0 0 0 0 25 27 26 25 0 0 0 0 0 0 0 0 0 0 0 0 0 0 0 0 0 0 0 0 0 0 0 0 
0 0 0 0 0 0 0 0 0 0 0 0 24 29 16 22 0 0 0 0 0 0 0 0 0 0 0 0 16 22 27 23 0 0 0 0 0 0 0 0 
0 0 0 0 16 17 27 27 28 19 22 23 24 11 11 25 26 15 10 13 0 0 0 0 0 0 0 0 0 0 0 0 0 0 0 0 0 0 0 0 
0 0 0 0 0 0 0 0 0 0 0 0 0 0 0 0 0 0 0 0 0 0 0 0 0 0 0 0 0 0 0 0 0 0 0 0 29 16 27 23 
26 27 21 10 0 0 0 0 0 0 0 0 0 0 0 0 0 0 0 0 0 0 0 0 0 0 0 0 0 0 0 0 0 0 0 0 0 0 0 0 
0 0 0 0 13 29 25 16 29 22 25 15 26 26 19 27 22 25 15 12 14 24 26 18 13 19 29 10 10 21 23 28 24 26 15 13 0 0 0 0 
0 0 0 0 18 16 14 22 27 20 10 29 12 20 29 12 28 14 17 24 17 25 23 23 11 19 16 24 19 28 25 27 14 16 23 26 0 0 0 0 
0 0 0 0 20 20 13 20 15 16 22 28 17 28 26 12 12 15 29 27 26 24 29 10 27 30 11 22 28 19 12 19 13 11 30 25 0 0 0 0 
0 0 0 0 0 0 0 0 0 0 0 0 0 0 0 0 0 0 0 0 0 0 0 0 0 0 0 0 0 0 0 0 0 0 0 0 22 19 19 28 
20 18 29 25 0 0 0 0 0 0 0 0 0 0 0 0 0 0 0 0 0 0 0 0 0 0 0 0 0 0 0 0 0 0 0 0 0 0 0 0 
0 0 0 0 0 0 0 0 22 18 26 13 0 0 0 0 20 20 21 12 0 0 0 0 0 0 0 0 15 24 22 14 0 0 0 0 0 0 0 0 
0 0 0 0 0 0 0 0 15 24 19 16 18 15 16 25 17 30 18 22 0 0 0 0 10 11 19 29 0 0 0 0 0 0 0 0 0 0 0 0 
0 0 0 0 22 21 26 14 0 0 0 0 15 21 21 10 21 28 22 19 0 0 0 0 0 0 0 0 0 0 0 0 29 20 20 16 0 0 0 0 
0 0 0 0 0 0 0 0 0 0 0 0 0 0 0 0 0 0 0 0 0 0 0 0 0 0 0 0 0 0 0 0 0 0 0 0 15 12 11 29 
13 26 30 11 0 0 0 0 0 0 0 0 0 0 0 0 0 0 0 0 0 0 0 0 0 0 0 0 0 0 0 0 0 0 0 0 0 0 0 0 
0 0 0 0 26 10 21 13 28 23 18 29 13 25 16 28 19 13 16 10 11 24 15 12 27 20 28 16 0 0 0 0 15 28 10 24 0 0 0 0 
0 0 0 0 10 20 10 21 29 26 30 13 15 13 27 19 24 21 16 24 0 0 0 0 0 0 0 0 19 10 20 20 27 30 16 30 0 0 0 0 
0 0 0 0 30 19 10 14 0 0 0 0 0 0 0 0 0 0 0 0 30 12 14 12 0 0 0 0 0 0 0 0 10 27 24 14 0 0 0 0 
0 0 0 0 0 0 0 0 0 0 0 0 0 0 0 0 0 0 0 0 0 0 0 0 0 0 0 0 0 0 0 0 0 0 0 0 29 14 24 21 
25 26 20 10 0 0 0 0 0 0 0 0 0 0 0 0 0 0 0 0 0 0 0 0 0 0 0 0 0 0 0 0 0 0 0 0 0 0 0 0 
0 0 0 0 17 10 24 24 0 0 0 0 17 21 13 20 11 13 22 29 0 0 0 0 14 16 13 10 0 0 0 0 10 27 30 30 0 0 0 0 
0 0 0 0 17 16 17 20 15 13 28 15 28 23 11 27 23 15 30 11 11 20 26 13 17 15 28 10 12 15 24 28 13 14 15 18 0 0 0 0 
0 0 0 0 0 0 0 0 22 30 15 13 29 20 14 13 21 19 20 11 0 0 0 0 0 0 0 0 28 20 27 18 19 22 12 24 0 0 0 0 
0 0 0 0 0 0 0 0 0 0 0 0 0 0 0 0 0 0 0 0 0 0 0 0 0 0 0 0 0 0 0 0 0 0 0 0 26 13 15 13 
22 30 10 26 0 0 0 0 0 0 0 0 0 0 0 0 0 0 0 0 0 0 0 0 0 0 0 0 0 0 0 0 0 0 0 0 0 0 0 0 
0 0 0 0 0 0 0 0 0 0 0 0 11 21 15 24 11 23 17 29 0 0 0 0 29 10 30 19 0 0 0 0 10 27 27 18 0 0 0 0 
0 0 0 0 20 23 11 23 0 0 0 0 18 15 28 15 16 15 13 27 0 0 0 0 15 10 11 26 29 24 16 17 28 26 30 15 0 0 0 0 
0 0 0 0 14 26 16 10 0 0 0 0 29 19 17 13 18 12 18 12 0 0 0 0 30 11 15 16 16 20 21 18 13 29 16 11 0 0 0 0 
0 0 0 0 0 0 0 0 0 0 0 0 0 0 0 0 0 0 0 0 0 0 0 0 0 0 0 0 0 0 0 0 0 0 0 0 10 15 13 22 
27 22 22 26 0 0 0 0 0 0 0 0 0 0 0 0 0 0 0 0 0 0 0 0 0 0 0 0 0 0 0 0 0 0 0 0 0 0 0 0 
0 0 0 0 20 19 29 14 24 19 12 28 19 29 24 29 0 0 0 0 0 0 0 0 0 0 0 0 0 0 0 0 0 0 0 0 0 0 0 0 
0 0 0 0 26 23 30 21 23 15 21 23 30 16 28 25 11 20 13 21 29 24 29 22 0 0 0 0 26 22 22 22 12 20 20 12 0 0 0 0 
0 0 0 0 22 17 11 23 0 0 0 0 24 18 16 28 15 16 24 13 0 0 0 0 0 0 0 0 0 0 0 0 12 19 19 30 0 0 0 0 
0 0 0 0 0 0 0 0 0 0 0 0 0 0 0 0 0 0 0 0 0 0 0 0 0 0 0 0 0 0 0 0 0 0 0 0 11 29 30 15 
14 15 10 14 0 0 0 0 0 0 0 0 0 0 0 0 0 0 0 0 0 0 0 0 0 0 0 0 0 0 0 0 0 0 0 0 0 0 0 0 
0 0 0 0 26 12 30 23 17 20 28 17 27 11 12 21 28 29 14 11 13 23 16 30 0 0 0 0 29 21 15 20 12 26 20 12 0 0 0 0 
0 0 0 0 0 0 0 0 0 0 0 0 0 0 0 0 30 12 25 12 0 0 0 0 0 0 0 0 0 0 0 0 0 0 0 0 0 0 0 0 
0 0 0 0 0 0 0 0 14 28 17 24 0 0 0 0 0 0 0 0 0 0 0 0 0 0 0 0 0 0 0 0 0 0 0 0 0 0 0 0 
0 0 0 0 0 0 0 0 0 0 0 0 0 0 0 0 0 0 0 0 0 0 0 0 0 0 0 0 0 0 0 0 0 0 0 0 16 15 27 18 
22 15 15 10 0 0 0 0 0 0 0 0 0 0 0 0 0 0 0 0 0 0 0 0 0 0 0 0 0 0 0 0 0 0 0 0 0 0 0 0 
0 0 0 0 12 12 28 17 18 24 22 26 0 0 0 0 0 0 0 0 26 10 12 17 13 28 30 13 21 12 26 25 22 19 20 24 0 0 0 0 
0 0 0 0 22 30 20 12 25 28 25 13 11 11 21 24 25 29 30 28 30 24 21 24 0 0 0 0 11 30 23 23 24 26 29 12 0 0 0 0 
0 0 0 0 0 0 0 0 0 0 0 0 0 0 0 0 27 12 11 15 0 0 0 0 18 12 28 24 0 0 0 0 0 0 0 0 0 0 0 0 
0 0 0 0 0 0 0 0 0 0 0 0 0 0 0 0 0 0 0 0 0 0 0 0 0 0 0 0 0 0 0 0 0 0 0 0 22 20 18 11 
10 26 13 28 0 0 0 0 0 0 0 0 0 0 0 0 0 0 0 0 0 0 0 0 0 0 0 0 0 0 0 0 0 0 0 0 0 0 0 0 
0 0 0 0 0 0 0 0 0 0 0 0 0 0 0 0 11 26 28 10 0 0 0 0 0 0 0 0 0 0 0 0 0 0 0 0 0 0 0 0 
0 0 0 0 0 0 0 0 26 12 30 29 27 13 10 29 21 16 11 24 0 0 0 0 21 19 16 29 12 16 14 18 12 15 16 11 0 0 0 0 
0 0 0 0 0 0 0 0 30 24 16 22 0 0 0 0 27 15 21 17 0 0 0 0 0 0 0 0 12 21 18 12 22 12 15 12 0 0 0 0 
0 0 0 0 0 0 0 0 0 0 0 0 0 0 0 0 0 0 0 0 0 0 0 0 0 0 0 0 0 0 0 0 0 0 0 0 22 26 18 18 
21 25 24 16 0 0 0 0 0 0 0 0 0 0 0 0 0 0 0 0 0 0 0 0 0 0 0 0 0 0 0 0 0 0 0 0 0 0 0 0 
0 0 0 0 0 0 0 0 0 0 0 0 0 0 0 0 27 11 25 19 18 12 13 12 30 22 19 19 0 0 0 0 0 0 0 0 0 0 0 0 
0 0 0 0 29 18 13 20 0 0 0 0 12 11 10 18 14 27 30 18 13 20 12 15 27 16 17 22 25 14 13 12 10 13 28 12 0 0 0 0 
0 0 0 0 12 12 25 14 22 10 10 13 15 10 24 24 18 12 23 28 28 20 20 23 28 12 18 19 0 0 0 0 21 29 24 22 0 0 0 0 
0 0 0 0 0 0 0 0 0 0 0 0 0 0 0 0 0 0 0 0 0 0 0 0 0 0 0 0 0 0 0 0 0 0 0 0 17 28 21 21 
20 23 15 15 0 0 0 0 0 0 0 0 0 0 0 0 0 0 0 0 0 0 0 0 0 0 0 0 0 0 0 0 0 0 0 0 0 0 0 0 
0 0 0 0 12 14 14 28 0 0 0 0 0 0 0 0 0 0 0 0 0 0 0 0 0 0 0 0 0 0 0 0 0 0 0 0 0 0 0 0 
0 0 0 0 24 18 23 23 16 29 10 30 0 0 0 0 0 0 0 0 0 0 0 0 0 0 0 0 22 22 26 21 14 21 14 30 0 0 0 0 
0 0 0 0 20 14 21 30 10 23 23 15 0 0 0 0 20 25 21 19 21 15 23 10 21 22 17 22 12 24 25 16 0 0 0 0 0 0 0 0 
0 0 0 0 0 0 0 0 0 0 0 0 0 0 0 0 0 0 0 0 0 0 0 0 0 0 0 0 0 0 0 0 0 0 0 0 22 27 20 27 
26 28 14 18 0 0 0 0 0 0 0 0 0 0 0 0 0 0 0 0 0 0 0 0 0 0 0 0 0 0 0 0 0 0 0 0 0 0 0 0 
0 0 0 0 27 13 16 12 0 0 0 0 27 29 15 10 30 18 18 13 23 29 15 16 0 0 0 0 0 0 0 0 0 0 0 0 0 0 0 0 
0 0 0 0 0 0 0 0 0 0 0 0 14 30 11 10 0 0 0 0 0 0 0 0 26 15 21 26 0 0 0 0 0 0 0 0 0 0 0 0 
0 0 0 0 0 0 0 0 0 0 0 0 0 0 0 0 0 0 0 0 0 0 0 0 22 15 30 25 0 0 0 0 25 12 22 19 0 0 0 0 
0 0 0 0 0 0 0 0 0 0 0 0 0 0 0 0 0 0 0 0 0 0 0 0 0 0 0 0 0 0 0 0 0 0 0 0 19 27 18 10 
23 28 19 21 0 0 0 0 0 0 0 0 0 0 0 0 0 0 0 0 0 0 0 0 0 0 0 0 0 0 0 0 0 0 0 0 0 0 0 0 
0 0 0 0 0 0 0 0 25 30 26 15 0 0 0 0 0 0 0 0 0 0 0 0 0 0 0 0 0 0 0 0 0 0 0 0 0 0 0 0 
0 0 0 0 0 0 0 0 30 16 24 19 19 15 20 15 22 20 28 25 23 17 29 19 19 13 14 10 30 22 24 26 30 25 20 20 0 0 0 0 
0 0 0 0 0 0 0 0 0 0 0 0 0 0 0 0 17 14 30 15 24 26 25 10 0 0 0 0 0 0 0 0 0 0 0 0 0 0 0 0 
0 0 0 0 0 0 0 0 0 0 0 0 0 0 0 0 0 0 0 0 0 0 0 0 0 0 0 0 0 0 0 0 0 0 0 0 15 12 26 27 
23 29 28 13 0 0 0 0 0 0 0 0 0 0 0 0 0 0 0 0 0 0 0 0 0 0 0 0 0 0 0 0 0 0 0 0 0 0 0 0 
0 0 0 0 0 0 0 0 21 30 26 24 14 19 17 20 14 22 16 14 26 27 12 21 0 0 0 0 13 10 16 25 29 21 11 15 0 0 0 0 
0 0 0 0 0 0 0 0 25 14 19 21 0 0 0 0 0 0 0 0 0 0 0 0 14 15 24 14 0 0 0 0 24 15 10 10 0 0 0 0 
0 0 0 0 19 24 20 20 0 0 0 0 15 17 29 18 0 0 0 0 0 0 0 0 0 0 0 0 11 25 10 10 0 0 0 0 0 0 0 0 
0 0 0 0 0 0 0 0 0 0 0 0 0 0 0 0 0 0 0 0 0 0 0 0 0 0 0 0 0 0 0 0 0 0 0 0 11 15 24 18 
21 25 13 22 0 0 0 0 0 0 0 0 0 0 0 0 0 0 0 0 0 0 0 0 0 0 0 0 0 0 0 0 0 0 0 0 0 0 0 0 
0 0 0 0 30 21 11 17 0 0 0 0 0 0 0 0 0 0 0 0 0 0 0 0 21 22 29 11 0 0 0 0 0 0 0 0 0 0 0 0 
0 0 0 0 0 0 0 0 0 0 0 0 0 0 0 0 0 0 0 0 0 0 0 0 0 0 0 0 0 0 0 0 11 14 22 12 0 0 0 0 
0 0 0 0 21 10 19 23 25 25 19 10 23 30 21 13 24 13 23 19 25 13 20 20 21 23 25 14 0 0 0 0 12 14 22 21 0 0 0 0 
0 0 0 0 0 0 0 0 0 0 0 0 0 0 0 0 0 0 0 0 0 0 0 0 0 0 0 0 0 0 0 0 0 0 0 0 22 10 24 11 
11 11 16 25 0 0 0 0 0 0 0 0 0 0 0 0 0 0 0 0 0 0 0 0 0 0 0 0 0 0 0 0 0 0 0 0 0 0 0 0 
0 0 0 0 0 0 0 0 0 0 0 0 24 17 11 25 0 0 0 0 21 27 30 20 0 0 0 0 16 15 30 26 0 0 0 0 0 0 0 0 
0 0 0 0 10 19 10 18 0 0 0 0 11 12 20 13 0 0 0 0 0 0 0 0 0 0 0 0 23 22 30 23 10 23 22 22 0 0 0 0 
0 0 0 0 26 22 17 12 12 21 11 25 18 13 19 19 0 0 0 0 0 0 0 0 11 14 25 13 0 0 0 0 26 28 30 16 0 0 0 0 
0 0 0 0 0 0 0 0 0 0 0 0 0 0 0 0 0 0 0 0 0 0 0 0 0 0 0 0 0 0 0 0 0 0 0 0 10 20 21 13 
28 17 28 23 0 0 0 0 0 0 0 0 0 0 0 0 0 0 0 0 0 0 0 0 0 0 0 0 0 0 0 0 0 0 0 0 0 0 0 0 
0 0 0 0 19 25 29 22 11 24 13 28 14 24 15 22 30 28 21 21 23 27 14 10 13 18 30 20 22 15 13 12 0 0 0 0 0 0 0 0 
0 0 0 0 27 22 25 20 13 29 16 17 11 22 12 27 17 19 17 26 0 0 0 0 15 25 30 24 13 24 10 24 10 25 25 23 0 0 0 0 
0 0 0 0 0 0 0 0 0 0 0 0 21 12 18 21 17 19 16 21 0 0 0 0 12 28 13 23 20 11 24 21 21 25 13 27 0 0 0 0 
0 0 0 0 0 0 0 0 0 0 0 0 0 0 0 0 0 0 0 0 0 0 0 0 0 0 0 0 0 0 0 0 0 0 0 0 29 27 18 14 
24 19 21 25 0 0 0 0 0 0 0 0 0 0 0 0 0 0 0 0 0 0 0 0 0 0 0 0 0 0 0 0 0 0 0 0 0 0 0 0 
0 0 0 0 0 0 0 0 0 0 0 0 18 10 25 23 0 0 0 0 19 26 13 10 22 24 24 27 0 0 0 0 0 0 0 0 0 0 0 0 
0 0 0 0 27 22 26 16 17 18 26 17 23 17 27 28 25 16 24 24 27 25 17 10 12 24 25 22 29 28 28 22 11 22 10 14 0 0 0 0 
0 0 0 0 0 0 0 0 0 0 0 0 25 16 29 28 16 22 29 30 0 0 0 0 20 22 27 12 0 0 0 0 13 18 15 27 0 0 0 0 
0 0 0 0 0 0 0 0 0 0 0 0 0 0 0 0 0 0 0 0 0 0 0 0 0 0 0 0 0 0 0 0 0 0 0 0 14 18 28 14 
11 20 12 14 0 0 0 0 0 0 0 0 0 0 0 0 0 0 0 0 0 0 0 0 0 0 0 0 0 0 0 0 0 0 0 0 0 0 0 0 
0 0 0 0 0 0 0 0 0 0 0 0 0 0 0 0 10 20 29 12 11 29 15 27 13 29 11 23 0 0 0 0 14 18 11 17 0 0 0 0 
0 0 0 0 0 0 0 0 0 0 0 0 15 11 22 23 19 16 30 19 0 0 0 0 25 25 15 14 30 30 26 12 24 16 23 17 0 0 0 0 
0 0 0 0 10 26 22 21 11 30 24 15 27 20 21 12 23 16 11 22 22 17 10 16 22 11 25 13 17 13 23 25 0 0 0 0 0 0 0 0 
0 0 0 0 0 0 0 0 0 0 0 0 0 0 0 0 0 0 0 0 0 0 0 0 0 0 0 0 0 0 0 0 0 0 0 0 30 30 14 11 
18 19 27 29 0 0 0 0 0 0 0 0 0 0 0 0 0 0 0 0 0 0 0 0 0 0 0 0 0 0 0 0 0 0 0 0 0 0 0 0 
0 0 0 0 20 18 27 23 29 15 24 26 10 23 21 28 0 0 0 0 0 0 0 0 28 24 21 22 28 30 17 20 18 14 28 30 0 0 0 0 
0 0 0 0 0 0 0 0 0 0 0 0 0 0 0 0 0 0 0 0 24 24 25 20 10 28 28 19 0 0 0 0 0 0 0 0 0 0 0 0 
0 0 0 0 10 16 14 14 0 0 0 0 0 0 0 0 0 0 0 0 19 27 13 13 0 0 0 0 18 19 20 14 0 0 0 0 0 0 0 0 
0 0 0 0 0 0 0 0 0 0 0 0 0 0 0 0 0 0 0 0 0 0 0 0 0 0 0 0 0 0 0 0 0 0 0 0 27 26 26 19 
11 11 27 10 0 0 0 0 0 0 0 0 0 0 0 0 0 0 0 0 0 0 0 0 0 0 0 0 0 0 0 0 0 0 0 0 0 0 0 0 
0 0 0 0 26 28 24 29 28 23 16 10 17 22 22 13 18 23 10 14 23 25 23 25 0 0 0 0 19 20 28 28 30 12 27 28 0 0 0 0 
0 0 0 0 11 17 30 21 0 0 0 0 14 20 21 17 18 18 11 26 0 0 0 0 0 0 0 0 0 0 0 0 0 0 0 0 0 0 0 0 
0 0 0 0 15 24 22 13 17 27 14 14 12 15 18 12 15 15 21 26 18 29 11 11 26 15 12 20 28 12 30 22 29 11 29 17 0 0 0 0 
0 0 0 0 0 0 0 0 0 0 0 0 0 0 0 0 0 0 0 0 0 0 0 0 0 0 0 0 0 0 0 0 0 0 0 0 12 20 21 11 
23 27 28 10 0 0 0 0 0 0 0 0 0 0 0 0 0 0 0 0 0 0 0 0 0 0 0 0 0 0 0 0 0 0 0 0 0 0 0 0 
0 0 0 0 28 19 10 28 0 0 0 0 25 16 28 30 29 24 18 26 0 0 0 0 17 16 22 17 18 14 12 29 0 0 0 0 0 0 0 0 
0 0 0 0 27 21 15 29 0 0 0 0 21 27 22 26 13 17 28 20 10 16 11 15 0 0 0 0 15 24 29 10 0 0 0 0 0 0 0 0 
0 0 0 0 0 0 0 0 23 19 17 13 25 25 13 28 15 21 10 30 0 0 0 0 20 13 11 29 0 0 0 0 11 15 15 12 0 0 0 0 
0 0 0 0 0 0 0 0 0 0 0 0 0 0 0 0 0 0 0 0 0 0 0 0 0 0 0 0 0 0 0 0 0 0 0 0 12 29 10 25 
30 27 15 15 0 0 0 0 0 0 0 0 0 0 0 0 0 0 0 0 0 0 0 0 0 0 0 0 0 0 0 0 0 0 0 0 0 0 0 0 
0 0 0 0 29 26 23 25 10 10 13 15 0 0 0 0 0 0 0 0 25 11 29 22 22 15 21 28 0 0 0 0 17 11 25 20 0 0 0 0 
0 0 0 0 0 0 0 0 20 16 15 13 0 0 0 0 28 20 17 26 26 16 29 12 0 0 0 0 23 19 26 15 18 28 18 11 0 0 0 0 
0 0 0 0 10 13 22 16 0 0 0 0 0 0 0 0 0 0 0 0 0 0 0 0 0 0 0 0 0 0 0 0 0 0 0 0 0 0 0 0 
0 0 0 0 0 0 0 0 0 0 0 0 0 0 0 0 0 0 0 0 0 0 0 0 0 0 0 0 0 0 0 0 0 0 0 0 14 25 12 19 
24 21 19 21 0 0 0 0 0 0 0 0 0 0 0 0 0 0 0 0 0 0 0 0 0 0 0 0 0 0 0 0 0 0 0 0 0 0 0 0 
0 0 0 0 0 0 0 0 0 0 0 0 23 13 14 26 21 30 12 25 24 28 25 17 16 16 10 16 27 14 14 28 0 0 0 0 0 0 0 0 
0 0 0 0 11 30 29 26 0 0 0 0 16 10 14 11 0 0 0 0 13 19 21 14 0 0 0 0 0 0 0 0 0 0 0 0 0 0 0 0 
0 0 0 0 11 12 18 20 28 20 23 17 0 0 0 0 0 0 0 0 0 0 0 0 26 30 10 16 0 0 0 0 27 29 22 26 0 0 0 0 
0 0 0 0 0 0 0 0 0 0 0 0 0 0 0 0 0 0 0 0 0 0 0 0 0 0 0 0 0 0 0 0 0 0 0 0 22 22 15 23 
24 10 11 19 0 0 0 0 0 0 0 0 0 0 0 0 0 0 0 0 0 0 0 0 0 0 0 0 0 0 0 0 0 0 0 0 0 0 0 0 
0 0 0 0 0 0 0 0 15 18 21 20 0 0 0 0 0 0 0 0 0 0 0 0 0 0 0 0 0 0 0 0 12 22 11 15 0 0 0 0 
0 0 0 0 0 0 0 0 0 0 0 0 0 0 0 0 0 0 0 0 13 27 29 24 0 0 0 0 0 0 0 0 29 13 26 16 0 0 0 0 
0 0 0 0 14 19 21 14 23 25 19 26 15 18 30 10 17 28 10 11 0 0 0 0 0 0 0 0 0 0 0 0 12 18 28 30 0 0 0 0 
0 0 0 0 0 0 0 0 0 0 0 0 0 0 0 0 0 0 0 0 0 0 0 0 0 0 0 0 0 0 0 0 0 0 0 0 24 10 29 26 
25 24 29 11 0 0 0 0 0 0 0 0 0 0 0 0 0 0 0 0 0 0 0 0 0 0 0 0 0 0 0 0 0 0 0 0 0 0 0 0 
0 0 0 0 27 25 27 21 30 30 15 28 19 11 15 11 11 17 19 24 11 24 10 12 28 28 14 21 26 13 15 25 16 28 27 24 0 0 0 0 
0 0 0 0 0 0 0 0 0 0 0 0 0 0 0 0 0 0 0 0 0 0 0 0 0 0 0 0 28 12 28 14 0 0 0 0 0 0 0 0 
0 0 0 0 27 18 22 10 0 0 0 0 0 0 0 0 20 20 27 23 21 25 13 23 0 0 0 0 10 22 16 22 25 18 29 20 0 0 0 0 
0 0 0 0 0 0 0 0 0 0 0 0 0 0 0 0 0 0 0 0 0 0 0 0 0 0 0 0 0 0 0 0 0 0 0 0 10 23 30 11 
10 22 27 22 0 0 0 0 0 0 0 0 0 0 0 0 0 0 0 0 0 0 0 0 0 0 0 0 0 0 0 0 0 0 0 0 0 0 0 0 
0 0 0 0 17 28 16 27 0 0 0 0 21 28 29 17 0 0 0 0 0 0 0 0 0 0 0 0 19 11 16 27 0 0 0 0 0 0 0 0 
0 0 0 0 0 0 0 0 0 0 0 0 0 0 0 0 11 23 23 26 0 0 0 0 0 0 0 0 23 12 29 11 0 0 0 0 0 0 0 0 
0 0 0 0 0 0 0 0 22 20 16 17 0 0 0 0 10 18 14 30 0 0 0 0 13 19 29 27 16 10 12 14 21 30 17 19 0 0 0 0 
0 0 0 0 0 0 0 0 0 0 0 0 0 0 0 0 0 0 0 0 0 0 0 0 0 0 0 0 0 0 0 0 0 0 0 0 14 12 18 11 
26 14 25 19 0 0 0 0 0 0 0 0 0 0 0 0 0 0 0 0 0 0 0 0 0 0 0 0 0 0 0 0 0 0 0 0 0 0 0 0 
0 0 0 0 0 0 0 0 0 0 0 0 0 0 0 0 0 0 0 0 26 15 25 25 0 0 0 0 13 17 12 27 15 26 21 22 0 0 0 0 
0 0 0 0 0 0 0 0 0 0 0 0 0 0 0 0 22 18 13 11 0 0 0 0 0 0 0 0 0 0 0 0 0 0 0 0 0 0 0 0 
0 0 0 0 12 28 29 29 18 27 13 20 29 14 18 28 0 0 0 0 0 0 0 0 25 10 21 10 28 15 19 30 28 12 27 20 0 0 0 0 
0 0 0 0 0 0 0 0 0 0 0 0 0 0 0 0 0 0 0 0 0 0 0 0 0 0 0 0 0 0 0 0 0 0 0 0 30 14 13 12 
11 11 12 12 0 0 0 0 0 0 0 0 0 0 0 0 0 0 0 0 0 0 0 0 0 0 0 0 0 0 0 0 0 0 0 0 0 0 0 0 
0 0 0 0 0 0 0 0 11 18 14 13 0 0 0 0 0 0 0 0 0 0 0 0 0 0 0 0 0 0 0 0 0 0 0 0 0 0 0 0 
0 0 0 0 0 0 0 0 0 0 0 0 0 0 0 0 0 0 0 0 0 0 0 0 0 0 0 0 0 0 0 0 16 16 26 30 0 0 0 0 
0 0 0 0 0 0 0 0 20 18 14 18 30 17 23 11 26 16 21 28 11 11 11 20 27 22 17 14 14 13 17 27 22 15 28 23 0 0 0 0 
0 0 0 0 0 0 0 0 0 0 0 0 0 0 0 0 0 0 0 0 0 0 0 0 0 0 0 0 0 0 0 0 0 0 0 0 29 15 26 23 
28 18 15 19 0 0 0 0 0 0 0 0 0 0 0 0 0 0 0 0 0 0 0 0 0 0 0 0 0 0 0 0 0 0 0 0 0 0 0 0 
0 0 0 0 0 0 0 0 27 16 25 12 0 0 0 0 0 0 0 0 29 25 27 14 0 0 0 0 20 28 10 29 25 17 10 26 0 0 0 0 
0 0 0 0 0 0 0 0 0 0 0 0 27 21 28 27 12 14 22 15 26 24 29 29 23 22 12 12 21 24 16 27 0 0 0 0 0 0 0 0 
0 0 0 0 0 0 0 0 0 0 0 0 19 11 14 28 0 0 0 0 19 21 10 19 15 21 21 14 18 18 14 26 0 0 0 0 0 0 0 0 
0 0 0 0 0 0 0 0 0 0 0 0 0 0 0 0 0 0 0 0 0 0 0 0 0 0 0 0 0 0 0 0 0 0 0 0 25 13 22 26 
13 29 24 17 0 0 0 0 0 0 0 0 0 0 0 0 0 0 0 0 0 0 0 0 0 0 0 0 0 0 0 0 0 0 0 0 0 0 0 0 
0 0 0 0 24 23 30 24 30 29 30 23 28 19 23 24 24 15 24 18 28 30 14 22 28 19 20 20 14 25 19 23 12 21 22 23 0 0 0 0 
0 0 0 0 10 13 19 17 15 27 26 24 21 19 30 19 29 22 18 20 0 0 0 0 30 11 12 11 0 0 0 0 0 0 0 0 0 0 0 0 
0 0 0 0 13 26 25 24 15 14 12 17 20 16 16 13 0 0 0 0 12 20 13 10 0 0 0 0 10 17 11 27 18 27 12 28 0 0 0 0 
0 0 0 0 0 0 0 0 0 0 0 0 0 0 0 0 0 0 0 0 0 0 0 0 0 0 0 0 0 0 0 0 0 0 0 0 30 14 11 17 
11 13 25 15 0 0 0 0 0 0 0 0 0 0 0 0 0 0 0 0 0 0 0 0 0 0 0 0 0 0 0 0 0 0 0 0 0 0 0 0 
0 0 0 0 18 16 28 30 0 0 0 0 0 0 0 0 15 12 25 29 0 0 0 0 0 0 0 0 18 17 20 10 0 0 0 0 0 0 0 0 
0 0 0 0 0 0 0 0 30 19 22 28 0 0 0 0 20 30 25 15 0 0 0 0 0 0 0 0 0 0 0 0 0 0 0 0 0 0 0 0 
0 0 0 0 17 23 17 30 24 27 18 18 20 14 17 24 12 22 26 13 27 20 15 17 18 16 20 27 28 21 28 21 11 12 11 27 0 0 0 0 
0 0 0 0 0 0 0 0 0 0 0 0 0 0 0 0 0 0 0 0 0 0 0 0 0 0 0 0 0 0 0 0 0 0 0 0 13 12 11 16 
13 28 28 18 0 0 0 0 0 0 0 0 0 0 0 0 0 0 0 0 0 0 0 0 0 0 0 0 0 0 0 0 0 0 0 0 0 0 0 0 
0 0 0 0 21 28 12 25 19 19 21 19 29 18 20 26 0 0 0 0 18 15 17 20 23 29 14 11 12 28 20 10 20 29 17 19 0 0 0 0 
0 0 0 0 27 30 14 27 10 21 30 25 22 18 23 12 20 20 13 14 17 26 29 17 14 15 23 10 28 25 24 16 19 24 29 25 0 0 0 0 
0 0 0 0 0 0 0 0 0 0 0 0 24 18 14 27 0 0 0 0 0 0 0 0 0 0 0 0 0 0 0 0 0 0 0 0 0 0 0 0 
0 0 0 0 0 0 0 0 0 0 0 0 0 0 0 0 0 0 0 0 0 0 0 0 0 0 0 0 0 0 0 0 0 0 0 0 29 10 25 30 
30 22 27 21 0 0 0 0 0 0 0 0 0 0 0 0 0 0 0 0 0 0 0 0 0 0 0 0 0 0 0 0 0 0 0 0 0 0 0 0 
0 0 0 0 21 11 23 29 13 20 12 24 26 20 10 24 25 22 12 23 25 15 14 14 20 21 15 30 17 24 11 15 19 26 17 18 0 0 0 0 
0 0 0 0 0 0 0 0 0 0 0 0 0 0 0 0 18 14 20 10 13 20 17 27 29 21 12 23 17 22 29 19 19 19 30 23 0 0 0 0 
0 0 0 0 11 29 11 13 16 30 14 13 19 15 16 25 15 18 13 27 0 0 0 0 21 10 26 22 27 21 24 14 25 28 13 11 0 0 0 0 
0 0 0 0 0 0 0 0 0 0 0 0 0 0 0 0 0 0 0 0 0 0 0 0 0 0 0 0 0 0 0 0 0 0 0 0 26 15 10 13 
11 30 24 29 0 0 0 0 0 0 0 0 0 0 0 0 0 0 0 0 0 0 0 0 0 0 0 0 0 0 0 0 0 0 0 0 0 0 0 0 
0 0 0 0 16 23 18 30 0 0 0 0 0 0 0 0 0 0 0 0 0 0 0 0 0 0 0 0 0 0 0 0 0 0 0 0 0 0 0 0 
0 0 0 0 30 19 12 29 0 0 0 0 0 0 0 0 22 16 11 13 0 0 0 0 0 0 0 0 0 0 0 0 0 0 0 0 0 0 0 0 
0 0 0 0 25 16 21 20 21 17 23 30 29 15 14 28 16 14 10 23 0 0 0 0 0 0 0 0 0 0 0 0 0 0 0 0 0 0 0 0 
0 0 0 0 0 0 0 0 0 0 0 0 0 0 0 0 0 0 0 0 0 0 0 0 0 0 0 0 0 0 0 0 0 0 0 0 21 28 12 16 
10 21 28 26 0 0 0 0 0 0 0 0 0 0 0 0 0 0 0 0 0 0 0 0 0 0 0 0 0 0 0 0 0 0 0 0 0 0 0 0 
0 0 0 0 0 0 0 0 0 0 0 0 10 13 12 17 0 0 0 0 29 28 13 30 0 0 0 0 0 0 0 0 0 0 0 0 0 0 0 0 
0 0 0 0 0 0 0 0 0 0 0 0 0 0 0 0 22 30 11 30 0 0 0 0 0 0 0 0 0 0 0 0 0 0 0 0 0 0 0 0 
0 0 0 0 16 11 14 11 19 18 24 10 21 10 29 21 11 23 13 12 19 11 27 29 12 23 25 27 10 25 30 17 29 26 24 15 0 0 0 0 
0 0 0 0 0 0 0 0 0 0 0 0 0 0 0 0 0 0 0 0 0 0 0 0 0 0 0 0 0 0 0 0 0 0 0 0 19 22 12 13 
22 14 15 25 0 0 0 0 0 0 0 0 0 0 0 0 0 0 0 0 0 0 0 0 0 0 0 0 0 0 0 0 0 0 0 0 0 0 0 0 
0 0 0 0 25 30 17 19 0 0 0 0 0 0 0 0 0 0 0 0 0 0 0 0 26 17 27 15 0 0 0 0 0 0 0 0 0 0 0 0 
0 0 0 0 0 0 0 0 18 30 21 26 14 15 11 17 29 15 15 28 27 10 16 22 17 12 21 28 14 19 24 28 21 29 13 29 0 0 0 0 
0 0 0 0 27 28 12 28 19 30 17 23 30 19 13 30 15 30 12 16 16 18 18 13 16 30 12 22 21 22 12 26 28 14 21 17 0 0 0 0 
0 0 0 0 0 0 0 0 0 0 0 0 0 0 0 0 0 0 0 0 0 0 0 0 0 0 0 0 0 0 0 0 0 0 0 0 15 19 18 21 
29 10 25 13 0 0 0 0 0 0 0 0 0 0 0 0 0 0 0 0 0 0 0 0 0 0 0 0 0 0 0 0 0 0 0 0 0 0 0 0 
0 0 0 0 0 0 0 0 30 11 20 14 0 0 0 0 16 10 16 20 0 0 0 0 0 0 0 0 0 0 0 0 0 0 0 0 0 0 0 0 
0 0 0 0 14 30 10 23 0 0 0 0 14 20 28 29 18 21 25 28 0 0 0 0 0 0 0 0 0 0 0 0 16 22 27 18 0 0 0 0 
0 0 0 0 13 12 19 28 27 22 19 19 25 14 21 16 24 18 21 15 24 30 26 14 26 23 28 24 10 22 23 12 28 10 26 30 0 0 0 0 
0 0 0 0 0 0 0 0 0 0 0 0 0 0 0 0 0 0 0 0 0 0 0 0 0 0 0 0 0 0 0 0 0 0 0 0 22 11 15 13 
23 18 10 20 0 0 0 0 0 0 0 0 0 0 0 0 0 0 0 0 0 0 0 0 0 0 0 0 0 0 0 0 0 0 0 0 0 0 0 0 
0 0 0 0 30 10 18 22 18 14 10 14 0 0 0 0 29 20 12 13 0 0 0 0 14 19 29 21 22 11 30 15 0 0 0 0 0 0 0 0 
0 0 0 0 18 19 29 15 20 11 12 18 22 10 16 19 0 0 0 0 15 15 28 27 26 25 28 29 10 23 12 20 12 18 24 30 0 0 0 0 
0 0 0 0 0 0 0 0 19 26 23 30 27 25 14 10 30 22 21 29 15 21 10 14 25 11 13 21 13 15 21 21 13 13 30 24 0 0 0 0 
0 0 0 0 0 0 0 0 0 0 0 0 0 0 0 0 0 0 0 0 0 0 0 0 0 0 0 0 0 0 0 0 0 0 0 0 14 24 14 18 
12 16 30 29 0 0 0 0 0 0 0 0 0 0 0 0 0 0 0 0 0 0 0 0 0 0 0 0 0 0 0 0 0 0 0 0 0 0 0 0 
0 0 0 0 12 28 18 25 25 13 10 16 26 16 20 24 29 21 30 12 18 12 24 24 12 19 21 13 12 14 16 13 11 28 20 22 0 0 0 0 
0 0 0 0 0 0 0 0 29 19 10 28 10 28 15 15 0 0 0 0 0 0 0 0 0 0 0 0 0 0 0 0 0 0 0 0 0 0 0 0 
0 0 0 0 0 0 0 0 28 11 20 16 0 0 0 0 17 23 18 20 30 19 23 14 0 0 0 0 19 18 28 30 18 29 29 24 0 0 0 0 
0 0 0 0 0 0 0 0 0 0 0 0 0 0 0 0 0 0 0 0 0 0 0 0 0 0 0 0 0 0 0 0 0 0 0 0 16 27 24 28 
10 14 24 28 0 0 0 0 0 0 0 0 0 0 0 0 0 0 0 0 0 0 0 0 0 0 0 0 0 0 0 0 0 0 0 0 0 0 0 0 
0 0 0 0 28 28 20 22 14 12 23 29 13 21 21 19 10 26 22 24 0 0 0 0 29 25 24 12 0 0 0 0 19 21 19 24 0 0 0 0 
0 0 0 0 0 0 0 0 0 0 0 0 26 27 21 28 0 0 0 0 0 0 0 0 0 0 0 0 0 0 0 0 0 0 0 0 0 0 0 0 
0 0 0 0 24 27 21 20 29 23 10 20 25 26 19 28 22 20 12 18 29 17 28 10 12 19 11 24 23 16 25 14 30 10 24 21 0 0 0 0 
0 0 0 0 0 0 0 0 0 0 0 0 0 0 0 0 0 0 0 0 0 0 0 0 0 0 0 0 0 0 0 0 0 0 0 0 19 12 19 19 
21 27 23 16 0 0 0 0 0 0 0 0 0 0 0 0 0 0 0 0 0 0 0 0 0 0 0 0 0 0 0 0 0 0 0 0 0 0 0 0 
0 0 0 0 0 0 0 0 22 20 21 30 23 27 17 12 22 14 28 29 0 0 0 0 22 12 18 27 23 28 27 27 0 0 0 0 0 0 0 0 
0 0 0 0 0 0 0 0 0 0 0 0 0 0 0 0 0 0 0 0 28 16 16 11 0 0 0 0 0 0 0 0 13 23 19 26 0 0 0 0 
0 0 0 0 25 29 30 18 28 29 10 21 19 21 17 18 20 13 27 18 19 18 29 13 29 14 14 15 12 25 30 26 24 14 20 22 0 0 0 0 
0 0 0 0 0 0 0 0 0 0 0 0 0 0 0 0 0 0 0 0 0 0 0 0 0 0 0 0 0 0 0 0 0 0 0 0 11 28 28 28 
12 29 15 14 0 0 0 0 0 0 0 0 0 0 0 0 0 0 0 0 0 0 0 0 0 0 0 0 0 0 0 0 0 0 0 0 0 0 0 0 
0 0 0 0 27 23 16 30 18 19 12 22 0 0 0 0 0 0 0 0 0 0 0 0 10 10 18 26 0 0 0 0 0 0 0 0 0 0 0 0 
0 0 0 0 0 0 0 0 0 0 0 0 25 23 11 19 20 20 14 23 21 10 12 13 0 0 0 0 0 0 0 0 0 0 0 0 0 0 0 0 
0 0 0 0 0 0 0 0 24 27 10 14 30 11 25 12 14 23 13 23 25 22 28 26 0 0 0 0 14 25 16 16 18 20 24 13 0 0 0 0 
0 0 0 0 0 0 0 0 0 0 0 0 0 0 0 0 0 0 0 0 0 0 0 0 0 0 0 0 0 0 0 0 0 0 0 0 29 26 14 14 
30 10 27 16 0 0 0 0 0 0 0 0 0 0 0 0 0 0 0 0 0 0 0 0 0 0 0 0 0 0 0 0 0 0 0 0 0 0 0 0 
0 0 0 0 22 16 26 11 13 12 10 25 14 20 10 10 13 17 27 29 10 15 22 16 22 22 27 28 17 20 12 25 15 27 16 26 0 0 0 0 
0 0 0 0 0 0 0 0 0 0 0 0 0 0 0 0 23 26 23 20 0 0 0 0 0 0 0 0 0 0 0 0 0 0 0 0 0 0 0 0 
0 0 0 0 28 23 20 24 17 28 13 17 16 13 21 10 24 29 22 29 12 12 14 29 17 28 11 23 16 24 12 17 24 23 10 19 0 0 0 0 
0 0 0 0 0 0 0 0 0 0 0 0 0 0 0 0 0 0 0 0 0 0 0 0 0 0 0 0 0 0 0 0 0 0 0 0 11 11 19 27 
27 16 26 18 0 0 0 0 0 0 0 0 0 0 0 0 0 0 0 0 0 0 0 0 0 0 0 0 0 0 0 0 0 0 0 0 0 0 0 0 
0 0 0 0 0 0 0 0 23 26 10 27 0 0 0 0 26 16 21 11 11 24 30 12 26 29 19 22 0 0 0 0 16 10 24 24 0 0 0 0 
0 0 0 0 12 17 27 23 0 0 0 0 0 0 0 0 17 26 15 19 0 0 0 0 20 20 14 25 0 0 0 0 0 0 0 0 0 0 0 0 
0 0 0 0 16 26 20 22 11 17 24 20 30 14 26 22 16 11 12 13 18 23 13 13 0 0 0 0 0 0 0 0 16 11 12 18 0 0 0 0 
0 0 0 0 0 0 0 0 0 0 0 0 0 0 0 0 0 0 0 0 0 0 0 0 0 0 0 0 0 0 0 0 0 0 0 0 19 12 13 28 
25 28 16 26 0 0 0 0 0 0 0 0 0 0 0 0 0 0 0 0 0 0 0 0 0 0 0 0 0 0 0 0 0 0 0 0 0 0 0 0 
0 0 0 0 22 17 12 28 17 25 12 29 10 20 24 23 12 25 24 30 28 21 21 10 18 15 29 28 29 26 17 25 0 0 0 0 0 0 0 0 
0 0 0 0 15 24 12 12 0 0 0 0 0 0 0 0 0 0 0 0 0 0 0 0 18 21 17 29 0 0 0 0 26 17 21 22 0 0 0 0 
0 0 0 0 16 29 27 30 19 29 15 18 24 12 29 15 22 18 25 23 19 22 15 13 24 11 29 25 13 15 12 17 18 19 28 16 0 0 0 0 
0 0 0 0 0 0 0 0 0 0 0 0 0 0 0 0 0 0 0 0 0 0 0 0 0 0 0 0 0 0 0 0 0 0 0 0 14 10 30 11
---------------------
 
Processing cost   (0 -- non-optional machine)
Rows: sequential for each operation of each part; Columns: correspond to machine number
15 17 14 14 0 0 0 0 0 0 0 0 0 0 0 0 0 0 0 0 0 0 0 0 0 0 0 0 0 0 0 0 0 0 0 0 0 0 0 0 
0 0 0 0 20 17 14 12 0 0 0 0 13 19 17 18 0 0 0 0 18 12 11 16 18 11 17 16 20 20 13 11 0 0 0 0 0 0 0 0 
0 0 0 0 0 0 0 0 19 12 15 13 17 13 11 17 12 17 18 19 0 0 0 0 0 0 0 0 0 0 0 0 20 12 13 16 0 0 0 0 
0 0 0 0 12 18 10 16 20 19 17 15 0 0 0 0 19 14 11 17 13 14 14 17 12 11 15 14 13 12 19 13 0 0 0 0 0 0 0 0 
0 0 0 0 0 0 0 0 0 0 0 0 0 0 0 0 0 0 0 0 0 0 0 0 0 0 0 0 0 0 0 0 0 0 0 0 20 10 11 10 
10 11 18 20 0 0 0 0 0 0 0 0 0 0 0 0 0 0 0 0 0 0 0 0 0 0 0 0 0 0 0 0 0 0 0 0 0 0 0 0 
0 0 0 0 0 0 0 0 0 0 0 0 0 0 0 0 11 18 18 13 17 19 13 11 15 10 13 16 0 0 0 0 0 0 0 0 0 0 0 0 
0 0 0 0 14 17 15 18 0 0 0 0 0 0 0 0 0 0 0 0 19 18 11 18 0 0 0 0 0 0 0 0 0 0 0 0 0 0 0 0 
0 0 0 0 0 0 0 0 0 0 0 0 0 0 0 0 0 0 0 0 19 18 18 15 14 12 17 10 0 0 0 0 18 20 15 19 0 0 0 0 
0 0 0 0 0 0 0 0 0 0 0 0 0 0 0 0 0 0 0 0 0 0 0 0 0 0 0 0 0 0 0 0 0 0 0 0 10 11 20 15 
11 19 10 11 0 0 0 0 0 0 0 0 0 0 0 0 0 0 0 0 0 0 0 0 0 0 0 0 0 0 0 0 0 0 0 0 0 0 0 0 
0 0 0 0 0 0 0 0 0 0 0 0 10 12 12 17 14 10 18 20 0 0 0 0 0 0 0 0 11 19 16 10 0 0 0 0 0 0 0 0 
0 0 0 0 0 0 0 0 15 14 15 12 20 13 16 11 0 0 0 0 16 17 19 10 20 19 16 14 0 0 0 0 16 13 12 10 0 0 0 0 
0 0 0 0 0 0 0 0 11 16 13 17 0 0 0 0 0 0 0 0 17 20 13 16 10 13 10 11 0 0 0 0 16 15 11 13 0 0 0 0 
0 0 0 0 0 0 0 0 0 0 0 0 0 0 0 0 0 0 0 0 0 0 0 0 0 0 0 0 0 0 0 0 0 0 0 0 20 19 19 12 
13 15 12 19 0 0 0 0 0 0 0 0 0 0 0 0 0 0 0 0 0 0 0 0 0 0 0 0 0 0 0 0 0 0 0 0 0 0 0 0 
0 0 0 0 0 0 0 0 0 0 0 0 16 12 12 20 0 0 0 0 0 0 0 0 0 0 0 0 0 0 0 0 0 0 0 0 0 0 0 0 
0 0 0 0 0 0 0 0 0 0 0 0 16 17 15 17 0 0 0 0 0 0 0 0 0 0 0 0 19 12 15 12 0 0 0 0 0 0 0 0 
0 0 0 0 17 13 14 20 19 13 14 19 11 17 20 11 17 17 13 17 0 0 0 0 0 0 0 0 0 0 0 0 0 0 0 0 0 0 0 0 
0 0 0 0 0 0 0 0 0 0 0 0 0 0 0 0 0 0 0 0 0 0 0 0 0 0 0 0 0 0 0 0 0 0 0 0 20 19 11 13 
17 17 19 11 0 0 0 0 0 0 0 0 0 0 0 0 0 0 0 0 0 0 0 0 0 0 0 0 0 0 0 0 0 0 0 0 0 0 0 0 
0 0 0 0 20 15 12 19 14 18 12 18 20 15 16 15 16 15 18 16 19 11 18 18 13 15 17 19 20 13 14 10 19 16 14 18 0 0 0 0 
0 0 0 0 12 10 14 15 19 10 12 15 16 15 20 12 20 11 11 17 18 20 12 10 13 19 18 15 19 14 15 17 13 14 16 13 0 0 0 0 
0 0 0 0 18 13 12 15 15 16 15 12 16 13 13 18 14 10 16 14 18 10 14 19 14 10 16 14 20 12 18 17 16 18 20 20 0 0 0 0 
0 0 0 0 0 0 0 0 0 0 0 0 0 0 0 0 0 0 0 0 0 0 0 0 0 0 0 0 0 0 0 0 0 0 0 0 14 12 18 17 
11 12 19 17 0 0 0 0 0 0 0 0 0 0 0 0 0 0 0 0 0 0 0 0 0 0 0 0 0 0 0 0 0 0 0 0 0 0 0 0 
0 0 0 0 0 0 0 0 13 12 17 12 0 0 0 0 20 17 16 15 0 0 0 0 0 0 0 0 16 13 19 17 0 0 0 0 0 0 0 0 
0 0 0 0 0 0 0 0 12 19 15 10 16 13 20 17 18 14 19 15 0 0 0 0 15 20 17 12 0 0 0 0 0 0 0 0 0 0 0 0 
0 0 0 0 10 12 14 13 0 0 0 0 14 11 11 11 15 17 17 15 0 0 0 0 0 0 0 0 0 0 0 0 19 13 19 14 0 0 0 0 
0 0 0 0 0 0 0 0 0 0 0 0 0 0 0 0 0 0 0 0 0 0 0 0 0 0 0 0 0 0 0 0 0 0 0 0 12 19 18 16 
20 15 12 10 0 0 0 0 0 0 0 0 0 0 0 0 0 0 0 0 0 0 0 0 0 0 0 0 0 0 0 0 0 0 0 0 0 0 0 0 
0 0 0 0 19 20 15 14 11 15 11 14 20 13 17 10 14 20 12 13 19 18 15 17 14 16 11 15 0 0 0 0 11 20 14 11 0 0 0 0 
0 0 0 0 11 16 18 20 18 20 12 14 18 17 17 10 15 12 13 20 0 0 0 0 0 0 0 0 13 14 11 11 18 11 12 18 0 0 0 0 
0 0 0 0 15 12 10 19 0 0 0 0 0 0 0 0 0 0 0 0 18 14 13 17 0 0 0 0 0 0 0 0 17 14 19 13 0 0 0 0 
0 0 0 0 0 0 0 0 0 0 0 0 0 0 0 0 0 0 0 0 0 0 0 0 0 0 0 0 0 0 0 0 0 0 0 0 18 18 15 10 
16 13 14 16 0 0 0 0 0 0 0 0 0 0 0 0 0 0 0 0 0 0 0 0 0 0 0 0 0 0 0 0 0 0 0 0 0 0 0 0 
0 0 0 0 15 20 14 11 0 0 0 0 18 16 19 16 13 17 14 10 0 0 0 0 17 19 10 18 0 0 0 0 13 15 14 10 0 0 0 0 
0 0 0 0 11 17 16 16 16 14 11 11 14 11 20 13 19 12 18 14 17 19 15 19 20 13 20 14 19 14 18 12 12 20 14 13 0 0 0 0 
0 0 0 0 0 0 0 0 16 18 14 17 13 16 18 12 13 12 14 14 0 0 0 0 0 0 0 0 13 15 13 13 17 13 16 19 0 0 0 0 
0 0 0 0 0 0 0 0 0 0 0 0 0 0 0 0 0 0 0 0 0 0 0 0 0 0 0 0 0 0 0 0 0 0 0 0 11 11 11 10 
16 14 12 18 0 0 0 0 0 0 0 0 0 0 0 0 0 0 0 0 0 0 0 0 0 0 0 0 0 0 0 0 0 0 0 0 0 0 0 0 
0 0 0 0 0 0 0 0 0 0 0 0 18 15 18 15 10 18 10 10 0 0 0 0 19 12 18 11 0 0 0 0 18 11 13 14 0 0 0 0 
0 0 0 0 20 19 12 11 0 0 0 0 12 16 11 20 11 13 18 13 0 0 0 0 11 20 19 20 10 16 17 14 19 16 10 10 0 0 0 0 
0 0 0 0 19 19 20 12 0 0 0 0 13 10 10 13 14 12 10 20 0 0 0 0 10 14 16 16 10 14 20 11 17 13 20 10 0 0 0 0 
0 0 0 0 0 0 0 0 0 0 0 0 0 0 0 0 0 0 0 0 0 0 0 0 0 0 0 0 0 0 0 0 0 0 0 0 12 18 14 14 
10 20 20 11 0 0 0 0 0 0 0 0 0 0 0 0 0 0 0 0 0 0 0 0 0 0 0 0 0 0 0 0 0 0 0 0 0 0 0 0 
0 0 0 0 11 13 14 15 14 16 12 15 11 20 12 12 0 0 0 0 0 0 0 0 0 0 0 0 0 0 0 0 0 0 0 0 0 0 0 0 
0 0 0 0 19 19 12 12 19 10 12 16 18 18 14 20 13 18 11 12 10 14 17 14 0 0 0 0 13 17 19 16 20 11 19 19 0 0 0 0 
0 0 0 0 20 14 10 20 0 0 0 0 14 15 11 12 19 20 20 14 0 0 0 0 0 0 0 0 0 0 0 0 16 16 14 10 0 0 0 0 
0 0 0 0 0 0 0 0 0 0 0 0 0 0 0 0 0 0 0 0 0 0 0 0 0 0 0 0 0 0 0 0 0 0 0 0 12 15 12 14 
12 10 19 16 0 0 0 0 0 0 0 0 0 0 0 0 0 0 0 0 0 0 0 0 0 0 0 0 0 0 0 0 0 0 0 0 0 0 0 0 
0 0 0 0 11 11 10 15 19 10 17 13 20 14 10 18 18 19 14 15 18 19 17 15 0 0 0 0 18 12 20 19 20 18 12 11 0 0 0 0 
0 0 0 0 0 0 0 0 0 0 0 0 0 0 0 0 19 14 10 13 0 0 0 0 0 0 0 0 0 0 0 0 0 0 0 0 0 0 0 0 
0 0 0 0 0 0 0 0 10 18 17 20 0 0 0 0 0 0 0 0 0 0 0 0 0 0 0 0 0 0 0 0 0 0 0 0 0 0 0 0 
0 0 0 0 0 0 0 0 0 0 0 0 0 0 0 0 0 0 0 0 0 0 0 0 0 0 0 0 0 0 0 0 0 0 0 0 17 10 11 13 
15 11 16 11 0 0 0 0 0 0 0 0 0 0 0 0 0 0 0 0 0 0 0 0 0 0 0 0 0 0 0 0 0 0 0 0 0 0 0 0 
0 0 0 0 14 18 20 11 15 15 13 14 0 0 0 0 0 0 0 0 17 18 11 19 10 16 15 19 12 20 13 18 16 15 10 12 0 0 0 0 
0 0 0 0 16 15 17 13 16 16 15 17 19 20 18 14 20 11 16 14 11 13 11 13 0 0 0 0 19 15 15 17 12 12 12 17 0 0 0 0 
0 0 0 0 0 0 0 0 0 0 0 0 0 0 0 0 12 16 13 14 0 0 0 0 12 18 11 20 0 0 0 0 0 0 0 0 0 0 0 0 
0 0 0 0 0 0 0 0 0 0 0 0 0 0 0 0 0 0 0 0 0 0 0 0 0 0 0 0 0 0 0 0 0 0 0 0 11 17 12 10 
16 15 12 17 0 0 0 0 0 0 0 0 0 0 0 0 0 0 0 0 0 0 0 0 0 0 0 0 0 0 0 0 0 0 0 0 0 0 0 0 
0 0 0 0 0 0 0 0 0 0 0 0 0 0 0 0 13 14 13 10 0 0 0 0 0 0 0 0 0 0 0 0 0 0 0 0 0 0 0 0 
0 0 0 0 0 0 0 0 12 14 17 13 12 20 13 14 18 10 10 16 0 0 0 0 13 10 20 19 11 15 12 12 15 20 16 10 0 0 0 0 
0 0 0 0 0 0 0 0 13 20 18 18 0 0 0 0 17 20 10 20 0 0 0 0 0 0 0 0 10 18 18 19 18 19 15 18 0 0 0 0 
0 0 0 0 0 0 0 0 0 0 0 0 0 0 0 0 0 0 0 0 0 0 0 0 0 0 0 0 0 0 0 0 0 0 0 0 11 14 10 17 
18 13 10 17 0 0 0 0 0 0 0 0 0 0 0 0 0 0 0 0 0 0 0 0 0 0 0 0 0 0 0 0 0 0 0 0 0 0 0 0 
0 0 0 0 0 0 0 0 0 0 0 0 0 0 0 0 14 10 20 20 11 16 18 11 12 11 16 19 0 0 0 0 0 0 0 0 0 0 0 0 
0 0 0 0 17 14 10 13 0 0 0 0 19 12 19 17 20 15 19 20 12 11 20 12 17 12 16 16 20 10 10 10 10 20 18 17 0 0 0 0 
0 0 0 0 20 15 17 19 11 20 20 12 18 18 10 17 11 15 12 15 17 10 13 10 13 20 18 10 0 0 0 0 15 12 13 19 0 0 0 0 
0 0 0 0 0 0 0 0 0 0 0 0 0 0 0 0 0 0 0 0 0 0 0 0 0 0 0 0 0 0 0 0 0 0 0 0 18 16 20 12 
18 19 17 12 0 0 0 0 0 0 0 0 0 0 0 0 0 0 0 0 0 0 0 0 0 0 0 0 0 0 0 0 0 0 0 0 0 0 0 0 
0 0 0 0 10 20 20 15 0 0 0 0 0 0 0 0 0 0 0 0 0 0 0 0 0 0 0 0 0 0 0 0 0 0 0 0 0 0 0 0 
0 0 0 0 11 11 13 17 17 10 14 10 0 0 0 0 0 0 0 0 0 0 0 0 0 0 0 0 15 16 11 18 16 12 14 14 0 0 0 0 
0 0 0 0 10 15 14 16 20 20 11 14 0 0 0 0 14 15 12 19 10 10 19 20 15 20 11 19 17 13 17 12 0 0 0 0 0 0 0 0 
0 0 0 0 0 0 0 0 0 0 0 0 0 0 0 0 0 0 0 0 0 0 0 0 0 0 0 0 0 0 0 0 0 0 0 0 12 18 14 10 
15 10 11 18 0 0 0 0 0 0 0 0 0 0 0 0 0 0 0 0 0 0 0 0 0 0 0 0 0 0 0 0 0 0 0 0 0 0 0 0 
0 0 0 0 12 18 13 18 0 0 0 0 17 13 14 20 18 20 15 19 17 19 11 13 0 0 0 0 0 0 0 0 0 0 0 0 0 0 0 0 
0 0 0 0 0 0 0 0 0 0 0 0 10 16 16 18 0 0 0 0 0 0 0 0 15 15 10 17 0 0 0 0 0 0 0 0 0 0 0 0 
0 0 0 0 0 0 0 0 0 0 0 0 0 0 0 0 0 0 0 0 0 0 0 0 18 16 10 16 0 0 0 0 20 10 17 19 0 0 0 0 
0 0 0 0 0 0 0 0 0 0 0 0 0 0 0 0 0 0 0 0 0 0 0 0 0 0 0 0 0 0 0 0 0 0 0 0 10 14 12 12 
19 17 20 20 0 0 0 0 0 0 0 0 0 0 0 0 0 0 0 0 0 0 0 0 0 0 0 0 0 0 0 0 0 0 0 0 0 0 0 0 
0 0 0 0 0 0 0 0 10 18 13 20 0 0 0 0 0 0 0 0 0 0 0 0 0 0 0 0 0 0 0 0 0 0 0 0 0 0 0 0 
0 0 0 0 0 0 0 0 14 13 13 18 12 11 12 18 16 13 10 13 18 19 18 12 16 19 16 12 10 16 15 10 16 20 16 15 0 0 0 0 
0 0 0 0 0 0 0 0 0 0 0 0 0 0 0 0 16 19 11 17 19 14 11 10 0 0 0 0 0 0 0 0 0 0 0 0 0 0 0 0 
0 0 0 0 0 0 0 0 0 0 0 0 0 0 0 0 0 0 0 0 0 0 0 0 0 0 0 0 0 0 0 0 0 0 0 0 10 17 12 11 
17 15 19 11 0 0 0 0 0 0 0 0 0 0 0 0 0 0 0 0 0 0 0 0 0 0 0 0 0 0 0 0 0 0 0 0 0 0 0 0 
0 0 0 0 0 0 0 0 10 20 19 20 15 19 15 10 12 20 12 15 17 18 17 16 0 0 0 0 15 16 17 14 10 18 20 12 0 0 0 0 
0 0 0 0 0 0 0 0 15 18 12 14 0 0 0 0 0 0 0 0 0 0 0 0 17 17 18 18 0 0 0 0 19 13 20 13 0 0 0 0 
0 0 0 0 20 14 15 19 0 0 0 0 15 19 20 17 0 0 0 0 0 0 0 0 0 0 0 0 13 17 18 13 0 0 0 0 0 0 0 0 
0 0 0 0 0 0 0 0 0 0 0 0 0 0 0 0 0 0 0 0 0 0 0 0 0 0 0 0 0 0 0 0 0 0 0 0 14 14 16 15 
18 11 16 12 0 0 0 0 0 0 0 0 0 0 0 0 0 0 0 0 0 0 0 0 0 0 0 0 0 0 0 0 0 0 0 0 0 0 0 0 
0 0 0 0 18 18 16 11 0 0 0 0 0 0 0 0 0 0 0 0 0 0 0 0 15 20 18 10 0 0 0 0 0 0 0 0 0 0 0 0 
0 0 0 0 0 0 0 0 0 0 0 0 0 0 0 0 0 0 0 0 0 0 0 0 0 0 0 0 0 0 0 0 12 15 17 19 0 0 0 0 
0 0 0 0 16 15 13 13 19 19 14 10 17 13 19 14 12 12 19 15 14 11 13 11 19 10 18 16 0 0 0 0 13 10 17 18 0 0 0 0 
0 0 0 0 0 0 0 0 0 0 0 0 0 0 0 0 0 0 0 0 0 0 0 0 0 0 0 0 0 0 0 0 0 0 0 0 20 19 20 11 
13 10 18 17 0 0 0 0 0 0 0 0 0 0 0 0 0 0 0 0 0 0 0 0 0 0 0 0 0 0 0 0 0 0 0 0 0 0 0 0 
0 0 0 0 0 0 0 0 0 0 0 0 13 16 11 12 0 0 0 0 10 10 11 14 0 0 0 0 11 19 15 20 0 0 0 0 0 0 0 0 
0 0 0 0 13 11 11 20 0 0 0 0 14 11 17 16 0 0 0 0 0 0 0 0 0 0 0 0 14 17 14 13 14 12 15 14 0 0 0 0 
0 0 0 0 12 13 16 19 17 18 16 15 12 11 17 19 0 0 0 0 0 0 0 0 18 18 16 14 0 0 0 0 12 16 11 19 0 0 0 0 
0 0 0 0 0 0 0 0 0 0 0 0 0 0 0 0 0 0 0 0 0 0 0 0 0 0 0 0 0 0 0 0 0 0 0 0 18 19 17 18 
11 10 13 16 0 0 0 0 0 0 0 0 0 0 0 0 0 0 0 0 0 0 0 0 0 0 0 0 0 0 0 0 0 0 0 0 0 0 0 0 
0 0 0 0 14 15 19 18 19 16 15 15 13 16 19 10 11 16 17 17 18 19 18 16 19 16 18 20 13 20 15 17 0 0 0 0 0 0 0 0 
0 0 0 0 17 13 20 11 16 19 18 11 14 11 17 19 11 19 19 11 0 0 0 0 19 14 20 11 17 17 19 17 14 20 11 13 0 0 0 0 
0 0 0 0 0 0 0 0 0 0 0 0 11 19 14 11 11 10 11 16 0 0 0 0 16 19 17 18 14 12 12 17 18 13 18 14 0 0 0 0 
0 0 0 0 0 0 0 0 0 0 0 0 0 0 0 0 0 0 0 0 0 0 0 0 0 0 0 0 0 0 0 0 0 0 0 0 12 13 19 12 
13 11 11 14 0 0 0 0 0 0 0 0 0 0 0 0 0 0 0 0 0 0 0 0 0 0 0 0 0 0 0 0 0 0 0 0 0 0 0 0 
0 0 0 0 0 0 0 0 0 0 0 0 14 16 18 18 0 0 0 0 17 14 12 11 18 13 19 17 0 0 0 0 0 0 0 0 0 0 0 0 
0 0 0 0 16 10 18 17 20 14 11 16 16 18 10 11 16 12 11 16 15 17 20 18 12 17 12 15 20 18 13 18 18 17 10 16 0 0 0 0 
0 0 0 0 0 0 0 0 0 0 0 0 10 13 14 10 15 18 17 10 0 0 0 0 20 18 10 14 0 0 0 0 11 11 12 10 0 0 0 0 
0 0 0 0 0 0 0 0 0 0 0 0 0 0 0 0 0 0 0 0 0 0 0 0 0 0 0 0 0 0 0 0 0 0 0 0 16 15 12 18 
17 11 13 10 0 0 0 0 0 0 0 0 0 0 0 0 0 0 0 0 0 0 0 0 0 0 0 0 0 0 0 0 0 0 0 0 0 0 0 0 
0 0 0 0 0 0 0 0 0 0 0 0 0 0 0 0 10 12 20 14 19 10 13 18 19 18 13 19 0 0 0 0 14 10 17 12 0 0 0 0 
0 0 0 0 0 0 0 0 0 0 0 0 12 10 17 12 13 16 11 17 0 0 0 0 15 11 14 17 14 19 12 17 14 11 10 15 0 0 0 0 
0 0 0 0 15 18 20 11 11 12 14 11 10 17 17 20 17 16 10 20 10 16 14 13 20 12 16 17 15 13 18 10 0 0 0 0 0 0 0 0 
0 0 0 0 0 0 0 0 0 0 0 0 0 0 0 0 0 0 0 0 0 0 0 0 0 0 0 0 0 0 0 0 0 0 0 0 13 18 18 11 
15 10 15 19 0 0 0 0 0 0 0 0 0 0 0 0 0 0 0 0 0 0 0 0 0 0 0 0 0 0 0 0 0 0 0 0 0 0 0 0 
0 0 0 0 17 19 17 11 14 17 20 20 20 14 12 13 0 0 0 0 0 0 0 0 11 17 20 15 13 20 12 18 12 20 10 20 0 0 0 0 
0 0 0 0 0 0 0 0 0 0 0 0 0 0 0 0 0 0 0 0 16 11 14 10 10 16 18 12 0 0 0 0 0 0 0 0 0 0 0 0 
0 0 0 0 10 10 19 20 0 0 0 0 0 0 0 0 0 0 0 0 18 16 11 15 0 0 0 0 13 11 17 11 0 0 0 0 0 0 0 0 
0 0 0 0 0 0 0 0 0 0 0 0 0 0 0 0 0 0 0 0 0 0 0 0 0 0 0 0 0 0 0 0 0 0 0 0 19 18 20 12 
17 14 15 14 0 0 0 0 0 0 0 0 0 0 0 0 0 0 0 0 0 0 0 0 0 0 0 0 0 0 0 0 0 0 0 0 0 0 0 0 
0 0 0 0 14 17 13 16 10 15 20 20 12 13 20 14 16 12 13 11 14 16 18 12 0 0 0 0 16 20 17 10 18 12 13 19 0 0 0 0 
0 0 0 0 16 14 13 20 0 0 0 0 13 19 18 11 14 17 11 16 0 0 0 0 0 0 0 0 0 0 0 0 0 0 0 0 0 0 0 0 
0 0 0 0 15 15 10 19 20 11 15 20 20 16 20 13 15 17 14 12 12 13 16 18 14 18 12 17 11 18 11 14 12 18 18 14 0 0 0 0 
0 0 0 0 0 0 0 0 0 0 0 0 0 0 0 0 0 0 0 0 0 0 0 0 0 0 0 0 0 0 0 0 0 0 0 0 14 17 19 17 
11 12 17 19 0 0 0 0 0 0 0 0 0 0 0 0 0 0 0 0 0 0 0 0 0 0 0 0 0 0 0 0 0 0 0 0 0 0 0 0 
0 0 0 0 15 11 15 13 0 0 0 0 17 18 15 16 20 16 12 19 0 0 0 0 12 14 18 12 10 10 16 18 0 0 0 0 0 0 0 0 
0 0 0 0 16 16 11 15 0 0 0 0 17 10 16 18 20 14 16 13 12 20 12 10 0 0 0 0 16 12 18 12 0 0 0 0 0 0 0 0 
0 0 0 0 0 0 0 0 17 19 12 12 10 15 19 19 10 12 17 16 0 0 0 0 19 19 16 14 0 0 0 0 20 19 16 11 0 0 0 0 
0 0 0 0 0 0 0 0 0 0 0 0 0 0 0 0 0 0 0 0 0 0 0 0 0 0 0 0 0 0 0 0 0 0 0 0 10 13 13 12 
17 14 19 19 0 0 0 0 0 0 0 0 0 0 0 0 0 0 0 0 0 0 0 0 0 0 0 0 0 0 0 0 0 0 0 0 0 0 0 0 
0 0 0 0 13 16 18 17 18 20 19 19 0 0 0 0 0 0 0 0 11 14 20 12 10 13 10 19 0 0 0 0 14 19 11 18 0 0 0 0 
0 0 0 0 0 0 0 0 13 10 17 20 0 0 0 0 12 16 11 17 11 20 20 13 0 0 0 0 14 17 19 14 12 17 11 17 0 0 0 0 
0 0 0 0 18 16 19 10 0 0 0 0 0 0 0 0 0 0 0 0 0 0 0 0 0 0 0 0 0 0 0 0 0 0 0 0 0 0 0 0 
0 0 0 0 0 0 0 0 0 0 0 0 0 0 0 0 0 0 0 0 0 0 0 0 0 0 0 0 0 0 0 0 0 0 0 0 13 20 15 10 
15 13 16 17 0 0 0 0 0 0 0 0 0 0 0 0 0 0 0 0 0 0 0 0 0 0 0 0 0 0 0 0 0 0 0 0 0 0 0 0 
0 0 0 0 0 0 0 0 0 0 0 0 13 20 14 18 10 17 19 14 20 17 17 19 15 10 14 12 12 13 15 12 0 0 0 0 0 0 0 0 
0 0 0 0 16 18 20 15 0 0 0 0 13 19 17 15 0 0 0 0 15 14 17 15 0 0 0 0 0 0 0 0 0 0 0 0 0 0 0 0 
0 0 0 0 12 19 16 12 16 10 15 15 0 0 0 0 0 0 0 0 0 0 0 0 14 18 10 19 0 0 0 0 16 20 18 10 0 0 0 0 
0 0 0 0 0 0 0 0 0 0 0 0 0 0 0 0 0 0 0 0 0 0 0 0 0 0 0 0 0 0 0 0 0 0 0 0 20 11 15 10 
18 15 12 16 0 0 0 0 0 0 0 0 0 0 0 0 0 0 0 0 0 0 0 0 0 0 0 0 0 0 0 0 0 0 0 0 0 0 0 0 
0 0 0 0 0 0 0 0 20 14 15 16 0 0 0 0 0 0 0 0 0 0 0 0 0 0 0 0 0 0 0 0 16 12 14 11 0 0 0 0 
0 0 0 0 0 0 0 0 0 0 0 0 0 0 0 0 0 0 0 0 20 16 17 10 0 0 0 0 0 0 0 0 19 16 12 19 0 0 0 0 
0 0 0 0 10 10 19 12 18 11 12 10 11 18 10 14 18 15 19 17 0 0 0 0 0 0 0 0 0 0 0 0 18 16 16 11 0 0 0 0 
0 0 0 0 0 0 0 0 0 0 0 0 0 0 0 0 0 0 0 0 0 0 0 0 0 0 0 0 0 0 0 0 0 0 0 0 14 16 13 12 
15 17 16 16 0 0 0 0 0 0 0 0 0 0 0 0 0 0 0 0 0 0 0 0 0 0 0 0 0 0 0 0 0 0 0 0 0 0 0 0 
0 0 0 0 15 10 16 17 11 19 13 18 11 20 15 14 14 19 14 10 10 19 11 15 20 17 18 16 11 10 15 11 11 20 12 14 0 0 0 0 
0 0 0 0 0 0 0 0 0 0 0 0 0 0 0 0 0 0 0 0 0 0 0 0 0 0 0 0 10 16 10 18 0 0 0 0 0 0 0 0 
0 0 0 0 15 15 13 18 0 0 0 0 0 0 0 0 13 14 13 16 15 11 17 18 0 0 0 0 13 20 16 20 13 19 13 14 0 0 0 0 
0 0 0 0 0 0 0 0 0 0 0 0 0 0 0 0 0 0 0 0 0 0 0 0 0 0 0 0 0 0 0 0 0 0 0 0 13 10 16 14 
10 17 20 18 0 0 0 0 0 0 0 0 0 0 0 0 0 0 0 0 0 0 0 0 0 0 0 0 0 0 0 0 0 0 0 0 0 0 0 0 
0 0 0 0 11 10 15 16 0 0 0 0 18 18 13 11 0 0 0 0 0 0 0 0 0 0 0 0 17 19 12 11 0 0 0 0 0 0 0 0 
0 0 0 0 0 0 0 0 0 0 0 0 0 0 0 0 15 12 20 15 0 0 0 0 0 0 0 0 15 17 16 19 0 0 0 0 0 0 0 0 
0 0 0 0 0 0 0 0 16 17 15 20 0 0 0 0 16 15 12 15 0 0 0 0 12 18 11 10 11 18 14 16 14 17 15 14 0 0 0 0 
0 0 0 0 0 0 0 0 0 0 0 0 0 0 0 0 0 0 0 0 0 0 0 0 0 0 0 0 0 0 0 0 0 0 0 0 14 10 15 19 
18 12 12 20 0 0 0 0 0 0 0 0 0 0 0 0 0 0 0 0 0 0 0 0 0 0 0 0 0 0 0 0 0 0 0 0 0 0 0 0 
0 0 0 0 0 0 0 0 0 0 0 0 0 0 0 0 0 0 0 0 14 12 15 19 0 0 0 0 11 19 18 13 11 15 17 12 0 0 0 0 
0 0 0 0 0 0 0 0 0 0 0 0 0 0 0 0 15 13 10 11 0 0 0 0 0 0 0 0 0 0 0 0 0 0 0 0 0 0 0 0 
0 0 0 0 12 20 18 19 12 16 19 15 15 15 10 10 0 0 0 0 0 0 0 0 15 20 11 14 12 19 12 14 17 14 19 18 0 0 0 0 
0 0 0 0 0 0 0 0 0 0 0 0 0 0 0 0 0 0 0 0 0 0 0 0 0 0 0 0 0 0 0 0 0 0 0 0 18 12 15 20 
19 20 10 12 0 0 0 0 0 0 0 0 0 0 0 0 0 0 0 0 0 0 0 0 0 0 0 0 0 0 0 0 0 0 0 0 0 0 0 0 
0 0 0 0 0 0 0 0 14 17 15 13 0 0 0 0 0 0 0 0 0 0 0 0 0 0 0 0 0 0 0 0 0 0 0 0 0 0 0 0 
0 0 0 0 0 0 0 0 0 0 0 0 0 0 0 0 0 0 0 0 0 0 0 0 0 0 0 0 0 0 0 0 10 10 10 18 0 0 0 0 
0 0 0 0 0 0 0 0 14 19 20 10 18 15 13 12 15 11 19 16 15 14 13 20 13 11 11 17 12 20 10 17 15 15 16 15 0 0 0 0 
0 0 0 0 0 0 0 0 0 0 0 0 0 0 0 0 0 0 0 0 0 0 0 0 0 0 0 0 0 0 0 0 0 0 0 0 17 12 13 20 
16 13 15 16 0 0 0 0 0 0 0 0 0 0 0 0 0 0 0 0 0 0 0 0 0 0 0 0 0 0 0 0 0 0 0 0 0 0 0 0 
0 0 0 0 0 0 0 0 12 13 16 15 0 0 0 0 0 0 0 0 10 15 15 14 0 0 0 0 18 19 13 19 17 17 20 14 0 0 0 0 
0 0 0 0 0 0 0 0 0 0 0 0 20 10 11 10 18 13 17 17 18 15 16 16 10 10 10 13 12 12 12 10 0 0 0 0 0 0 0 0 
0 0 0 0 0 0 0 0 0 0 0 0 17 13 13 14 0 0 0 0 14 14 17 12 14 18 19 11 10 20 18 10 0 0 0 0 0 0 0 0 
0 0 0 0 0 0 0 0 0 0 0 0 0 0 0 0 0 0 0 0 0 0 0 0 0 0 0 0 0 0 0 0 0 0 0 0 10 14 10 16 
15 15 14 13 0 0 0 0 0 0 0 0 0 0 0 0 0 0 0 0 0 0 0 0 0 0 0 0 0 0 0 0 0 0 0 0 0 0 0 0 
0 0 0 0 14 15 12 17 17 19 20 14 17 12 18 14 11 12 15 12 12 15 18 19 10 16 18 15 16 13 16 15 12 10 10 16 0 0 0 0 
0 0 0 0 17 10 19 15 12 11 14 20 14 14 15 15 15 16 10 13 0 0 0 0 15 10 20 14 0 0 0 0 0 0 0 0 0 0 0 0 
0 0 0 0 10 18 19 13 12 14 12 12 16 15 13 15 0 0 0 0 14 16 18 17 0 0 0 0 14 14 18 14 17 15 14 17 0 0 0 0 
0 0 0 0 0 0 0 0 0 0 0 0 0 0 0 0 0 0 0 0 0 0 0 0 0 0 0 0 0 0 0 0 0 0 0 0 12 20 15 12 
18 11 18 15 0 0 0 0 0 0 0 0 0 0 0 0 0 0 0 0 0 0 0 0 0 0 0 0 0 0 0 0 0 0 0 0 0 0 0 0 
0 0 0 0 20 10 10 10 0 0 0 0 0 0 0 0 12 12 15 13 0 0 0 0 0 0 0 0 10 14 19 20 0 0 0 0 0 0 0 0 
0 0 0 0 0 0 0 0 16 16 17 18 0 0 0 0 18 13 13 20 0 0 0 0 0 0 0 0 0 0 0 0 0 0 0 0 0 0 0 0 
0 0 0 0 19 17 15 10 20 18 18 18 19 16 19 14 15 14 16 12 10 20 20 19 13 17 11 10 13 13 17 20 10 10 15 20 0 0 0 0 
0 0 0 0 0 0 0 0 0 0 0 0 0 0 0 0 0 0 0 0 0 0 0 0 0 0 0 0 0 0 0 0 0 0 0 0 15 11 13 10 
11 19 13 20 0 0 0 0 0 0 0 0 0 0 0 0 0 0 0 0 0 0 0 0 0 0 0 0 0 0 0 0 0 0 0 0 0 0 0 0 
0 0 0 0 17 19 19 11 20 19 16 12 10 12 10 17 0 0 0 0 15 10 18 14 10 17 11 17 20 16 12 19 14 15 12 20 0 0 0 0 
0 0 0 0 18 12 19 18 13 13 20 10 13 13 18 19 20 16 16 10 12 12 13 12 17 13 14 19 18 12 16 20 11 16 15 11 0 0 0 0 
0 0 0 0 0 0 0 0 0 0 0 0 13 13 13 16 0 0 0 0 0 0 0 0 0 0 0 0 0 0 0 0 0 0 0 0 0 0 0 0 
0 0 0 0 0 0 0 0 0 0 0 0 0 0 0 0 0 0 0 0 0 0 0 0 0 0 0 0 0 0 0 0 0 0 0 0 20 11 17 16 
20 10 19 19 0 0 0 0 0 0 0 0 0 0 0 0 0 0 0 0 0 0 0 0 0 0 0 0 0 0 0 0 0 0 0 0 0 0 0 0 
0 0 0 0 11 14 11 17 14 17 13 14 13 12 16 19 16 10 20 18 15 18 11 19 16 16 20 15 19 20 12 17 13 10 17 19 0 0 0 0 
0 0 0 0 0 0 0 0 0 0 0 0 0 0 0 0 20 20 17 16 14 16 15 15 20 20 12 15 14 15 20 10 15 13 15 17 0 0 0 0 
0 0 0 0 11 19 17 14 17 19 10 14 16 19 15 20 11 19 11 19 0 0 0 0 15 13 18 17 13 15 15 10 19 12 10 10 0 0 0 0 
0 0 0 0 0 0 0 0 0 0 0 0 0 0 0 0 0 0 0 0 0 0 0 0 0 0 0 0 0 0 0 0 0 0 0 0 12 12 17 16 
19 19 19 13 0 0 0 0 0 0 0 0 0 0 0 0 0 0 0 0 0 0 0 0 0 0 0 0 0 0 0 0 0 0 0 0 0 0 0 0 
0 0 0 0 13 18 18 17 0 0 0 0 0 0 0 0 0 0 0 0 0 0 0 0 0 0 0 0 0 0 0 0 0 0 0 0 0 0 0 0 
0 0 0 0 19 17 20 17 0 0 0 0 0 0 0 0 19 17 11 20 0 0 0 0 0 0 0 0 0 0 0 0 0 0 0 0 0 0 0 0 
0 0 0 0 17 17 14 15 11 13 16 19 20 19 17 19 18 11 19 17 0 0 0 0 0 0 0 0 0 0 0 0 0 0 0 0 0 0 0 0 
0 0 0 0 0 0 0 0 0 0 0 0 0 0 0 0 0 0 0 0 0 0 0 0 0 0 0 0 0 0 0 0 0 0 0 0 13 19 12 16 
17 17 18 16 0 0 0 0 0 0 0 0 0 0 0 0 0 0 0 0 0 0 0 0 0 0 0 0 0 0 0 0 0 0 0 0 0 0 0 0 
0 0 0 0 0 0 0 0 0 0 0 0 11 20 19 19 0 0 0 0 13 20 13 18 0 0 0 0 0 0 0 0 0 0 0 0 0 0 0 0 
0 0 0 0 0 0 0 0 0 0 0 0 0 0 0 0 17 12 10 20 0 0 0 0 0 0 0 0 0 0 0 0 0 0 0 0 0 0 0 0 
0 0 0 0 11 18 18 11 18 15 14 15 11 15 18 16 19 20 14 13 14 15 13 11 20 12 11 14 19 18 19 17 11 17 13 16 0 0 0 0 
0 0 0 0 0 0 0 0 0 0 0 0 0 0 0 0 0 0 0 0 0 0 0 0 0 0 0 0 0 0 0 0 0 0 0 0 14 20 11 20 
15 20 18 17 0 0 0 0 0 0 0 0 0 0 0 0 0 0 0 0 0 0 0 0 0 0 0 0 0 0 0 0 0 0 0 0 0 0 0 0 
0 0 0 0 12 13 12 10 0 0 0 0 0 0 0 0 0 0 0 0 0 0 0 0 12 16 19 11 0 0 0 0 0 0 0 0 0 0 0 0 
0 0 0 0 0 0 0 0 18 18 12 18 15 16 20 19 10 11 11 20 12 19 13 19 14 20 11 15 19 15 17 15 17 17 17 13 0 0 0 0 
0 0 0 0 20 14 15 13 18 19 14 19 15 20 16 11 17 20 15 17 19 18 13 19 18 11 12 11 20 14 12 10 11 19 12 11 0 0 0 0 
0 0 0 0 0 0 0 0 0 0 0 0 0 0 0 0 0 0 0 0 0 0 0 0 0 0 0 0 0 0 0 0 0 0 0 0 15 14 19 10 
18 16 14 10 0 0 0 0 0 0 0 0 0 0 0 0 0 0 0 0 0 0 0 0 0 0 0 0 0 0 0 0 0 0 0 0 0 0 0 0 
0 0 0 0 0 0 0 0 20 10 19 19 0 0 0 0 10 19 19 17 0 0 0 0 0 0 0 0 0 0 0 0 0 0 0 0 0 0 0 0 
0 0 0 0 16 10 19 12 0 0 0 0 15 13 12 12 19 10 10 16 0 0 0 0 0 0 0 0 0 0 0 0 18 20 12 18 0 0 0 0 
0 0 0 0 11 13 15 19 18 12 12 19 16 20 19 20 17 16 14 12 19 12 15 14 11 11 10 13 20 11 10 11 20 15 13 18 0 0 0 0 
0 0 0 0 0 0 0 0 0 0 0 0 0 0 0 0 0 0 0 0 0 0 0 0 0 0 0 0 0 0 0 0 0 0 0 0 20 13 14 10 
14 15 11 16 0 0 0 0 0 0 0 0 0 0 0 0 0 0 0 0 0 0 0 0 0 0 0 0 0 0 0 0 0 0 0 0 0 0 0 0 
0 0 0 0 19 11 20 15 12 15 19 12 0 0 0 0 11 12 15 10 0 0 0 0 13 17 10 20 15 10 17 12 0 0 0 0 0 0 0 0 
0 0 0 0 14 11 17 11 13 12 11 16 10 11 18 17 0 0 0 0 19 15 11 19 11 14 14 11 15 17 15 11 14 13 20 19 0 0 0 0 
0 0 0 0 0 0 0 0 20 19 16 14 18 16 16 18 18 10 20 18 19 19 12 20 14 14 12 17 16 20 18 15 12 16 12 19 0 0 0 0 
0 0 0 0 0 0 0 0 0 0 0 0 0 0 0 0 0 0 0 0 0 0 0 0 0 0 0 0 0 0 0 0 0 0 0 0 20 20 14 15 
12 18 10 19 0 0 0 0 0 0 0 0 0 0 0 0 0 0 0 0 0 0 0 0 0 0 0 0 0 0 0 0 0 0 0 0 0 0 0 0 
0 0 0 0 15 15 16 16 13 17 15 18 10 17 10 14 10 16 16 10 15 19 19 19 13 12 11 19 12 19 16 12 10 20 16 17 0 0 0 0 
0 0 0 0 0 0 0 0 19 15 10 20 10 10 13 10 0 0 0 0 0 0 0 0 0 0 0 0 0 0 0 0 0 0 0 0 0 0 0 0 
0 0 0 0 0 0 0 0 20 12 10 14 0 0 0 0 15 13 19 13 18 12 11 19 0 0 0 0 16 20 20 12 10 16 19 14 0 0 0 0 
0 0 0 0 0 0 0 0 0 0 0 0 0 0 0 0 0 0 0 0 0 0 0 0 0 0 0 0 0 0 0 0 0 0 0 0 11 20 12 14 
19 17 19 15 0 0 0 0 0 0 0 0 0 0 0 0 0 0 0 0 0 0 0 0 0 0 0 0 0 0 0 0 0 0 0 0 0 0 0 0 
0 0 0 0 20 20 11 13 10 19 12 20 18 15 17 16 12 19 17 13 0 0 0 0 13 18 18 20 0 0 0 0 11 20 19 20 0 0 0 0 
0 0 0 0 0 0 0 0 0 0 0 0 14 13 10 19 0 0 0 0 0 0 0 0 0 0 0 0 0 0 0 0 0 0 0 0 0 0 0 0 
0 0 0 0 16 15 11 18 15 13 20 14 12 10 20 16 10 11 20 14 14 20 19 20 14 20 19 15 19 11 12 16 11 18 17 10 0 0 0 0 
0 0 0 0 0 0 0 0 0 0 0 0 0 0 0 0 0 0 0 0 0 0 0 0 0 0 0 0 0 0 0 0 0 0 0 0 18 17 19 10 
16 16 10 12 0 0 0 0 0 0 0 0 0 0 0 0 0 0 0 0 0 0 0 0 0 0 0 0 0 0 0 0 0 0 0 0 0 0 0 0 
0 0 0 0 0 0 0 0 10 16 19 12 17 10 10 17 15 11 20 11 0 0 0 0 17 16 16 14 20 17 17 14 0 0 0 0 0 0 0 0 
0 0 0 0 0 0 0 0 0 0 0 0 0 0 0 0 0 0 0 0 17 14 20 20 0 0 0 0 0 0 0 0 15 14 10 14 0 0 0 0 
0 0 0 0 17 20 16 19 18 13 15 18 17 13 18 17 17 11 15 20 13 14 19 12 16 20 15 15 17 11 13 14 17 20 15 13 0 0 0 0 
0 0 0 0 0 0 0 0 0 0 0 0 0 0 0 0 0 0 0 0 0 0 0 0 0 0 0 0 0 0 0 0 0 0 0 0 15 15 19 20 
10 13 18 20 0 0 0 0 0 0 0 0 0 0 0 0 0 0 0 0 0 0 0 0 0 0 0 0 0 0 0 0 0 0 0 0 0 0 0 0 
0 0 0 0 20 13 13 10 14 20 18 14 0 0 0 0 0 0 0 0 0 0 0 0 12 15 12 20 0 0 0 0 0 0 0 0 0 0 0 0 
0 0 0 0 0 0 0 0 0 0 0 0 20 19 14 16 17 16 19 14 18 11 13 17 0 0 0 0 0 0 0 0 0 0 0 0 0 0 0 0 
0 0 0 0 0 0 0 0 18 12 14 11 13 13 19 17 11 16 15 17 10 11 16 19 0 0 0 0 13 18 19 19 19 10 12 20 0 0 0 0 
0 0 0 0 0 0 0 0 0 0 0 0 0 0 0 0 0 0 0 0 0 0 0 0 0 0 0 0 0 0 0 0 0 0 0 0 16 20 13 18 
18 15 10 20 0 0 0 0 0 0 0 0 0 0 0 0 0 0 0 0 0 0 0 0 0 0 0 0 0 0 0 0 0 0 0 0 0 0 0 0 
0 0 0 0 14 19 20 18 17 12 10 15 19 17 15 16 15 15 18 18 13 14 17 13 19 12 15 11 13 19 13 11 18 19 14 19 0 0 0 0 
0 0 0 0 0 0 0 0 0 0 0 0 0 0 0 0 16 10 12 11 0 0 0 0 0 0 0 0 0 0 0 0 0 0 0 0 0 0 0 0 
0 0 0 0 17 10 18 18 13 15 12 17 13 12 16 14 17 10 18 17 12 17 20 17 15 20 17 15 14 15 20 12 15 17 16 13 0 0 0 0 
0 0 0 0 0 0 0 0 0 0 0 0 0 0 0 0 0 0 0 0 0 0 0 0 0 0 0 0 0 0 0 0 0 0 0 0 12 10 12 12 
17 16 11 18 0 0 0 0 0 0 0 0 0 0 0 0 0 0 0 0 0 0 0 0 0 0 0 0 0 0 0 0 0 0 0 0 0 0 0 0 
0 0 0 0 0 0 0 0 20 20 15 17 0 0 0 0 16 16 10 18 15 17 17 20 17 10 14 19 0 0 0 0 14 14 16 12 0 0 0 0 
0 0 0 0 16 11 15 20 0 0 0 0 0 0 0 0 13 11 17 19 0 0 0 0 13 20 16 13 0 0 0 0 0 0 0 0 0 0 0 0 
0 0 0 0 20 13 20 13 16 16 20 19 18 16 17 13 18 14 15 13 11 10 19 10 0 0 0 0 0 0 0 0 15 16 20 12 0 0 0 0 
0 0 0 0 0 0 0 0 0 0 0 0 0 0 0 0 0 0 0 0 0 0 0 0 0 0 0 0 0 0 0 0 0 0 0 0 15 19 18 19 
16 16 15 10 0 0 0 0 0 0 0 0 0 0 0 0 0 0 0 0 0 0 0 0 0 0 0 0 0 0 0 0 0 0 0 0 0 0 0 0 
0 0 0 0 16 13 18 15 14 18 20 10 12 18 14 18 14 15 10 19 11 10 20 15 10 10 20 20 11 19 20 10 0 0 0 0 0 0 0 0 
0 0 0 0 17 17 16 11 0 0 0 0 0 0 0 0 0 0 0 0 0 0 0 0 19 18 20 18 0 0 0 0 14 20 19 11 0 0 0 0 
0 0 0 0 14 13 11 10 19 18 12 11 11 12 18 13 17 14 14 12 15 20 13 11 15 19 19 16 20 14 16 16 16 12 11 14 0 0 0 0 
0 0 0 0 0 0 0 0 0 0 0 0 0 0 0 0 0 0 0 0 0 0 0 0 0 0 0 0 0 0 0 0 0 0 0 0 12 17 15 15
---------------------
 
Distance between cells
Rows and Columns: correspond to cell number
0 244 373 369 448 300 422 459 477 369 262 320 308 179 277 211 460 
244 0 341 247 472 296 398 143 240 379 137 499 137 156 177 390 239 
373 341 0 267 100 296 157 479 177 438 442 450 395 201 429 242 361 
369 247 267 0 211 386 64 64 157 243 159 167 490 376 211 401 461 
448 472 100 211 0 477 73 72 471 66 479 82 473 238 394 314 470 
300 296 296 386 477 0 299 238 395 407 211 267 181 74 157 94 208 
422 398 157 64 73 299 0 341 248 211 286 272 344 117 267 261 213 
459 143 479 64 72 238 341 0 65 281 476 52 168 395 496 302 125 
477 240 177 157 471 395 248 65 0 491 362 343 492 176 156 138 206 
369 379 438 243 66 407 211 281 491 0 337 224 496 471 325 235 271 
262 137 442 159 479 211 286 476 362 337 0 377 254 399 311 94 217 
320 499 450 167 82 267 272 52 343 224 377 0 447 397 86 351 405 
308 137 395 490 473 181 344 168 492 496 254 447 0 130 419 106 348 
179 156 201 376 238 74 117 395 176 471 399 397 130 0 314 250 310 
277 177 429 211 394 157 267 496 156 325 311 86 419 314 0 391 281 
211 390 242 401 314 94 261 302 138 235 94 351 106 250 391 0 74 
460 239 361 461 470 208 213 125 206 271 217 405 348 310 281 74 0
---------------------
 
Distribution of machines in cells   (1 -- if machine m is distributed in cell u;0 -- else) 
Rows: correspond to cell number; Columns: correspond to machine number
0 0 0 0 0 0 0 1 0 0 0 0 0 0 0 0 0 0 0 0 0 0 0 0 0 0 0 0 0 0 0 0 0 0 0 0 1 0 0 0 
0 0 0 0 0 0 0 0 0 0 0 0 0 0 0 0 0 0 0 0 0 0 0 1 1 0 0 0 0 0 0 0 0 0 0 0 0 0 0 0 
0 0 0 0 0 0 0 0 0 1 0 0 1 1 0 0 0 0 0 0 0 0 0 0 0 0 0 0 0 0 0 0 0 0 0 0 0 0 0 0 
0 0 0 0 0 0 0 0 0 0 0 1 0 0 0 0 0 0 0 0 0 0 0 0 0 0 0 0 0 0 0 0 0 0 0 1 0 0 0 0 
0 0 0 0 0 1 0 0 0 0 0 0 0 0 0 0 0 0 0 0 0 0 0 0 0 1 0 0 0 0 0 1 0 0 0 0 0 0 0 0 
0 0 0 0 0 0 0 0 0 0 0 0 0 0 0 0 0 1 0 0 0 0 0 0 0 0 0 1 0 0 0 0 0 0 0 0 0 0 0 0 
0 0 0 1 0 0 0 0 0 0 0 0 0 0 0 0 0 0 0 0 0 0 0 0 0 0 0 0 1 0 0 0 0 0 0 0 0 0 0 0 
0 0 0 0 0 0 0 0 1 0 0 0 0 0 0 0 0 0 0 1 0 0 1 0 0 0 1 0 0 0 0 0 0 0 0 0 0 0 0 0 
0 0 0 0 0 0 1 0 0 0 0 0 0 0 0 1 0 0 0 0 0 0 0 0 0 0 0 0 0 0 0 0 0 0 0 0 0 1 0 0 
0 0 0 0 0 0 0 0 0 0 1 0 0 0 0 0 1 0 0 0 0 0 0 0 0 0 0 0 0 0 0 0 0 0 0 0 0 0 0 0 
0 0 0 0 0 0 0 0 0 0 0 0 0 0 0 0 0 0 0 0 0 0 0 0 0 0 0 0 0 1 0 0 0 0 1 0 0 0 0 0 
0 0 0 0 0 0 0 0 0 0 0 0 0 0 0 0 0 0 1 0 0 0 0 0 0 0 0 0 0 0 1 0 0 0 0 0 0 0 0 0 
0 0 1 0 0 0 0 0 0 0 0 0 0 0 0 0 0 0 0 0 0 0 0 0 0 0 0 0 0 0 0 0 0 0 0 0 0 0 1 0 
0 0 0 0 1 0 0 0 0 0 0 0 0 0 1 0 0 0 0 0 0 0 0 0 0 0 0 0 0 0 0 0 0 0 0 0 0 0 0 0 
0 0 0 0 0 0 0 0 0 0 0 0 0 0 0 0 0 0 0 0 0 1 0 0 0 0 0 0 0 0 0 0 0 0 0 0 0 0 0 1 
1 0 0 0 0 0 0 0 0 0 0 0 0 0 0 0 0 0 0 0 1 0 0 0 0 0 0 0 0 0 0 0 0 0 0 0 0 0 0 0 
0 1 0 0 0 0 0 0 0 0 0 0 0 0 0 0 0 0 0 0 0 0 0 0 0 0 0 0 0 0 0 0 1 1 0 0 0 0 0 0
---------------------
 
