Adaption from Behnke52

Number of operations for each part
5 5 5 5 5 5 5 5 5 5 5 5 5 5 5 5 5 5 5 5 5 5 5 5 5 5 5 5 5 5 5 5 5 5 5 5 5 5 5 5 5 5 5 5 5 5 5 5 5 5
---------------------
 
Processing time   (0 -- non-optional machine)
Rows: sequential for each operation of each part; Columns: correspond to machine number
30 11 18 24 0 0 0 0 0 0 0 0 0 0 0 0 0 0 0 0 0 0 0 0 0 0 0 0 0 0 0 0 0 0 0 0 0 0 0 0 0 0 0 0 0 0 0 0 0 0 0 0 0 0 0 0 0 0 0 0 
0 0 0 0 12 27 25 18 0 0 0 0 29 24 18 23 0 0 0 0 0 0 0 0 0 0 0 0 0 0 0 0 0 0 0 0 0 0 0 0 0 0 0 0 20 17 25 12 0 0 0 0 0 0 0 0 0 0 0 0 
0 0 0 0 13 19 19 15 18 10 17 30 0 0 0 0 20 20 14 17 0 0 0 0 19 12 28 17 26 13 21 14 30 23 16 20 13 19 30 22 24 29 21 12 0 0 0 0 23 14 16 28 25 23 29 23 0 0 0 0 
0 0 0 0 26 26 13 23 13 12 22 25 29 25 15 23 0 0 0 0 0 0 0 0 16 16 24 21 0 0 0 0 23 26 18 14 0 0 0 0 0 0 0 0 10 16 20 25 23 29 11 20 0 0 0 0 0 0 0 0 
0 0 0 0 0 0 0 0 0 0 0 0 0 0 0 0 0 0 0 0 0 0 0 0 0 0 0 0 0 0 0 0 0 0 0 0 0 0 0 0 0 0 0 0 0 0 0 0 0 0 0 0 0 0 0 0 23 30 13 20 
26 21 19 21 0 0 0 0 0 0 0 0 0 0 0 0 0 0 0 0 0 0 0 0 0 0 0 0 0 0 0 0 0 0 0 0 0 0 0 0 0 0 0 0 0 0 0 0 0 0 0 0 0 0 0 0 0 0 0 0 
0 0 0 0 0 0 0 0 0 0 0 0 0 0 0 0 0 0 0 0 0 0 0 0 0 0 0 0 27 30 10 28 0 0 0 0 0 0 0 0 0 0 0 0 0 0 0 0 0 0 0 0 0 0 0 0 0 0 0 0 
0 0 0 0 17 12 10 13 0 0 0 0 12 20 24 10 27 23 18 26 12 20 30 28 22 10 15 14 26 14 29 10 20 22 18 28 19 15 29 25 26 20 27 27 0 0 0 0 14 24 29 19 29 22 10 21 0 0 0 0 
0 0 0 0 10 18 18 25 16 23 22 29 11 19 24 26 0 0 0 0 12 11 22 27 16 10 21 30 28 30 25 19 0 0 0 0 0 0 0 0 0 0 0 0 0 0 0 0 0 0 0 0 20 20 10 25 0 0 0 0 
0 0 0 0 0 0 0 0 0 0 0 0 0 0 0 0 0 0 0 0 0 0 0 0 0 0 0 0 0 0 0 0 0 0 0 0 0 0 0 0 0 0 0 0 0 0 0 0 0 0 0 0 0 0 0 0 15 26 13 26 
22 17 26 29 0 0 0 0 0 0 0 0 0 0 0 0 0 0 0 0 0 0 0 0 0 0 0 0 0 0 0 0 0 0 0 0 0 0 0 0 0 0 0 0 0 0 0 0 0 0 0 0 0 0 0 0 0 0 0 0 
0 0 0 0 22 30 11 19 13 10 26 25 0 0 0 0 25 11 15 19 20 23 30 21 29 15 12 10 23 19 13 24 16 17 17 11 19 30 26 16 19 25 11 21 14 21 17 24 29 14 18 25 22 21 29 17 0 0 0 0 
0 0 0 0 0 0 0 0 0 0 0 0 0 0 0 0 0 0 0 0 0 0 0 0 0 0 0 0 0 0 0 0 0 0 0 0 0 0 0 0 0 0 0 0 0 0 0 0 21 28 30 12 0 0 0 0 0 0 0 0 
0 0 0 0 22 28 16 28 0 0 0 0 0 0 0 0 0 0 0 0 0 0 0 0 0 0 0 0 0 0 0 0 11 22 20 14 21 13 10 29 25 12 24 23 0 0 0 0 28 11 13 21 0 0 0 0 0 0 0 0 
0 0 0 0 0 0 0 0 0 0 0 0 0 0 0 0 0 0 0 0 0 0 0 0 0 0 0 0 0 0 0 0 0 0 0 0 0 0 0 0 0 0 0 0 0 0 0 0 0 0 0 0 0 0 0 0 22 15 16 29 
10 13 29 11 0 0 0 0 0 0 0 0 0 0 0 0 0 0 0 0 0 0 0 0 0 0 0 0 0 0 0 0 0 0 0 0 0 0 0 0 0 0 0 0 0 0 0 0 0 0 0 0 0 0 0 0 0 0 0 0 
0 0 0 0 0 0 0 0 18 23 24 20 10 21 13 12 19 25 30 20 21 28 10 22 22 22 27 27 26 28 28 19 19 22 20 12 25 21 26 26 25 15 28 30 23 21 15 12 0 0 0 0 21 17 26 17 0 0 0 0 
0 0 0 0 0 0 0 0 0 0 0 0 0 0 0 0 13 13 30 11 0 0 0 0 0 0 0 0 0 0 0 0 0 0 0 0 0 0 0 0 0 0 0 0 0 0 0 0 0 0 0 0 0 0 0 0 0 0 0 0 
0 0 0 0 14 21 16 22 19 27 12 15 10 20 18 22 0 0 0 0 0 0 0 0 0 0 0 0 17 24 24 21 0 0 0 0 0 0 0 0 26 20 16 29 0 0 0 0 12 22 24 29 0 0 0 0 0 0 0 0 
0 0 0 0 0 0 0 0 0 0 0 0 0 0 0 0 0 0 0 0 0 0 0 0 0 0 0 0 0 0 0 0 0 0 0 0 0 0 0 0 0 0 0 0 0 0 0 0 0 0 0 0 0 0 0 0 18 11 26 17 
29 13 10 29 0 0 0 0 0 0 0 0 0 0 0 0 0 0 0 0 0 0 0 0 0 0 0 0 0 0 0 0 0 0 0 0 0 0 0 0 0 0 0 0 0 0 0 0 0 0 0 0 0 0 0 0 0 0 0 0 
0 0 0 0 0 0 0 0 0 0 0 0 0 0 0 0 0 0 0 0 15 15 29 11 0 0 0 0 0 0 0 0 0 0 0 0 0 0 0 0 0 0 0 0 0 0 0 0 0 0 0 0 0 0 0 0 0 0 0 0 
0 0 0 0 14 23 15 21 14 26 19 26 21 28 13 13 30 12 26 11 13 13 22 20 30 12 18 16 25 27 14 27 20 19 18 23 18 10 18 14 23 23 28 12 22 14 18 12 24 24 14 20 14 27 27 29 0 0 0 0 
0 0 0 0 22 10 17 20 0 0 0 0 0 0 0 0 0 0 0 0 0 0 0 0 27 16 11 19 0 0 0 0 20 11 25 18 0 0 0 0 0 0 0 0 27 30 30 25 0 0 0 0 0 0 0 0 0 0 0 0 
0 0 0 0 0 0 0 0 0 0 0 0 0 0 0 0 0 0 0 0 0 0 0 0 0 0 0 0 0 0 0 0 0 0 0 0 0 0 0 0 0 0 0 0 0 0 0 0 0 0 0 0 0 0 0 0 13 14 19 23 
20 18 30 28 0 0 0 0 0 0 0 0 0 0 0 0 0 0 0 0 0 0 0 0 0 0 0 0 0 0 0 0 0 0 0 0 0 0 0 0 0 0 0 0 0 0 0 0 0 0 0 0 0 0 0 0 0 0 0 0 
0 0 0 0 16 16 23 15 28 24 28 29 11 18 19 21 16 12 19 19 25 19 30 23 0 0 0 0 0 0 0 0 0 0 0 0 0 0 0 0 0 0 0 0 0 0 0 0 0 0 0 0 0 0 0 0 0 0 0 0 
0 0 0 0 0 0 0 0 0 0 0 0 0 0 0 0 11 22 26 24 20 13 13 23 0 0 0 0 23 29 23 17 19 26 22 22 0 0 0 0 0 0 0 0 29 15 30 15 24 21 28 26 0 0 0 0 0 0 0 0 
0 0 0 0 0 0 0 0 17 12 16 23 0 0 0 0 16 14 28 27 0 0 0 0 0 0 0 0 0 0 0 0 0 0 0 0 12 28 29 29 0 0 0 0 15 24 13 23 0 0 0 0 0 0 0 0 0 0 0 0 
0 0 0 0 0 0 0 0 0 0 0 0 0 0 0 0 0 0 0 0 0 0 0 0 0 0 0 0 0 0 0 0 0 0 0 0 0 0 0 0 0 0 0 0 0 0 0 0 0 0 0 0 0 0 0 0 12 24 15 18 
30 23 18 16 0 0 0 0 0 0 0 0 0 0 0 0 0 0 0 0 0 0 0 0 0 0 0 0 0 0 0 0 0 0 0 0 0 0 0 0 0 0 0 0 0 0 0 0 0 0 0 0 0 0 0 0 0 0 0 0 
0 0 0 0 19 11 11 19 20 28 23 29 25 27 29 23 21 17 24 20 19 27 17 28 0 0 0 0 10 11 15 26 18 13 11 13 22 20 11 27 12 10 29 19 16 14 10 17 23 26 24 30 21 11 11 22 0 0 0 0 
0 0 0 0 28 19 26 25 0 0 0 0 23 11 24 12 13 11 17 26 19 20 15 22 0 0 0 0 28 28 21 25 13 13 14 16 20 11 20 11 14 18 12 19 29 18 22 18 15 16 14 20 0 0 0 0 0 0 0 0 
0 0 0 0 26 10 18 27 0 0 0 0 17 19 14 30 13 14 10 24 0 0 0 0 0 0 0 0 0 0 0 0 0 0 0 0 0 0 0 0 0 0 0 0 0 0 0 0 0 0 0 0 0 0 0 0 0 0 0 0 
0 0 0 0 0 0 0 0 0 0 0 0 0 0 0 0 0 0 0 0 0 0 0 0 0 0 0 0 0 0 0 0 0 0 0 0 0 0 0 0 0 0 0 0 0 0 0 0 0 0 0 0 0 0 0 0 27 30 25 16 
24 10 30 10 0 0 0 0 0 0 0 0 0 0 0 0 0 0 0 0 0 0 0 0 0 0 0 0 0 0 0 0 0 0 0 0 0 0 0 0 0 0 0 0 0 0 0 0 0 0 0 0 0 0 0 0 0 0 0 0 
0 0 0 0 27 29 16 16 26 22 10 29 13 28 25 11 26 21 21 28 29 10 21 17 27 23 29 20 14 15 13 19 0 0 0 0 10 18 12 14 21 21 13 16 29 12 25 19 23 25 20 14 27 14 13 10 0 0 0 0 
0 0 0 0 0 0 0 0 17 13 13 30 23 27 14 21 20 27 10 25 18 23 22 25 16 15 14 11 23 21 26 17 20 29 12 14 27 25 18 19 24 19 18 30 29 24 14 20 20 12 23 30 27 24 30 10 0 0 0 0 
0 0 0 0 15 16 19 18 0 0 0 0 0 0 0 0 26 19 10 26 16 11 28 15 0 0 0 0 13 13 29 18 17 24 26 16 0 0 0 0 15 14 30 10 24 30 13 19 17 14 13 28 26 28 29 28 0 0 0 0 
0 0 0 0 0 0 0 0 0 0 0 0 0 0 0 0 0 0 0 0 0 0 0 0 0 0 0 0 0 0 0 0 0 0 0 0 0 0 0 0 0 0 0 0 0 0 0 0 0 0 0 0 0 0 0 0 18 22 10 29 
22 24 17 14 0 0 0 0 0 0 0 0 0 0 0 0 0 0 0 0 0 0 0 0 0 0 0 0 0 0 0 0 0 0 0 0 0 0 0 0 0 0 0 0 0 0 0 0 0 0 0 0 0 0 0 0 0 0 0 0 
0 0 0 0 15 29 29 20 0 0 0 0 0 0 0 0 0 0 0 0 30 26 24 16 0 0 0 0 0 0 0 0 0 0 0 0 0 0 0 0 0 0 0 0 0 0 0 0 0 0 0 0 12 23 13 24 0 0 0 0 
0 0 0 0 0 0 0 0 0 0 0 0 0 0 0 0 0 0 0 0 0 0 0 0 0 0 0 0 0 0 0 0 24 10 19 13 0 0 0 0 0 0 0 0 0 0 0 0 30 28 25 23 0 0 0 0 0 0 0 0 
0 0 0 0 23 30 19 28 23 18 28 19 14 12 25 18 0 0 0 0 24 26 25 18 21 27 20 12 23 18 15 23 13 26 27 13 10 15 11 14 0 0 0 0 19 27 17 15 26 17 18 13 0 0 0 0 0 0 0 0 
0 0 0 0 0 0 0 0 0 0 0 0 0 0 0 0 0 0 0 0 0 0 0 0 0 0 0 0 0 0 0 0 0 0 0 0 0 0 0 0 0 0 0 0 0 0 0 0 0 0 0 0 0 0 0 0 11 23 20 14 
23 25 24 29 0 0 0 0 0 0 0 0 0 0 0 0 0 0 0 0 0 0 0 0 0 0 0 0 0 0 0 0 0 0 0 0 0 0 0 0 0 0 0 0 0 0 0 0 0 0 0 0 0 0 0 0 0 0 0 0 
0 0 0 0 0 0 0 0 10 20 11 13 16 13 30 19 0 0 0 0 0 0 0 0 15 10 13 24 0 0 0 0 21 30 25 13 0 0 0 0 29 12 27 26 0 0 0 0 0 0 0 0 0 0 0 0 0 0 0 0 
0 0 0 0 16 25 15 13 12 22 22 16 30 16 19 23 11 29 12 15 12 11 11 20 28 13 20 28 30 14 25 17 25 16 26 17 0 0 0 0 0 0 0 0 14 24 30 26 17 28 28 10 0 0 0 0 0 0 0 0 
0 0 0 0 0 0 0 0 0 0 0 0 0 0 0 0 25 19 30 26 0 0 0 0 0 0 0 0 11 13 26 22 0 0 0 0 26 23 26 26 0 0 0 0 0 0 0 0 0 0 0 0 11 16 16 27 0 0 0 0 
0 0 0 0 0 0 0 0 0 0 0 0 0 0 0 0 0 0 0 0 0 0 0 0 0 0 0 0 0 0 0 0 0 0 0 0 0 0 0 0 0 0 0 0 0 0 0 0 0 0 0 0 0 0 0 0 30 16 27 15 
23 15 21 18 0 0 0 0 0 0 0 0 0 0 0 0 0 0 0 0 0 0 0 0 0 0 0 0 0 0 0 0 0 0 0 0 0 0 0 0 0 0 0 0 0 0 0 0 0 0 0 0 0 0 0 0 0 0 0 0 
0 0 0 0 28 12 28 21 0 0 0 0 0 0 0 0 0 0 0 0 0 0 0 0 0 0 0 0 0 0 0 0 0 0 0 0 0 0 0 0 0 0 0 0 22 13 18 14 0 0 0 0 25 19 23 19 0 0 0 0 
0 0 0 0 0 0 0 0 0 0 0 0 29 16 19 20 0 0 0 0 11 20 10 18 19 28 12 11 10 13 27 11 13 14 18 12 0 0 0 0 0 0 0 0 12 24 18 14 15 13 20 25 20 21 13 16 0 0 0 0 
0 0 0 0 0 0 0 0 0 0 0 0 13 27 15 20 17 26 13 28 14 28 27 11 0 0 0 0 18 19 30 17 10 17 25 18 12 17 10 26 22 25 23 29 0 0 0 0 19 27 21 27 22 12 22 10 0 0 0 0 
0 0 0 0 0 0 0 0 0 0 0 0 0 0 0 0 0 0 0 0 0 0 0 0 0 0 0 0 0 0 0 0 0 0 0 0 0 0 0 0 0 0 0 0 0 0 0 0 0 0 0 0 0 0 0 0 28 23 27 29 
18 17 23 10 0 0 0 0 0 0 0 0 0 0 0 0 0 0 0 0 0 0 0 0 0 0 0 0 0 0 0 0 0 0 0 0 0 0 0 0 0 0 0 0 0 0 0 0 0 0 0 0 0 0 0 0 0 0 0 0 
0 0 0 0 0 0 0 0 21 30 11 24 0 0 0 0 0 0 0 0 0 0 0 0 0 0 0 0 0 0 0 0 13 25 18 10 0 0 0 0 15 23 11 28 20 23 12 28 21 16 23 25 0 0 0 0 0 0 0 0 
0 0 0 0 0 0 0 0 11 21 14 22 14 30 27 20 27 13 22 26 0 0 0 0 26 16 27 21 28 30 18 23 25 22 13 25 16 29 19 13 15 19 25 27 0 0 0 0 24 16 15 24 21 16 17 22 0 0 0 0 
0 0 0 0 22 27 12 22 0 0 0 0 0 0 0 0 21 20 25 13 0 0 0 0 0 0 0 0 0 0 0 0 0 0 0 0 22 12 19 14 14 13 16 20 0 0 0 0 16 25 20 23 16 19 23 23 0 0 0 0 
0 0 0 0 0 0 0 0 0 0 0 0 0 0 0 0 0 0 0 0 0 0 0 0 0 0 0 0 0 0 0 0 0 0 0 0 0 0 0 0 0 0 0 0 0 0 0 0 0 0 0 0 0 0 0 0 22 20 11 22 
15 17 10 16 0 0 0 0 0 0 0 0 0 0 0 0 0 0 0 0 0 0 0 0 0 0 0 0 0 0 0 0 0 0 0 0 0 0 0 0 0 0 0 0 0 0 0 0 0 0 0 0 0 0 0 0 0 0 0 0 
0 0 0 0 23 19 18 13 0 0 0 0 0 0 0 0 24 24 10 10 27 14 27 26 0 0 0 0 17 20 26 24 30 19 14 23 0 0 0 0 18 23 12 30 27 19 11 21 11 27 23 30 17 24 25 16 0 0 0 0 
0 0 0 0 0 0 0 0 0 0 0 0 0 0 0 0 0 0 0 0 0 0 0 0 0 0 0 0 0 0 0 0 0 0 0 0 0 0 0 0 26 17 25 14 27 25 15 27 0 0 0 0 0 0 0 0 0 0 0 0 
0 0 0 0 24 21 20 10 11 21 15 27 18 21 12 21 13 17 21 12 0 0 0 0 18 12 14 15 0 0 0 0 17 26 21 21 0 0 0 0 0 0 0 0 28 19 11 14 21 19 10 24 0 0 0 0 0 0 0 0 
0 0 0 0 0 0 0 0 0 0 0 0 0 0 0 0 0 0 0 0 0 0 0 0 0 0 0 0 0 0 0 0 0 0 0 0 0 0 0 0 0 0 0 0 0 0 0 0 0 0 0 0 0 0 0 0 21 24 21 20 
18 12 27 21 0 0 0 0 0 0 0 0 0 0 0 0 0 0 0 0 0 0 0 0 0 0 0 0 0 0 0 0 0 0 0 0 0 0 0 0 0 0 0 0 0 0 0 0 0 0 0 0 0 0 0 0 0 0 0 0 
0 0 0 0 10 29 12 13 20 29 25 17 0 0 0 0 0 0 0 0 15 23 14 28 0 0 0 0 10 29 17 30 17 30 16 16 0 0 0 0 0 0 0 0 0 0 0 0 0 0 0 0 30 29 14 14 0 0 0 0 
0 0 0 0 0 0 0 0 17 28 10 29 23 18 20 10 0 0 0 0 0 0 0 0 0 0 0 0 0 0 0 0 0 0 0 0 0 0 0 0 0 0 0 0 28 15 24 21 11 14 23 21 0 0 0 0 0 0 0 0 
0 0 0 0 0 0 0 0 0 0 0 0 0 0 0 0 30 10 18 24 22 23 29 28 0 0 0 0 0 0 0 0 0 0 0 0 21 12 11 20 0 0 0 0 0 0 0 0 0 0 0 0 21 24 30 29 0 0 0 0 
0 0 0 0 0 0 0 0 0 0 0 0 0 0 0 0 0 0 0 0 0 0 0 0 0 0 0 0 0 0 0 0 0 0 0 0 0 0 0 0 0 0 0 0 0 0 0 0 0 0 0 0 0 0 0 0 18 15 23 22 
15 14 27 16 0 0 0 0 0 0 0 0 0 0 0 0 0 0 0 0 0 0 0 0 0 0 0 0 0 0 0 0 0 0 0 0 0 0 0 0 0 0 0 0 0 0 0 0 0 0 0 0 0 0 0 0 0 0 0 0 
0 0 0 0 29 14 21 30 22 10 29 27 24 20 17 14 22 30 14 19 0 0 0 0 16 29 15 28 12 19 11 28 15 10 14 14 25 28 16 23 0 0 0 0 13 19 14 14 0 0 0 0 0 0 0 0 0 0 0 0 
0 0 0 0 0 0 0 0 0 0 0 0 27 15 16 22 20 26 19 19 14 22 18 25 0 0 0 0 0 0 0 0 0 0 0 0 20 15 15 27 0 0 0 0 0 0 0 0 20 18 29 13 13 13 21 30 0 0 0 0 
0 0 0 0 0 0 0 0 0 0 0 0 24 26 14 13 0 0 0 0 19 27 20 16 22 25 25 11 29 26 19 19 24 26 26 21 0 0 0 0 13 15 30 23 27 20 29 21 22 22 17 11 14 20 12 17 0 0 0 0 
0 0 0 0 0 0 0 0 0 0 0 0 0 0 0 0 0 0 0 0 0 0 0 0 0 0 0 0 0 0 0 0 0 0 0 0 0 0 0 0 0 0 0 0 0 0 0 0 0 0 0 0 0 0 0 0 11 27 28 24 
13 21 11 16 0 0 0 0 0 0 0 0 0 0 0 0 0 0 0 0 0 0 0 0 0 0 0 0 0 0 0 0 0 0 0 0 0 0 0 0 0 0 0 0 0 0 0 0 0 0 0 0 0 0 0 0 0 0 0 0 
0 0 0 0 24 15 16 11 16 16 13 13 25 13 25 23 18 27 18 21 17 21 25 10 18 21 29 16 11 29 13 17 17 28 25 28 12 25 16 20 25 13 16 21 24 24 23 29 15 29 23 17 28 14 12 26 0 0 0 0 
0 0 0 0 20 11 24 24 15 12 30 25 30 14 22 11 23 10 13 20 13 28 14 21 20 13 20 14 17 22 29 19 12 29 15 22 18 22 20 12 24 25 23 21 26 17 14 26 13 20 12 30 29 20 20 15 0 0 0 0 
0 0 0 0 28 13 28 13 0 0 0 0 19 19 10 30 0 0 0 0 28 11 25 17 0 0 0 0 0 0 0 0 18 23 14 30 12 20 20 13 16 12 19 18 12 11 24 22 0 0 0 0 13 18 24 27 0 0 0 0 
0 0 0 0 0 0 0 0 0 0 0 0 0 0 0 0 0 0 0 0 0 0 0 0 0 0 0 0 0 0 0 0 0 0 0 0 0 0 0 0 0 0 0 0 0 0 0 0 0 0 0 0 0 0 0 0 26 15 10 15 
18 28 14 24 0 0 0 0 0 0 0 0 0 0 0 0 0 0 0 0 0 0 0 0 0 0 0 0 0 0 0 0 0 0 0 0 0 0 0 0 0 0 0 0 0 0 0 0 0 0 0 0 0 0 0 0 0 0 0 0 
0 0 0 0 0 0 0 0 0 0 0 0 30 24 11 19 16 17 11 20 0 0 0 0 0 0 0 0 10 27 19 18 0 0 0 0 0 0 0 0 20 14 11 22 0 0 0 0 10 13 18 25 10 11 17 18 0 0 0 0 
0 0 0 0 0 0 0 0 0 0 0 0 0 0 0 0 28 14 14 29 0 0 0 0 0 0 0 0 0 0 0 0 0 0 0 0 0 0 0 0 0 0 0 0 0 0 0 0 0 0 0 0 0 0 0 0 0 0 0 0 
0 0 0 0 13 17 20 21 20 10 12 11 13 21 20 25 0 0 0 0 0 0 0 0 23 22 13 19 25 29 10 30 15 30 16 14 0 0 0 0 10 14 18 25 12 14 16 20 20 22 26 11 16 16 10 15 0 0 0 0 
0 0 0 0 0 0 0 0 0 0 0 0 0 0 0 0 0 0 0 0 0 0 0 0 0 0 0 0 0 0 0 0 0 0 0 0 0 0 0 0 0 0 0 0 0 0 0 0 0 0 0 0 0 0 0 0 28 27 23 13 
25 15 17 28 0 0 0 0 0 0 0 0 0 0 0 0 0 0 0 0 0 0 0 0 0 0 0 0 0 0 0 0 0 0 0 0 0 0 0 0 0 0 0 0 0 0 0 0 0 0 0 0 0 0 0 0 0 0 0 0 
0 0 0 0 0 0 0 0 0 0 0 0 11 16 30 19 29 16 14 28 18 16 18 18 0 0 0 0 18 16 10 11 21 20 28 20 20 23 22 30 0 0 0 0 0 0 0 0 18 16 12 21 16 21 25 29 0 0 0 0 
0 0 0 0 10 28 23 10 16 16 29 30 30 25 28 29 26 22 11 20 11 18 27 30 0 0 0 0 25 30 14 14 11 22 28 11 0 0 0 0 14 26 22 16 27 14 25 25 25 24 11 30 0 0 0 0 0 0 0 0 
0 0 0 0 25 29 15 12 0 0 0 0 0 0 0 0 0 0 0 0 0 0 0 0 19 16 29 11 0 0 0 0 0 0 0 0 10 30 25 18 0 0 0 0 0 0 0 0 0 0 0 0 0 0 0 0 0 0 0 0 
0 0 0 0 0 0 0 0 0 0 0 0 0 0 0 0 0 0 0 0 0 0 0 0 0 0 0 0 0 0 0 0 0 0 0 0 0 0 0 0 0 0 0 0 0 0 0 0 0 0 0 0 0 0 0 0 11 28 27 10 
28 27 15 11 0 0 0 0 0 0 0 0 0 0 0 0 0 0 0 0 0 0 0 0 0 0 0 0 0 0 0 0 0 0 0 0 0 0 0 0 0 0 0 0 0 0 0 0 0 0 0 0 0 0 0 0 0 0 0 0 
0 0 0 0 19 27 15 28 18 27 12 30 20 29 23 25 27 26 13 25 20 26 23 15 19 12 30 18 25 30 11 21 25 10 18 29 11 25 29 17 30 27 20 16 14 22 15 16 19 14 13 25 28 28 26 29 0 0 0 0 
0 0 0 0 0 0 0 0 0 0 0 0 0 0 0 0 0 0 0 0 0 0 0 0 25 11 26 20 0 0 0 0 0 0 0 0 0 0 0 0 0 0 0 0 0 0 0 0 0 0 0 0 0 0 0 0 0 0 0 0 
0 0 0 0 18 14 15 15 15 24 20 18 17 11 13 24 14 28 30 24 12 24 13 18 0 0 0 0 18 14 23 21 18 16 26 19 0 0 0 0 17 22 16 21 15 28 14 29 26 22 13 26 29 19 10 10 0 0 0 0 
0 0 0 0 0 0 0 0 0 0 0 0 0 0 0 0 0 0 0 0 0 0 0 0 0 0 0 0 0 0 0 0 0 0 0 0 0 0 0 0 0 0 0 0 0 0 0 0 0 0 0 0 0 0 0 0 19 30 14 16 
21 26 30 30 0 0 0 0 0 0 0 0 0 0 0 0 0 0 0 0 0 0 0 0 0 0 0 0 0 0 0 0 0 0 0 0 0 0 0 0 0 0 0 0 0 0 0 0 0 0 0 0 0 0 0 0 0 0 0 0 
0 0 0 0 13 27 29 28 20 16 30 13 0 0 0 0 0 0 0 0 0 0 0 0 15 24 29 11 11 16 25 17 11 11 21 16 0 0 0 0 0 0 0 0 24 26 18 18 22 14 10 12 20 10 23 23 0 0 0 0 
0 0 0 0 0 0 0 0 15 19 29 15 18 17 26 17 21 22 16 25 30 15 30 14 21 10 28 22 25 12 22 10 27 15 22 19 0 0 0 0 11 11 16 12 0 0 0 0 0 0 0 0 18 24 29 24 0 0 0 0 
0 0 0 0 0 0 0 0 18 14 26 17 0 0 0 0 20 10 25 29 0 0 0 0 0 0 0 0 28 19 28 25 0 0 0 0 0 0 0 0 0 0 0 0 0 0 0 0 19 15 28 14 0 0 0 0 0 0 0 0 
0 0 0 0 0 0 0 0 0 0 0 0 0 0 0 0 0 0 0 0 0 0 0 0 0 0 0 0 0 0 0 0 0 0 0 0 0 0 0 0 0 0 0 0 0 0 0 0 0 0 0 0 0 0 0 0 26 27 25 27 
10 30 11 13 0 0 0 0 0 0 0 0 0 0 0 0 0 0 0 0 0 0 0 0 0 0 0 0 0 0 0 0 0 0 0 0 0 0 0 0 0 0 0 0 0 0 0 0 0 0 0 0 0 0 0 0 0 0 0 0 
0 0 0 0 0 0 0 0 27 26 16 30 21 15 12 11 22 28 29 10 0 0 0 0 0 0 0 0 0 0 0 0 12 26 11 26 12 21 27 18 11 19 28 12 15 26 29 19 21 25 23 25 22 11 12 29 0 0 0 0 
0 0 0 0 13 15 25 21 0 0 0 0 11 26 13 28 0 0 0 0 0 0 0 0 0 0 0 0 14 10 21 23 25 18 14 10 23 29 13 28 0 0 0 0 14 17 13 21 0 0 0 0 23 26 18 15 0 0 0 0 
0 0 0 0 0 0 0 0 0 0 0 0 20 10 12 26 28 27 10 20 0 0 0 0 0 0 0 0 0 0 0 0 18 16 24 19 0 0 0 0 0 0 0 0 0 0 0 0 10 14 27 28 19 14 23 11 0 0 0 0 
0 0 0 0 0 0 0 0 0 0 0 0 0 0 0 0 0 0 0 0 0 0 0 0 0 0 0 0 0 0 0 0 0 0 0 0 0 0 0 0 0 0 0 0 0 0 0 0 0 0 0 0 0 0 0 0 12 14 26 17 
13 26 11 19 0 0 0 0 0 0 0 0 0 0 0 0 0 0 0 0 0 0 0 0 0 0 0 0 0 0 0 0 0 0 0 0 0 0 0 0 0 0 0 0 0 0 0 0 0 0 0 0 0 0 0 0 0 0 0 0 
0 0 0 0 0 0 0 0 0 0 0 0 0 0 0 0 23 16 20 30 0 0 0 0 18 20 12 11 24 26 28 25 0 0 0 0 0 0 0 0 0 0 0 0 0 0 0 0 0 0 0 0 0 0 0 0 0 0 0 0 
0 0 0 0 29 19 17 26 21 11 29 19 13 14 17 15 22 11 26 27 22 19 27 30 27 28 10 14 30 19 16 14 16 25 17 16 14 22 27 20 10 15 12 16 21 25 28 26 30 22 12 28 11 11 29 16 0 0 0 0 
0 0 0 0 12 11 25 22 0 0 0 0 12 11 30 30 19 12 22 14 15 29 18 23 0 0 0 0 22 21 19 17 20 25 28 10 15 27 22 10 28 21 22 20 12 29 15 29 14 20 13 23 14 24 15 26 0 0 0 0 
0 0 0 0 0 0 0 0 0 0 0 0 0 0 0 0 0 0 0 0 0 0 0 0 0 0 0 0 0 0 0 0 0 0 0 0 0 0 0 0 0 0 0 0 0 0 0 0 0 0 0 0 0 0 0 0 30 22 24 10 
13 25 22 25 0 0 0 0 0 0 0 0 0 0 0 0 0 0 0 0 0 0 0 0 0 0 0 0 0 0 0 0 0 0 0 0 0 0 0 0 0 0 0 0 0 0 0 0 0 0 0 0 0 0 0 0 0 0 0 0 
0 0 0 0 28 16 22 15 29 19 12 27 17 30 22 27 27 24 27 23 0 0 0 0 11 25 23 22 11 16 20 30 17 29 12 17 16 21 30 21 20 14 13 15 10 22 21 10 0 0 0 0 16 30 23 16 0 0 0 0 
0 0 0 0 27 20 11 17 29 22 23 11 11 19 11 22 12 28 30 17 22 13 20 10 14 25 16 28 23 14 20 19 18 15 25 28 15 14 21 23 29 18 20 18 18 24 20 24 21 27 30 11 27 18 21 20 0 0 0 0 
0 0 0 0 25 20 17 21 13 24 22 14 25 10 24 23 18 21 13 22 19 16 13 22 0 0 0 0 12 15 16 14 29 18 24 11 17 20 14 14 11 15 20 21 19 28 13 16 23 21 30 24 15 21 30 11 0 0 0 0 
0 0 0 0 0 0 0 0 0 0 0 0 0 0 0 0 0 0 0 0 0 0 0 0 0 0 0 0 0 0 0 0 0 0 0 0 0 0 0 0 0 0 0 0 0 0 0 0 0 0 0 0 0 0 0 0 13 22 10 30 
16 24 29 13 0 0 0 0 0 0 0 0 0 0 0 0 0 0 0 0 0 0 0 0 0 0 0 0 0 0 0 0 0 0 0 0 0 0 0 0 0 0 0 0 0 0 0 0 0 0 0 0 0 0 0 0 0 0 0 0 
0 0 0 0 0 0 0 0 16 10 14 13 0 0 0 0 0 0 0 0 0 0 0 0 0 0 0 0 0 0 0 0 16 26 21 12 19 11 12 21 0 0 0 0 0 0 0 0 0 0 0 0 0 0 0 0 0 0 0 0 
0 0 0 0 0 0 0 0 24 10 21 12 0 0 0 0 0 0 0 0 0 0 0 0 0 0 0 0 0 0 0 0 0 0 0 0 0 0 0 0 0 0 0 0 0 0 0 0 0 0 0 0 0 0 0 0 0 0 0 0 
0 0 0 0 13 30 17 29 0 0 0 0 0 0 0 0 0 0 0 0 0 0 0 0 23 21 16 22 0 0 0 0 0 0 0 0 0 0 0 0 0 0 0 0 30 19 10 14 0 0 0 0 0 0 0 0 0 0 0 0 
0 0 0 0 0 0 0 0 0 0 0 0 0 0 0 0 0 0 0 0 0 0 0 0 0 0 0 0 0 0 0 0 0 0 0 0 0 0 0 0 0 0 0 0 0 0 0 0 0 0 0 0 0 0 0 0 24 11 15 13 
14 25 27 15 0 0 0 0 0 0 0 0 0 0 0 0 0 0 0 0 0 0 0 0 0 0 0 0 0 0 0 0 0 0 0 0 0 0 0 0 0 0 0 0 0 0 0 0 0 0 0 0 0 0 0 0 0 0 0 0 
0 0 0 0 0 0 0 0 0 0 0 0 0 0 0 0 0 0 0 0 0 0 0 0 0 0 0 0 0 0 0 0 17 10 28 10 0 0 0 0 0 0 0 0 0 0 0 0 0 0 0 0 0 0 0 0 0 0 0 0 
0 0 0 0 0 0 0 0 0 0 0 0 0 0 0 0 0 0 0 0 0 0 0 0 0 0 0 0 16 19 10 18 0 0 0 0 0 0 0 0 17 10 14 19 0 0 0 0 0 0 0 0 0 0 0 0 0 0 0 0 
0 0 0 0 0 0 0 0 22 21 22 17 24 29 14 21 12 19 30 18 28 29 15 18 0 0 0 0 0 0 0 0 0 0 0 0 21 20 11 22 13 11 29 10 18 13 18 23 11 22 15 30 0 0 0 0 0 0 0 0 
0 0 0 0 0 0 0 0 0 0 0 0 0 0 0 0 0 0 0 0 0 0 0 0 0 0 0 0 0 0 0 0 0 0 0 0 0 0 0 0 0 0 0 0 0 0 0 0 0 0 0 0 0 0 0 0 20 20 18 22 
20 18 21 17 0 0 0 0 0 0 0 0 0 0 0 0 0 0 0 0 0 0 0 0 0 0 0 0 0 0 0 0 0 0 0 0 0 0 0 0 0 0 0 0 0 0 0 0 0 0 0 0 0 0 0 0 0 0 0 0 
0 0 0 0 28 21 29 16 0 0 0 0 0 0 0 0 0 0 0 0 0 0 0 0 23 19 17 12 0 0 0 0 0 0 0 0 0 0 0 0 0 0 0 0 0 0 0 0 0 0 0 0 29 14 18 12 0 0 0 0 
0 0 0 0 29 11 13 27 0 0 0 0 22 10 29 13 0 0 0 0 0 0 0 0 18 23 11 28 25 16 20 17 0 0 0 0 16 10 20 19 0 0 0 0 0 0 0 0 28 26 28 22 0 0 0 0 0 0 0 0 
0 0 0 0 19 11 14 23 0 0 0 0 26 29 12 19 17 12 19 10 13 24 30 11 15 22 22 11 24 23 27 30 12 30 25 11 20 27 10 22 15 29 29 23 22 23 25 16 28 25 13 20 17 14 28 29 0 0 0 0 
0 0 0 0 0 0 0 0 0 0 0 0 0 0 0 0 0 0 0 0 0 0 0 0 0 0 0 0 0 0 0 0 0 0 0 0 0 0 0 0 0 0 0 0 0 0 0 0 0 0 0 0 0 0 0 0 23 14 13 24 
24 21 10 21 0 0 0 0 0 0 0 0 0 0 0 0 0 0 0 0 0 0 0 0 0 0 0 0 0 0 0 0 0 0 0 0 0 0 0 0 0 0 0 0 0 0 0 0 0 0 0 0 0 0 0 0 0 0 0 0 
0 0 0 0 0 0 0 0 0 0 0 0 30 24 16 11 25 15 20 24 0 0 0 0 0 0 0 0 0 0 0 0 0 0 0 0 22 30 18 19 0 0 0 0 0 0 0 0 18 18 16 12 15 16 26 18 0 0 0 0 
0 0 0 0 21 17 16 17 22 24 27 21 20 30 13 29 29 25 24 23 17 24 27 12 19 24 10 12 16 10 14 25 27 22 25 11 15 27 21 19 13 25 13 19 28 25 28 17 26 20 21 17 0 0 0 0 0 0 0 0 
0 0 0 0 25 27 22 26 26 22 10 24 0 0 0 0 0 0 0 0 0 0 0 0 27 15 28 13 0 0 0 0 0 0 0 0 0 0 0 0 19 12 24 30 0 0 0 0 26 30 17 10 0 0 0 0 0 0 0 0 
0 0 0 0 0 0 0 0 0 0 0 0 0 0 0 0 0 0 0 0 0 0 0 0 0 0 0 0 0 0 0 0 0 0 0 0 0 0 0 0 0 0 0 0 0 0 0 0 0 0 0 0 0 0 0 0 21 24 22 29 
20 23 13 20 0 0 0 0 0 0 0 0 0 0 0 0 0 0 0 0 0 0 0 0 0 0 0 0 0 0 0 0 0 0 0 0 0 0 0 0 0 0 0 0 0 0 0 0 0 0 0 0 0 0 0 0 0 0 0 0 
0 0 0 0 0 0 0 0 0 0 0 0 20 18 22 17 0 0 0 0 21 28 27 27 15 11 20 26 0 0 0 0 18 20 12 21 25 12 26 20 19 15 21 21 13 15 30 27 14 25 10 27 16 12 25 23 0 0 0 0 
0 0 0 0 0 0 0 0 20 29 16 17 18 16 30 13 29 23 29 15 26 19 16 23 0 0 0 0 17 10 16 11 0 0 0 0 28 19 15 25 21 12 10 30 0 0 0 0 18 21 13 21 20 25 21 10 0 0 0 0 
0 0 0 0 24 16 21 13 23 20 24 26 28 23 30 14 10 22 20 11 27 11 18 13 0 0 0 0 0 0 0 0 11 29 22 25 0 0 0 0 20 20 18 24 0 0 0 0 23 11 19 19 11 12 28 12 0 0 0 0 
0 0 0 0 0 0 0 0 0 0 0 0 0 0 0 0 0 0 0 0 0 0 0 0 0 0 0 0 0 0 0 0 0 0 0 0 0 0 0 0 0 0 0 0 0 0 0 0 0 0 0 0 0 0 0 0 18 13 23 27 
17 12 29 14 0 0 0 0 0 0 0 0 0 0 0 0 0 0 0 0 0 0 0 0 0 0 0 0 0 0 0 0 0 0 0 0 0 0 0 0 0 0 0 0 0 0 0 0 0 0 0 0 0 0 0 0 0 0 0 0 
0 0 0 0 0 0 0 0 0 0 0 0 0 0 0 0 0 0 0 0 0 0 0 0 0 0 0 0 0 0 0 0 0 0 0 0 14 16 29 23 0 0 0 0 0 0 0 0 0 0 0 0 0 0 0 0 0 0 0 0 
0 0 0 0 13 27 20 19 0 0 0 0 0 0 0 0 29 10 15 16 0 0 0 0 0 0 0 0 0 0 0 0 19 12 11 20 20 18 15 29 0 0 0 0 18 15 19 24 29 27 14 10 19 24 11 23 0 0 0 0 
0 0 0 0 14 15 29 23 0 0 0 0 12 24 22 15 10 16 12 14 29 16 22 20 0 0 0 0 22 16 13 26 18 17 18 30 23 24 20 19 0 0 0 0 28 22 17 24 11 16 24 18 0 0 0 0 0 0 0 0 
0 0 0 0 0 0 0 0 0 0 0 0 0 0 0 0 0 0 0 0 0 0 0 0 0 0 0 0 0 0 0 0 0 0 0 0 0 0 0 0 0 0 0 0 0 0 0 0 0 0 0 0 0 0 0 0 29 28 13 16 
10 30 26 27 0 0 0 0 0 0 0 0 0 0 0 0 0 0 0 0 0 0 0 0 0 0 0 0 0 0 0 0 0 0 0 0 0 0 0 0 0 0 0 0 0 0 0 0 0 0 0 0 0 0 0 0 0 0 0 0 
0 0 0 0 0 0 0 0 20 17 23 10 19 15 27 10 0 0 0 0 0 0 0 0 14 21 26 15 20 24 10 13 0 0 0 0 0 0 0 0 26 10 19 22 21 15 13 14 24 29 16 23 21 18 27 25 0 0 0 0 
0 0 0 0 0 0 0 0 0 0 0 0 0 0 0 0 0 0 0 0 0 0 0 0 0 0 0 0 0 0 0 0 0 0 0 0 0 0 0 0 25 20 17 13 0 0 0 0 0 0 0 0 0 0 0 0 0 0 0 0 
0 0 0 0 29 25 23 11 0 0 0 0 27 12 16 28 14 29 11 18 0 0 0 0 0 0 0 0 0 0 0 0 28 16 13 19 0 0 0 0 11 30 17 16 0 0 0 0 20 28 11 11 0 0 0 0 0 0 0 0 
0 0 0 0 0 0 0 0 0 0 0 0 0 0 0 0 0 0 0 0 0 0 0 0 0 0 0 0 0 0 0 0 0 0 0 0 0 0 0 0 0 0 0 0 0 0 0 0 0 0 0 0 0 0 0 0 10 27 25 25 
21 14 27 17 0 0 0 0 0 0 0 0 0 0 0 0 0 0 0 0 0 0 0 0 0 0 0 0 0 0 0 0 0 0 0 0 0 0 0 0 0 0 0 0 0 0 0 0 0 0 0 0 0 0 0 0 0 0 0 0 
0 0 0 0 0 0 0 0 0 0 0 0 0 0 0 0 0 0 0 0 0 0 0 0 0 0 0 0 25 21 30 20 0 0 0 0 0 0 0 0 0 0 0 0 0 0 0 0 0 0 0 0 16 12 30 30 0 0 0 0 
0 0 0 0 0 0 0 0 0 0 0 0 0 0 0 0 0 0 0 0 0 0 0 0 0 0 0 0 0 0 0 0 0 0 0 0 0 0 0 0 0 0 0 0 0 0 0 0 25 25 22 15 0 0 0 0 0 0 0 0 
0 0 0 0 14 11 14 13 29 15 14 11 0 0 0 0 29 17 30 15 14 28 16 19 0 0 0 0 0 0 0 0 0 0 0 0 26 25 25 28 0 0 0 0 29 10 10 26 23 29 16 11 0 0 0 0 0 0 0 0 
0 0 0 0 0 0 0 0 0 0 0 0 0 0 0 0 0 0 0 0 0 0 0 0 0 0 0 0 0 0 0 0 0 0 0 0 0 0 0 0 0 0 0 0 0 0 0 0 0 0 0 0 0 0 0 0 11 21 23 19 
26 11 21 24 0 0 0 0 0 0 0 0 0 0 0 0 0 0 0 0 0 0 0 0 0 0 0 0 0 0 0 0 0 0 0 0 0 0 0 0 0 0 0 0 0 0 0 0 0 0 0 0 0 0 0 0 0 0 0 0 
0 0 0 0 26 20 30 22 13 19 12 15 19 28 18 15 22 28 18 27 10 29 10 13 27 17 13 21 13 22 20 14 19 25 13 13 26 16 17 20 27 21 30 10 19 30 28 26 16 29 30 13 17 11 21 16 0 0 0 0 
0 0 0 0 11 28 22 23 30 17 25 26 23 18 19 12 0 0 0 0 23 11 17 23 0 0 0 0 11 22 19 10 18 15 20 30 14 19 19 25 30 29 21 11 0 0 0 0 17 27 19 18 17 15 21 12 0 0 0 0 
0 0 0 0 16 18 16 22 22 28 15 15 22 10 18 24 21 14 16 23 19 18 18 24 26 25 25 24 29 13 11 30 27 23 11 28 12 14 13 13 13 15 25 23 28 26 18 13 11 27 15 17 14 11 30 20 0 0 0 0 
0 0 0 0 0 0 0 0 0 0 0 0 0 0 0 0 0 0 0 0 0 0 0 0 0 0 0 0 0 0 0 0 0 0 0 0 0 0 0 0 0 0 0 0 0 0 0 0 0 0 0 0 0 0 0 0 19 28 25 15 
12 27 22 29 0 0 0 0 0 0 0 0 0 0 0 0 0 0 0 0 0 0 0 0 0 0 0 0 0 0 0 0 0 0 0 0 0 0 0 0 0 0 0 0 0 0 0 0 0 0 0 0 0 0 0 0 0 0 0 0 
0 0 0 0 19 10 14 25 0 0 0 0 27 11 20 20 20 26 16 24 0 0 0 0 24 13 19 17 0 0 0 0 0 0 0 0 25 16 23 18 11 22 27 21 0 0 0 0 0 0 0 0 0 0 0 0 0 0 0 0 
0 0 0 0 0 0 0 0 0 0 0 0 25 26 21 13 0 0 0 0 0 0 0 0 0 0 0 0 0 0 0 0 0 0 0 0 0 0 0 0 24 21 17 23 10 23 16 26 0 0 0 0 0 0 0 0 0 0 0 0 
0 0 0 0 14 21 10 30 11 19 30 14 20 15 11 19 17 20 24 11 0 0 0 0 19 22 12 17 30 12 30 20 25 27 28 23 12 10 26 27 27 22 21 12 15 21 11 13 18 19 20 24 30 18 24 10 0 0 0 0 
0 0 0 0 0 0 0 0 0 0 0 0 0 0 0 0 0 0 0 0 0 0 0 0 0 0 0 0 0 0 0 0 0 0 0 0 0 0 0 0 0 0 0 0 0 0 0 0 0 0 0 0 0 0 0 0 18 22 26 13 
10 10 21 30 0 0 0 0 0 0 0 0 0 0 0 0 0 0 0 0 0 0 0 0 0 0 0 0 0 0 0 0 0 0 0 0 0 0 0 0 0 0 0 0 0 0 0 0 0 0 0 0 0 0 0 0 0 0 0 0 
0 0 0 0 26 10 26 10 27 21 18 23 28 27 16 29 0 0 0 0 25 18 18 16 21 10 23 24 0 0 0 0 0 0 0 0 0 0 0 0 15 30 17 27 0 0 0 0 13 19 23 26 0 0 0 0 0 0 0 0 
0 0 0 0 0 0 0 0 22 29 14 16 26 14 19 14 0 0 0 0 0 0 0 0 28 22 30 17 0 0 0 0 0 0 0 0 0 0 0 0 0 0 0 0 0 0 0 0 0 0 0 0 0 0 0 0 0 0 0 0 
0 0 0 0 12 19 15 16 0 0 0 0 0 0 0 0 17 16 18 29 0 0 0 0 0 0 0 0 0 0 0 0 0 0 0 0 22 22 17 17 27 30 16 29 21 21 16 21 30 19 14 13 27 27 23 23 0 0 0 0 
0 0 0 0 0 0 0 0 0 0 0 0 0 0 0 0 0 0 0 0 0 0 0 0 0 0 0 0 0 0 0 0 0 0 0 0 0 0 0 0 0 0 0 0 0 0 0 0 0 0 0 0 0 0 0 0 11 27 21 29 
12 19 23 17 0 0 0 0 0 0 0 0 0 0 0 0 0 0 0 0 0 0 0 0 0 0 0 0 0 0 0 0 0 0 0 0 0 0 0 0 0 0 0 0 0 0 0 0 0 0 0 0 0 0 0 0 0 0 0 0 
0 0 0 0 0 0 0 0 11 28 14 18 0 0 0 0 0 0 0 0 22 11 28 13 27 15 11 26 24 21 24 24 29 29 16 21 0 0 0 0 0 0 0 0 0 0 0 0 0 0 0 0 0 0 0 0 0 0 0 0 
0 0 0 0 0 0 0 0 0 0 0 0 0 0 0 0 0 0 0 0 0 0 0 0 0 0 0 0 0 0 0 0 0 0 0 0 0 0 0 0 19 21 14 15 0 0 0 0 0 0 0 0 0 0 0 0 0 0 0 0 
0 0 0 0 0 0 0 0 0 0 0 0 0 0 0 0 10 27 17 29 0 0 0 0 0 0 0 0 0 0 0 0 0 0 0 0 20 13 18 10 0 0 0 0 0 0 0 0 20 18 13 23 0 0 0 0 0 0 0 0 
0 0 0 0 0 0 0 0 0 0 0 0 0 0 0 0 0 0 0 0 0 0 0 0 0 0 0 0 0 0 0 0 0 0 0 0 0 0 0 0 0 0 0 0 0 0 0 0 0 0 0 0 0 0 0 0 22 20 22 11 
28 12 12 20 0 0 0 0 0 0 0 0 0 0 0 0 0 0 0 0 0 0 0 0 0 0 0 0 0 0 0 0 0 0 0 0 0 0 0 0 0 0 0 0 0 0 0 0 0 0 0 0 0 0 0 0 0 0 0 0 
0 0 0 0 25 19 20 26 21 28 10 16 13 30 18 25 23 27 22 21 0 0 0 0 24 23 20 26 30 16 14 10 20 19 25 21 0 0 0 0 23 23 28 28 28 20 26 28 19 20 15 16 13 10 20 29 0 0 0 0 
0 0 0 0 0 0 0 0 0 0 0 0 15 17 30 25 0 0 0 0 10 14 22 30 22 15 21 14 0 0 0 0 14 24 28 20 0 0 0 0 20 26 12 25 26 13 15 13 0 0 0 0 0 0 0 0 0 0 0 0 
0 0 0 0 0 0 0 0 0 0 0 0 0 0 0 0 15 24 26 11 0 0 0 0 0 0 0 0 0 0 0 0 10 19 29 15 0 0 0 0 0 0 0 0 0 0 0 0 0 0 0 0 0 0 0 0 0 0 0 0 
0 0 0 0 0 0 0 0 0 0 0 0 0 0 0 0 0 0 0 0 0 0 0 0 0 0 0 0 0 0 0 0 0 0 0 0 0 0 0 0 0 0 0 0 0 0 0 0 0 0 0 0 0 0 0 0 28 15 25 14 
30 20 17 16 0 0 0 0 0 0 0 0 0 0 0 0 0 0 0 0 0 0 0 0 0 0 0 0 0 0 0 0 0 0 0 0 0 0 0 0 0 0 0 0 0 0 0 0 0 0 0 0 0 0 0 0 0 0 0 0 
0 0 0 0 13 24 29 19 28 20 23 13 14 30 19 21 18 16 19 13 23 30 22 19 0 0 0 0 17 29 10 10 15 12 21 30 27 10 25 13 0 0 0 0 15 12 20 15 13 15 23 13 30 21 11 15 0 0 0 0 
0 0 0 0 0 0 0 0 0 0 0 0 0 0 0 0 28 21 17 25 29 16 25 15 0 0 0 0 0 0 0 0 30 27 23 16 0 0 0 0 12 13 14 25 29 20 17 18 0 0 0 0 0 0 0 0 0 0 0 0 
0 0 0 0 20 12 27 13 29 18 20 24 29 26 14 16 11 18 27 24 13 10 23 18 16 29 22 13 29 17 29 29 22 28 15 19 11 14 13 17 26 19 12 16 15 14 29 16 30 24 13 12 22 22 15 24 0 0 0 0 
0 0 0 0 0 0 0 0 0 0 0 0 0 0 0 0 0 0 0 0 0 0 0 0 0 0 0 0 0 0 0 0 0 0 0 0 0 0 0 0 0 0 0 0 0 0 0 0 0 0 0 0 0 0 0 0 15 13 14 11 
14 26 19 27 0 0 0 0 0 0 0 0 0 0 0 0 0 0 0 0 0 0 0 0 0 0 0 0 0 0 0 0 0 0 0 0 0 0 0 0 0 0 0 0 0 0 0 0 0 0 0 0 0 0 0 0 0 0 0 0 
0 0 0 0 0 0 0 0 0 0 0 0 15 30 18 22 0 0 0 0 0 0 0 0 0 0 0 0 0 0 0 0 0 0 0 0 0 0 0 0 0 0 0 0 15 14 16 22 17 28 24 20 0 0 0 0 0 0 0 0 
0 0 0 0 0 0 0 0 0 0 0 0 21 25 29 11 16 11 25 23 28 12 26 21 12 19 16 28 25 11 30 15 0 0 0 0 29 12 13 11 13 10 29 20 0 0 0 0 0 0 0 0 11 30 11 17 0 0 0 0 
0 0 0 0 0 0 0 0 0 0 0 0 22 15 11 21 0 0 0 0 24 13 23 29 0 0 0 0 0 0 0 0 29 16 28 16 0 0 0 0 23 20 22 30 0 0 0 0 20 22 20 22 0 0 0 0 0 0 0 0 
0 0 0 0 0 0 0 0 0 0 0 0 0 0 0 0 0 0 0 0 0 0 0 0 0 0 0 0 0 0 0 0 0 0 0 0 0 0 0 0 0 0 0 0 0 0 0 0 0 0 0 0 0 0 0 0 14 14 29 16 
12 19 23 11 0 0 0 0 0 0 0 0 0 0 0 0 0 0 0 0 0 0 0 0 0 0 0 0 0 0 0 0 0 0 0 0 0 0 0 0 0 0 0 0 0 0 0 0 0 0 0 0 0 0 0 0 0 0 0 0 
0 0 0 0 0 0 0 0 0 0 0 0 0 0 0 0 0 0 0 0 17 23 12 17 0 0 0 0 28 10 22 26 0 0 0 0 24 17 23 24 21 18 23 10 19 12 28 25 0 0 0 0 22 11 16 19 0 0 0 0 
0 0 0 0 10 23 29 11 0 0 0 0 23 26 17 12 24 21 13 29 13 19 15 11 0 0 0 0 0 0 0 0 28 13 20 19 0 0 0 0 16 20 21 14 12 30 15 30 21 30 30 24 0 0 0 0 0 0 0 0 
0 0 0 0 29 10 16 25 0 0 0 0 20 24 24 27 0 0 0 0 20 29 30 21 11 25 14 20 10 23 16 22 12 21 10 16 27 21 19 20 27 18 22 11 30 16 13 27 25 10 12 28 23 17 20 14 0 0 0 0 
0 0 0 0 0 0 0 0 0 0 0 0 0 0 0 0 0 0 0 0 0 0 0 0 0 0 0 0 0 0 0 0 0 0 0 0 0 0 0 0 0 0 0 0 0 0 0 0 0 0 0 0 0 0 0 0 12 15 26 11 
15 23 30 25 0 0 0 0 0 0 0 0 0 0 0 0 0 0 0 0 0 0 0 0 0 0 0 0 0 0 0 0 0 0 0 0 0 0 0 0 0 0 0 0 0 0 0 0 0 0 0 0 0 0 0 0 0 0 0 0 
0 0 0 0 10 21 29 16 22 24 16 18 20 17 11 20 30 24 30 18 12 27 19 28 29 27 23 15 23 17 16 24 14 28 19 24 28 15 26 28 13 15 10 12 24 27 29 18 22 17 16 10 16 26 16 14 0 0 0 0 
0 0 0 0 23 21 13 22 0 0 0 0 25 14 22 17 12 28 26 21 21 12 27 23 10 16 16 10 12 25 22 29 10 16 29 30 19 14 16 28 25 17 10 25 27 15 30 30 25 23 13 10 26 27 18 23 0 0 0 0 
0 0 0 0 24 26 24 28 0 0 0 0 0 0 0 0 0 0 0 0 0 0 0 0 0 0 0 0 0 0 0 0 0 0 0 0 17 19 13 26 0 0 0 0 15 16 26 17 29 24 19 20 0 0 0 0 0 0 0 0 
0 0 0 0 0 0 0 0 0 0 0 0 0 0 0 0 0 0 0 0 0 0 0 0 0 0 0 0 0 0 0 0 0 0 0 0 0 0 0 0 0 0 0 0 0 0 0 0 0 0 0 0 0 0 0 0 23 17 23 16 
11 25 12 28 0 0 0 0 0 0 0 0 0 0 0 0 0 0 0 0 0 0 0 0 0 0 0 0 0 0 0 0 0 0 0 0 0 0 0 0 0 0 0 0 0 0 0 0 0 0 0 0 0 0 0 0 0 0 0 0 
0 0 0 0 0 0 0 0 26 29 15 24 20 30 23 26 22 16 13 18 0 0 0 0 19 29 28 22 29 28 20 27 0 0 0 0 10 30 17 14 0 0 0 0 0 0 0 0 0 0 0 0 0 0 0 0 0 0 0 0 
0 0 0 0 19 25 12 17 10 26 18 25 18 18 15 17 26 15 21 18 20 20 25 14 15 12 10 25 16 29 16 23 20 11 27 10 23 13 29 25 17 17 25 17 21 27 30 23 11 22 26 24 0 0 0 0 0 0 0 0 
0 0 0 0 16 28 20 29 0 0 0 0 0 0 0 0 0 0 0 0 19 11 19 20 16 22 22 18 16 27 11 11 0 0 0 0 0 0 0 0 17 23 17 26 0 0 0 0 0 0 0 0 12 11 28 19 0 0 0 0 
0 0 0 0 0 0 0 0 0 0 0 0 0 0 0 0 0 0 0 0 0 0 0 0 0 0 0 0 0 0 0 0 0 0 0 0 0 0 0 0 0 0 0 0 0 0 0 0 0 0 0 0 0 0 0 0 15 22 15 13 
27 28 12 22 0 0 0 0 0 0 0 0 0 0 0 0 0 0 0 0 0 0 0 0 0 0 0 0 0 0 0 0 0 0 0 0 0 0 0 0 0 0 0 0 0 0 0 0 0 0 0 0 0 0 0 0 0 0 0 0 
0 0 0 0 27 23 25 16 0 0 0 0 0 0 0 0 0 0 0 0 0 0 0 0 0 0 0 0 0 0 0 0 0 0 0 0 0 0 0 0 0 0 0 0 0 0 0 0 0 0 0 0 0 0 0 0 0 0 0 0 
0 0 0 0 0 0 0 0 0 0 0 0 0 0 0 0 0 0 0 0 0 0 0 0 0 0 0 0 0 0 0 0 0 0 0 0 0 0 0 0 0 0 0 0 0 0 0 0 30 17 27 27 0 0 0 0 0 0 0 0 
0 0 0 0 0 0 0 0 0 0 0 0 23 24 28 24 0 0 0 0 0 0 0 0 0 0 0 0 20 17 15 23 0 0 0 0 0 0 0 0 22 17 17 13 0 0 0 0 15 12 12 28 0 0 0 0 0 0 0 0 
0 0 0 0 0 0 0 0 0 0 0 0 0 0 0 0 0 0 0 0 0 0 0 0 0 0 0 0 0 0 0 0 0 0 0 0 0 0 0 0 0 0 0 0 0 0 0 0 0 0 0 0 0 0 0 0 21 29 25 13 
11 26 14 19 0 0 0 0 0 0 0 0 0 0 0 0 0 0 0 0 0 0 0 0 0 0 0 0 0 0 0 0 0 0 0 0 0 0 0 0 0 0 0 0 0 0 0 0 0 0 0 0 0 0 0 0 0 0 0 0 
0 0 0 0 0 0 0 0 0 0 0 0 0 0 0 0 22 26 22 11 0 0 0 0 0 0 0 0 0 0 0 0 0 0 0 0 0 0 0 0 0 0 0 0 0 0 0 0 0 0 0 0 0 0 0 0 0 0 0 0 
0 0 0 0 0 0 0 0 0 0 0 0 0 0 0 0 0 0 0 0 23 14 13 20 0 0 0 0 0 0 0 0 20 29 28 13 0 0 0 0 0 0 0 0 0 0 0 0 0 0 0 0 12 23 20 26 0 0 0 0 
0 0 0 0 30 26 26 30 20 10 19 18 22 18 10 20 24 16 24 30 21 22 30 27 13 15 26 15 18 28 10 20 10 19 15 10 0 0 0 0 15 11 17 30 24 18 27 13 30 16 10 30 28 25 27 14 0 0 0 0 
0 0 0 0 0 0 0 0 0 0 0 0 0 0 0 0 0 0 0 0 0 0 0 0 0 0 0 0 0 0 0 0 0 0 0 0 0 0 0 0 0 0 0 0 0 0 0 0 0 0 0 0 0 0 0 0 19 20 17 30 
14 12 29 25 0 0 0 0 0 0 0 0 0 0 0 0 0 0 0 0 0 0 0 0 0 0 0 0 0 0 0 0 0 0 0 0 0 0 0 0 0 0 0 0 0 0 0 0 0 0 0 0 0 0 0 0 0 0 0 0 
0 0 0 0 0 0 0 0 20 11 24 30 0 0 0 0 24 21 18 28 0 0 0 0 19 14 20 17 0 0 0 0 21 21 26 26 14 28 12 30 0 0 0 0 12 23 22 26 12 22 25 13 0 0 0 0 0 0 0 0 
0 0 0 0 26 12 21 18 22 27 28 22 26 20 20 20 19 13 24 19 24 15 13 29 11 15 13 23 0 0 0 0 22 10 21 25 16 18 20 22 12 29 16 18 19 28 28 18 11 26 22 26 16 27 23 24 0 0 0 0 
0 0 0 0 17 10 15 28 21 24 23 27 29 21 30 30 24 25 14 27 0 0 0 0 23 25 26 29 18 21 25 21 17 16 22 17 20 30 18 25 12 13 13 11 19 30 10 15 0 0 0 0 17 19 27 30 0 0 0 0 
0 0 0 0 0 0 0 0 0 0 0 0 0 0 0 0 0 0 0 0 0 0 0 0 0 0 0 0 0 0 0 0 0 0 0 0 0 0 0 0 0 0 0 0 0 0 0 0 0 0 0 0 0 0 0 0 11 26 27 29 
27 12 17 23 0 0 0 0 0 0 0 0 0 0 0 0 0 0 0 0 0 0 0 0 0 0 0 0 0 0 0 0 0 0 0 0 0 0 0 0 0 0 0 0 0 0 0 0 0 0 0 0 0 0 0 0 0 0 0 0 
0 0 0 0 0 0 0 0 14 19 22 14 0 0 0 0 27 20 22 27 22 17 21 19 13 29 22 21 12 20 21 24 0 0 0 0 0 0 0 0 0 0 0 0 0 0 0 0 0 0 0 0 0 0 0 0 0 0 0 0 
0 0 0 0 20 21 17 12 26 13 21 13 0 0 0 0 15 18 18 18 0 0 0 0 0 0 0 0 19 12 12 17 0 0 0 0 0 0 0 0 0 0 0 0 0 0 0 0 24 11 22 14 0 0 0 0 0 0 0 0 
0 0 0 0 0 0 0 0 11 29 16 13 28 15 22 29 0 0 0 0 0 0 0 0 10 25 15 30 0 0 0 0 0 0 0 0 13 29 16 15 0 0 0 0 0 0 0 0 0 0 0 0 28 24 12 12 0 0 0 0 
0 0 0 0 0 0 0 0 0 0 0 0 0 0 0 0 0 0 0 0 0 0 0 0 0 0 0 0 0 0 0 0 0 0 0 0 0 0 0 0 0 0 0 0 0 0 0 0 0 0 0 0 0 0 0 0 10 13 14 14 
22 25 17 13 0 0 0 0 0 0 0 0 0 0 0 0 0 0 0 0 0 0 0 0 0 0 0 0 0 0 0 0 0 0 0 0 0 0 0 0 0 0 0 0 0 0 0 0 0 0 0 0 0 0 0 0 0 0 0 0 
0 0 0 0 0 0 0 0 10 20 23 14 16 28 23 25 18 23 25 27 0 0 0 0 0 0 0 0 0 0 0 0 0 0 0 0 0 0 0 0 23 16 17 15 24 25 17 13 24 30 17 24 0 0 0 0 0 0 0 0 
0 0 0 0 26 13 23 28 22 12 28 29 16 22 20 14 16 18 24 24 11 18 20 14 15 17 17 29 15 17 28 16 27 28 23 28 25 23 29 20 15 21 16 22 30 16 18 15 18 16 15 28 22 17 21 12 0 0 0 0 
0 0 0 0 0 0 0 0 27 17 11 19 25 30 28 11 15 14 17 17 0 0 0 0 26 15 19 14 17 10 11 15 17 28 17 14 25 28 16 26 13 22 12 18 0 0 0 0 19 22 29 15 15 19 13 21 0 0 0 0 
0 0 0 0 0 0 0 0 0 0 0 0 0 0 0 0 0 0 0 0 0 0 0 0 0 0 0 0 0 0 0 0 0 0 0 0 0 0 0 0 0 0 0 0 0 0 0 0 0 0 0 0 0 0 0 0 19 26 24 12 
25 24 26 19 0 0 0 0 0 0 0 0 0 0 0 0 0 0 0 0 0 0 0 0 0 0 0 0 0 0 0 0 0 0 0 0 0 0 0 0 0 0 0 0 0 0 0 0 0 0 0 0 0 0 0 0 0 0 0 0 
0 0 0 0 22 10 14 12 0 0 0 0 22 18 28 30 0 0 0 0 18 29 11 26 0 0 0 0 0 0 0 0 0 0 0 0 0 0 0 0 13 18 14 21 24 16 23 18 0 0 0 0 0 0 0 0 0 0 0 0 
0 0 0 0 29 24 15 12 13 10 14 24 27 20 27 29 16 25 28 10 0 0 0 0 24 22 19 16 0 0 0 0 26 20 11 18 25 22 29 23 23 30 25 16 21 23 27 11 28 27 22 17 22 12 21 19 0 0 0 0 
0 0 0 0 0 0 0 0 0 0 0 0 0 0 0 0 0 0 0 0 16 10 29 16 0 0 0 0 0 0 0 0 17 17 13 21 0 0 0 0 0 0 0 0 0 0 0 0 28 21 19 12 0 0 0 0 0 0 0 0 
0 0 0 0 0 0 0 0 0 0 0 0 0 0 0 0 0 0 0 0 0 0 0 0 0 0 0 0 0 0 0 0 0 0 0 0 0 0 0 0 0 0 0 0 0 0 0 0 0 0 0 0 0 0 0 0 17 15 22 27 
16 14 23 10 0 0 0 0 0 0 0 0 0 0 0 0 0 0 0 0 0 0 0 0 0 0 0 0 0 0 0 0 0 0 0 0 0 0 0 0 0 0 0 0 0 0 0 0 0 0 0 0 0 0 0 0 0 0 0 0 
0 0 0 0 0 0 0 0 0 0 0 0 0 0 0 0 10 18 27 14 12 17 30 13 0 0 0 0 0 0 0 0 0 0 0 0 0 0 0 0 16 27 30 21 15 21 23 23 24 22 14 22 20 19 18 13 0 0 0 0 
0 0 0 0 0 0 0 0 0 0 0 0 11 17 25 22 0 0 0 0 29 26 30 30 18 18 25 19 15 11 17 14 16 15 24 16 23 30 21 30 11 29 13 10 28 18 27 27 21 28 19 25 28 23 24 17 0 0 0 0 
0 0 0 0 25 30 21 23 27 23 22 14 28 30 18 24 19 17 16 12 0 0 0 0 23 16 24 12 12 20 22 15 0 0 0 0 14 28 26 12 19 23 17 30 19 20 24 29 30 13 25 11 22 23 16 24 0 0 0 0 
0 0 0 0 0 0 0 0 0 0 0 0 0 0 0 0 0 0 0 0 0 0 0 0 0 0 0 0 0 0 0 0 0 0 0 0 0 0 0 0 0 0 0 0 0 0 0 0 0 0 0 0 0 0 0 0 22 21 16 21 
20 21 21 12 0 0 0 0 0 0 0 0 0 0 0 0 0 0 0 0 0 0 0 0 0 0 0 0 0 0 0 0 0 0 0 0 0 0 0 0 0 0 0 0 0 0 0 0 0 0 0 0 0 0 0 0 0 0 0 0 
0 0 0 0 0 0 0 0 0 0 0 0 0 0 0 0 0 0 0 0 14 25 20 18 0 0 0 0 0 0 0 0 10 29 18 28 16 11 28 21 11 10 10 28 12 16 18 22 0 0 0 0 0 0 0 0 0 0 0 0 
0 0 0 0 12 30 18 30 11 11 11 21 0 0 0 0 0 0 0 0 0 0 0 0 15 18 16 12 13 29 29 26 17 10 16 18 0 0 0 0 0 0 0 0 22 20 15 14 11 15 26 20 19 17 14 28 0 0 0 0 
0 0 0 0 0 0 0 0 0 0 0 0 0 0 0 0 0 0 0 0 0 0 0 0 13 11 22 22 28 18 25 11 19 30 27 10 27 20 28 27 0 0 0 0 0 0 0 0 0 0 0 0 20 20 25 21 0 0 0 0 
0 0 0 0 0 0 0 0 0 0 0 0 0 0 0 0 0 0 0 0 0 0 0 0 0 0 0 0 0 0 0 0 0 0 0 0 0 0 0 0 0 0 0 0 0 0 0 0 0 0 0 0 0 0 0 0 26 30 23 14 
16 12 12 27 0 0 0 0 0 0 0 0 0 0 0 0 0 0 0 0 0 0 0 0 0 0 0 0 0 0 0 0 0 0 0 0 0 0 0 0 0 0 0 0 0 0 0 0 0 0 0 0 0 0 0 0 0 0 0 0 
0 0 0 0 0 0 0 0 13 18 26 19 0 0 0 0 28 16 27 13 0 0 0 0 21 21 10 13 28 24 17 16 23 12 12 27 15 22 22 29 16 21 14 17 11 12 23 19 21 17 27 13 25 13 17 15 0 0 0 0 
0 0 0 0 0 0 0 0 0 0 0 0 11 30 27 22 0 0 0 0 0 0 0 0 0 0 0 0 0 0 0 0 0 0 0 0 19 18 11 15 0 0 0 0 0 0 0 0 0 0 0 0 0 0 0 0 0 0 0 0 
0 0 0 0 0 0 0 0 0 0 0 0 22 15 24 19 18 18 13 27 22 20 26 15 19 27 24 14 19 21 14 15 0 0 0 0 0 0 0 0 16 15 29 26 0 0 0 0 0 0 0 0 0 0 0 0 0 0 0 0 
0 0 0 0 0 0 0 0 0 0 0 0 0 0 0 0 0 0 0 0 0 0 0 0 0 0 0 0 0 0 0 0 0 0 0 0 0 0 0 0 0 0 0 0 0 0 0 0 0 0 0 0 0 0 0 0 22 20 11 12
---------------------
 
Processing cost   (0 -- non-optional machine)
Rows: sequential for each operation of each part; Columns: correspond to machine number
18 14 13 17 0 0 0 0 0 0 0 0 0 0 0 0 0 0 0 0 0 0 0 0 0 0 0 0 0 0 0 0 0 0 0 0 0 0 0 0 0 0 0 0 0 0 0 0 0 0 0 0 0 0 0 0 0 0 0 0 
0 0 0 0 12 11 12 17 0 0 0 0 12 20 20 13 0 0 0 0 0 0 0 0 0 0 0 0 0 0 0 0 0 0 0 0 0 0 0 0 0 0 0 0 12 18 18 16 0 0 0 0 0 0 0 0 0 0 0 0 
0 0 0 0 17 14 13 20 19 10 16 15 0 0 0 0 13 12 11 17 0 0 0 0 13 15 16 16 20 13 13 11 18 17 17 10 12 12 14 17 20 18 13 19 0 0 0 0 12 17 13 20 10 20 10 10 0 0 0 0 
0 0 0 0 12 14 18 13 19 15 11 10 11 19 12 19 0 0 0 0 0 0 0 0 18 19 15 11 0 0 0 0 19 11 18 16 0 0 0 0 0 0 0 0 20 19 14 17 15 16 15 15 0 0 0 0 0 0 0 0 
0 0 0 0 0 0 0 0 0 0 0 0 0 0 0 0 0 0 0 0 0 0 0 0 0 0 0 0 0 0 0 0 0 0 0 0 0 0 0 0 0 0 0 0 0 0 0 0 0 0 0 0 0 0 0 0 20 13 10 18 
10 16 13 15 0 0 0 0 0 0 0 0 0 0 0 0 0 0 0 0 0 0 0 0 0 0 0 0 0 0 0 0 0 0 0 0 0 0 0 0 0 0 0 0 0 0 0 0 0 0 0 0 0 0 0 0 0 0 0 0 
0 0 0 0 0 0 0 0 0 0 0 0 0 0 0 0 0 0 0 0 0 0 0 0 0 0 0 0 14 12 12 12 0 0 0 0 0 0 0 0 0 0 0 0 0 0 0 0 0 0 0 0 0 0 0 0 0 0 0 0 
0 0 0 0 12 13 14 20 0 0 0 0 15 20 15 11 13 16 14 14 14 11 13 18 17 11 19 17 19 19 14 16 12 12 10 19 16 16 20 19 15 17 15 19 0 0 0 0 19 12 19 13 11 10 17 12 0 0 0 0 
0 0 0 0 16 17 20 20 13 20 19 18 17 15 10 12 0 0 0 0 15 15 12 13 17 15 10 17 14 16 13 20 0 0 0 0 0 0 0 0 0 0 0 0 0 0 0 0 0 0 0 0 20 18 12 14 0 0 0 0 
0 0 0 0 0 0 0 0 0 0 0 0 0 0 0 0 0 0 0 0 0 0 0 0 0 0 0 0 0 0 0 0 0 0 0 0 0 0 0 0 0 0 0 0 0 0 0 0 0 0 0 0 0 0 0 0 16 12 18 14 
16 18 10 16 0 0 0 0 0 0 0 0 0 0 0 0 0 0 0 0 0 0 0 0 0 0 0 0 0 0 0 0 0 0 0 0 0 0 0 0 0 0 0 0 0 0 0 0 0 0 0 0 0 0 0 0 0 0 0 0 
0 0 0 0 18 20 12 11 16 13 10 14 0 0 0 0 19 17 16 19 15 13 15 16 19 10 17 13 13 16 20 16 15 11 10 15 17 11 19 13 20 19 12 16 14 13 12 13 19 10 17 13 12 14 13 18 0 0 0 0 
0 0 0 0 0 0 0 0 0 0 0 0 0 0 0 0 0 0 0 0 0 0 0 0 0 0 0 0 0 0 0 0 0 0 0 0 0 0 0 0 0 0 0 0 0 0 0 0 20 19 20 20 0 0 0 0 0 0 0 0 
0 0 0 0 12 16 19 18 0 0 0 0 0 0 0 0 0 0 0 0 0 0 0 0 0 0 0 0 0 0 0 0 15 11 16 16 11 18 10 12 11 15 11 11 0 0 0 0 20 13 16 20 0 0 0 0 0 0 0 0 
0 0 0 0 0 0 0 0 0 0 0 0 0 0 0 0 0 0 0 0 0 0 0 0 0 0 0 0 0 0 0 0 0 0 0 0 0 0 0 0 0 0 0 0 0 0 0 0 0 0 0 0 0 0 0 0 18 16 20 13 
11 13 17 12 0 0 0 0 0 0 0 0 0 0 0 0 0 0 0 0 0 0 0 0 0 0 0 0 0 0 0 0 0 0 0 0 0 0 0 0 0 0 0 0 0 0 0 0 0 0 0 0 0 0 0 0 0 0 0 0 
0 0 0 0 0 0 0 0 19 14 10 15 10 16 18 11 16 18 15 11 11 10 14 10 20 12 20 20 15 18 13 13 14 17 18 19 15 13 10 16 19 12 12 19 20 15 11 11 0 0 0 0 13 15 20 16 0 0 0 0 
0 0 0 0 0 0 0 0 0 0 0 0 0 0 0 0 16 12 11 12 0 0 0 0 0 0 0 0 0 0 0 0 0 0 0 0 0 0 0 0 0 0 0 0 0 0 0 0 0 0 0 0 0 0 0 0 0 0 0 0 
0 0 0 0 14 12 11 11 17 11 11 11 11 13 15 14 0 0 0 0 0 0 0 0 0 0 0 0 12 18 10 11 0 0 0 0 0 0 0 0 13 12 10 10 0 0 0 0 20 17 13 13 0 0 0 0 0 0 0 0 
0 0 0 0 0 0 0 0 0 0 0 0 0 0 0 0 0 0 0 0 0 0 0 0 0 0 0 0 0 0 0 0 0 0 0 0 0 0 0 0 0 0 0 0 0 0 0 0 0 0 0 0 0 0 0 0 16 15 11 12 
15 10 20 20 0 0 0 0 0 0 0 0 0 0 0 0 0 0 0 0 0 0 0 0 0 0 0 0 0 0 0 0 0 0 0 0 0 0 0 0 0 0 0 0 0 0 0 0 0 0 0 0 0 0 0 0 0 0 0 0 
0 0 0 0 0 0 0 0 0 0 0 0 0 0 0 0 0 0 0 0 18 17 16 10 0 0 0 0 0 0 0 0 0 0 0 0 0 0 0 0 0 0 0 0 0 0 0 0 0 0 0 0 0 0 0 0 0 0 0 0 
0 0 0 0 15 15 12 11 13 12 11 20 10 10 15 13 19 12 17 10 16 15 18 16 14 17 19 16 10 16 13 13 18 20 20 18 18 20 18 13 15 16 19 11 19 20 20 18 18 17 16 13 19 19 18 19 0 0 0 0 
0 0 0 0 16 11 19 14 0 0 0 0 0 0 0 0 0 0 0 0 0 0 0 0 14 16 18 16 0 0 0 0 17 19 16 20 0 0 0 0 0 0 0 0 14 10 12 20 0 0 0 0 0 0 0 0 0 0 0 0 
0 0 0 0 0 0 0 0 0 0 0 0 0 0 0 0 0 0 0 0 0 0 0 0 0 0 0 0 0 0 0 0 0 0 0 0 0 0 0 0 0 0 0 0 0 0 0 0 0 0 0 0 0 0 0 0 18 10 14 20 
13 10 15 20 0 0 0 0 0 0 0 0 0 0 0 0 0 0 0 0 0 0 0 0 0 0 0 0 0 0 0 0 0 0 0 0 0 0 0 0 0 0 0 0 0 0 0 0 0 0 0 0 0 0 0 0 0 0 0 0 
0 0 0 0 16 18 14 19 20 16 15 14 12 15 19 16 11 17 13 16 20 20 16 12 0 0 0 0 0 0 0 0 0 0 0 0 0 0 0 0 0 0 0 0 0 0 0 0 0 0 0 0 0 0 0 0 0 0 0 0 
0 0 0 0 0 0 0 0 0 0 0 0 0 0 0 0 10 10 18 18 19 18 19 11 0 0 0 0 10 20 10 14 11 15 13 15 0 0 0 0 0 0 0 0 11 14 12 17 15 11 16 20 0 0 0 0 0 0 0 0 
0 0 0 0 0 0 0 0 10 12 19 17 0 0 0 0 13 16 20 12 0 0 0 0 0 0 0 0 0 0 0 0 0 0 0 0 13 13 16 16 0 0 0 0 15 14 18 19 0 0 0 0 0 0 0 0 0 0 0 0 
0 0 0 0 0 0 0 0 0 0 0 0 0 0 0 0 0 0 0 0 0 0 0 0 0 0 0 0 0 0 0 0 0 0 0 0 0 0 0 0 0 0 0 0 0 0 0 0 0 0 0 0 0 0 0 0 10 17 20 13 
12 13 14 20 0 0 0 0 0 0 0 0 0 0 0 0 0 0 0 0 0 0 0 0 0 0 0 0 0 0 0 0 0 0 0 0 0 0 0 0 0 0 0 0 0 0 0 0 0 0 0 0 0 0 0 0 0 0 0 0 
0 0 0 0 11 18 17 20 14 12 18 19 18 14 11 12 16 19 17 15 12 16 19 16 0 0 0 0 19 16 10 16 15 19 16 18 18 17 10 19 14 17 14 15 16 12 12 12 19 19 17 19 18 13 18 12 0 0 0 0 
0 0 0 0 19 11 14 11 0 0 0 0 14 14 14 11 13 20 12 16 10 13 18 20 0 0 0 0 18 19 13 12 15 16 20 17 18 17 17 16 20 14 15 19 11 13 13 18 17 13 15 16 0 0 0 0 0 0 0 0 
0 0 0 0 17 13 13 15 0 0 0 0 10 16 20 19 10 11 11 16 0 0 0 0 0 0 0 0 0 0 0 0 0 0 0 0 0 0 0 0 0 0 0 0 0 0 0 0 0 0 0 0 0 0 0 0 0 0 0 0 
0 0 0 0 0 0 0 0 0 0 0 0 0 0 0 0 0 0 0 0 0 0 0 0 0 0 0 0 0 0 0 0 0 0 0 0 0 0 0 0 0 0 0 0 0 0 0 0 0 0 0 0 0 0 0 0 11 16 20 14 
11 16 10 13 0 0 0 0 0 0 0 0 0 0 0 0 0 0 0 0 0 0 0 0 0 0 0 0 0 0 0 0 0 0 0 0 0 0 0 0 0 0 0 0 0 0 0 0 0 0 0 0 0 0 0 0 0 0 0 0 
0 0 0 0 16 14 12 11 12 19 14 15 18 15 14 18 11 10 11 19 19 19 11 15 11 15 11 18 10 11 16 13 0 0 0 0 14 19 17 20 13 18 18 20 17 11 20 17 13 10 15 11 19 17 14 17 0 0 0 0 
0 0 0 0 0 0 0 0 16 12 15 20 12 10 20 13 19 20 13 13 18 10 18 20 18 11 13 11 11 15 17 16 15 15 16 12 16 16 16 10 14 12 20 19 12 18 17 11 18 16 16 13 16 12 10 14 0 0 0 0 
0 0 0 0 17 14 20 19 0 0 0 0 0 0 0 0 14 13 11 10 17 16 15 14 0 0 0 0 11 13 17 15 11 11 14 10 0 0 0 0 19 17 11 19 19 12 19 18 13 13 12 20 13 12 19 13 0 0 0 0 
0 0 0 0 0 0 0 0 0 0 0 0 0 0 0 0 0 0 0 0 0 0 0 0 0 0 0 0 0 0 0 0 0 0 0 0 0 0 0 0 0 0 0 0 0 0 0 0 0 0 0 0 0 0 0 0 17 18 19 11 
20 10 20 10 0 0 0 0 0 0 0 0 0 0 0 0 0 0 0 0 0 0 0 0 0 0 0 0 0 0 0 0 0 0 0 0 0 0 0 0 0 0 0 0 0 0 0 0 0 0 0 0 0 0 0 0 0 0 0 0 
0 0 0 0 18 15 20 12 0 0 0 0 0 0 0 0 0 0 0 0 16 19 17 19 0 0 0 0 0 0 0 0 0 0 0 0 0 0 0 0 0 0 0 0 0 0 0 0 0 0 0 0 19 20 17 13 0 0 0 0 
0 0 0 0 0 0 0 0 0 0 0 0 0 0 0 0 0 0 0 0 0 0 0 0 0 0 0 0 0 0 0 0 12 15 15 13 0 0 0 0 0 0 0 0 0 0 0 0 11 18 10 19 0 0 0 0 0 0 0 0 
0 0 0 0 16 14 18 14 17 15 15 20 12 20 10 19 0 0 0 0 12 13 14 18 16 16 14 10 19 19 17 15 10 11 13 15 19 11 16 12 0 0 0 0 13 19 10 11 10 18 11 12 0 0 0 0 0 0 0 0 
0 0 0 0 0 0 0 0 0 0 0 0 0 0 0 0 0 0 0 0 0 0 0 0 0 0 0 0 0 0 0 0 0 0 0 0 0 0 0 0 0 0 0 0 0 0 0 0 0 0 0 0 0 0 0 0 11 19 18 11 
10 19 17 13 0 0 0 0 0 0 0 0 0 0 0 0 0 0 0 0 0 0 0 0 0 0 0 0 0 0 0 0 0 0 0 0 0 0 0 0 0 0 0 0 0 0 0 0 0 0 0 0 0 0 0 0 0 0 0 0 
0 0 0 0 0 0 0 0 18 20 20 12 13 10 18 15 0 0 0 0 0 0 0 0 11 10 18 19 0 0 0 0 20 15 20 17 0 0 0 0 18 16 20 19 0 0 0 0 0 0 0 0 0 0 0 0 0 0 0 0 
0 0 0 0 19 14 10 16 19 18 14 12 13 11 10 19 12 15 20 12 14 12 15 14 10 10 14 11 12 11 14 19 14 19 17 17 0 0 0 0 0 0 0 0 19 20 17 11 16 18 17 13 0 0 0 0 0 0 0 0 
0 0 0 0 0 0 0 0 0 0 0 0 0 0 0 0 17 11 15 18 0 0 0 0 0 0 0 0 12 15 19 18 0 0 0 0 10 10 13 15 0 0 0 0 0 0 0 0 0 0 0 0 16 12 10 18 0 0 0 0 
0 0 0 0 0 0 0 0 0 0 0 0 0 0 0 0 0 0 0 0 0 0 0 0 0 0 0 0 0 0 0 0 0 0 0 0 0 0 0 0 0 0 0 0 0 0 0 0 0 0 0 0 0 0 0 0 10 12 16 16 
11 20 18 18 0 0 0 0 0 0 0 0 0 0 0 0 0 0 0 0 0 0 0 0 0 0 0 0 0 0 0 0 0 0 0 0 0 0 0 0 0 0 0 0 0 0 0 0 0 0 0 0 0 0 0 0 0 0 0 0 
0 0 0 0 14 15 20 18 0 0 0 0 0 0 0 0 0 0 0 0 0 0 0 0 0 0 0 0 0 0 0 0 0 0 0 0 0 0 0 0 0 0 0 0 11 18 13 11 0 0 0 0 17 14 20 19 0 0 0 0 
0 0 0 0 0 0 0 0 0 0 0 0 16 13 16 20 0 0 0 0 13 19 18 17 19 20 10 14 10 15 19 16 11 17 14 11 0 0 0 0 0 0 0 0 15 11 16 11 14 11 10 20 13 11 10 16 0 0 0 0 
0 0 0 0 0 0 0 0 0 0 0 0 13 18 16 17 17 10 14 18 10 17 12 19 0 0 0 0 11 12 16 14 14 15 10 19 20 14 19 19 16 10 20 18 0 0 0 0 17 12 19 12 17 20 19 20 0 0 0 0 
0 0 0 0 0 0 0 0 0 0 0 0 0 0 0 0 0 0 0 0 0 0 0 0 0 0 0 0 0 0 0 0 0 0 0 0 0 0 0 0 0 0 0 0 0 0 0 0 0 0 0 0 0 0 0 0 18 20 16 13 
10 13 20 19 0 0 0 0 0 0 0 0 0 0 0 0 0 0 0 0 0 0 0 0 0 0 0 0 0 0 0 0 0 0 0 0 0 0 0 0 0 0 0 0 0 0 0 0 0 0 0 0 0 0 0 0 0 0 0 0 
0 0 0 0 0 0 0 0 19 20 15 18 0 0 0 0 0 0 0 0 0 0 0 0 0 0 0 0 0 0 0 0 12 13 18 19 0 0 0 0 19 17 11 19 15 11 11 18 18 17 20 13 0 0 0 0 0 0 0 0 
0 0 0 0 0 0 0 0 11 18 15 16 14 20 17 18 15 10 13 14 0 0 0 0 10 19 11 17 20 12 20 10 15 12 10 18 15 10 10 20 15 15 19 10 0 0 0 0 19 13 15 14 18 20 17 12 0 0 0 0 
0 0 0 0 17 12 15 12 0 0 0 0 0 0 0 0 16 18 15 17 0 0 0 0 0 0 0 0 0 0 0 0 0 0 0 0 12 19 13 12 19 17 10 15 0 0 0 0 15 10 17 16 19 18 11 17 0 0 0 0 
0 0 0 0 0 0 0 0 0 0 0 0 0 0 0 0 0 0 0 0 0 0 0 0 0 0 0 0 0 0 0 0 0 0 0 0 0 0 0 0 0 0 0 0 0 0 0 0 0 0 0 0 0 0 0 0 19 11 20 18 
12 18 13 11 0 0 0 0 0 0 0 0 0 0 0 0 0 0 0 0 0 0 0 0 0 0 0 0 0 0 0 0 0 0 0 0 0 0 0 0 0 0 0 0 0 0 0 0 0 0 0 0 0 0 0 0 0 0 0 0 
0 0 0 0 19 18 11 13 0 0 0 0 0 0 0 0 14 16 14 14 18 17 10 11 0 0 0 0 10 17 19 13 17 18 13 15 0 0 0 0 12 10 10 16 20 10 10 12 13 18 18 16 17 16 12 11 0 0 0 0 
0 0 0 0 0 0 0 0 0 0 0 0 0 0 0 0 0 0 0 0 0 0 0 0 0 0 0 0 0 0 0 0 0 0 0 0 0 0 0 0 19 11 10 20 14 11 14 17 0 0 0 0 0 0 0 0 0 0 0 0 
0 0 0 0 15 18 20 20 11 18 12 12 16 17 13 16 13 16 16 10 0 0 0 0 17 20 14 18 0 0 0 0 20 17 18 11 0 0 0 0 0 0 0 0 13 13 14 20 14 16 10 20 0 0 0 0 0 0 0 0 
0 0 0 0 0 0 0 0 0 0 0 0 0 0 0 0 0 0 0 0 0 0 0 0 0 0 0 0 0 0 0 0 0 0 0 0 0 0 0 0 0 0 0 0 0 0 0 0 0 0 0 0 0 0 0 0 11 16 19 11 
17 13 17 15 0 0 0 0 0 0 0 0 0 0 0 0 0 0 0 0 0 0 0 0 0 0 0 0 0 0 0 0 0 0 0 0 0 0 0 0 0 0 0 0 0 0 0 0 0 0 0 0 0 0 0 0 0 0 0 0 
0 0 0 0 13 17 20 14 13 14 18 11 0 0 0 0 0 0 0 0 15 15 11 20 0 0 0 0 12 18 16 10 17 11 16 16 0 0 0 0 0 0 0 0 0 0 0 0 0 0 0 0 13 10 13 15 0 0 0 0 
0 0 0 0 0 0 0 0 14 11 11 10 14 11 19 17 0 0 0 0 0 0 0 0 0 0 0 0 0 0 0 0 0 0 0 0 0 0 0 0 0 0 0 0 11 13 11 18 20 15 17 13 0 0 0 0 0 0 0 0 
0 0 0 0 0 0 0 0 0 0 0 0 0 0 0 0 16 10 14 13 10 10 17 20 0 0 0 0 0 0 0 0 0 0 0 0 12 12 19 20 0 0 0 0 0 0 0 0 0 0 0 0 18 18 19 14 0 0 0 0 
0 0 0 0 0 0 0 0 0 0 0 0 0 0 0 0 0 0 0 0 0 0 0 0 0 0 0 0 0 0 0 0 0 0 0 0 0 0 0 0 0 0 0 0 0 0 0 0 0 0 0 0 0 0 0 0 18 12 11 13 
13 17 11 11 0 0 0 0 0 0 0 0 0 0 0 0 0 0 0 0 0 0 0 0 0 0 0 0 0 0 0 0 0 0 0 0 0 0 0 0 0 0 0 0 0 0 0 0 0 0 0 0 0 0 0 0 0 0 0 0 
0 0 0 0 13 12 19 14 18 17 19 16 10 14 20 15 13 20 14 19 0 0 0 0 16 12 16 13 19 13 10 17 19 19 19 10 19 20 13 11 0 0 0 0 19 10 19 13 0 0 0 0 0 0 0 0 0 0 0 0 
0 0 0 0 0 0 0 0 0 0 0 0 16 14 19 19 10 17 13 20 19 17 13 10 0 0 0 0 0 0 0 0 0 0 0 0 20 12 20 12 0 0 0 0 0 0 0 0 11 11 17 12 10 13 12 12 0 0 0 0 
0 0 0 0 0 0 0 0 0 0 0 0 15 19 12 11 0 0 0 0 16 11 11 10 10 19 18 10 18 19 13 15 19 13 13 18 0 0 0 0 20 18 17 15 20 13 10 14 12 17 14 13 10 13 17 16 0 0 0 0 
0 0 0 0 0 0 0 0 0 0 0 0 0 0 0 0 0 0 0 0 0 0 0 0 0 0 0 0 0 0 0 0 0 0 0 0 0 0 0 0 0 0 0 0 0 0 0 0 0 0 0 0 0 0 0 0 19 15 16 15 
10 18 14 14 0 0 0 0 0 0 0 0 0 0 0 0 0 0 0 0 0 0 0 0 0 0 0 0 0 0 0 0 0 0 0 0 0 0 0 0 0 0 0 0 0 0 0 0 0 0 0 0 0 0 0 0 0 0 0 0 
0 0 0 0 11 20 14 13 10 10 13 12 15 20 15 17 18 16 20 15 19 18 19 11 15 10 16 11 19 19 13 18 19 13 18 18 19 17 14 13 16 12 16 20 16 20 17 18 19 20 13 12 13 13 12 19 0 0 0 0 
0 0 0 0 13 12 18 13 15 10 12 10 14 11 13 11 18 13 17 14 12 19 19 15 13 18 18 10 15 19 18 16 13 19 12 18 15 14 18 12 16 19 11 12 11 11 10 13 13 18 17 10 12 16 19 10 0 0 0 0 
0 0 0 0 17 19 16 15 0 0 0 0 18 18 18 13 0 0 0 0 20 20 15 10 0 0 0 0 0 0 0 0 20 14 19 17 10 18 20 19 18 19 13 11 16 18 12 13 0 0 0 0 11 12 18 20 0 0 0 0 
0 0 0 0 0 0 0 0 0 0 0 0 0 0 0 0 0 0 0 0 0 0 0 0 0 0 0 0 0 0 0 0 0 0 0 0 0 0 0 0 0 0 0 0 0 0 0 0 0 0 0 0 0 0 0 0 13 12 10 10 
19 20 16 17 0 0 0 0 0 0 0 0 0 0 0 0 0 0 0 0 0 0 0 0 0 0 0 0 0 0 0 0 0 0 0 0 0 0 0 0 0 0 0 0 0 0 0 0 0 0 0 0 0 0 0 0 0 0 0 0 
0 0 0 0 0 0 0 0 0 0 0 0 18 17 11 19 15 13 14 10 0 0 0 0 0 0 0 0 11 11 10 17 0 0 0 0 0 0 0 0 19 10 18 10 0 0 0 0 10 12 20 13 20 14 15 16 0 0 0 0 
0 0 0 0 0 0 0 0 0 0 0 0 0 0 0 0 18 10 20 12 0 0 0 0 0 0 0 0 0 0 0 0 0 0 0 0 0 0 0 0 0 0 0 0 0 0 0 0 0 0 0 0 0 0 0 0 0 0 0 0 
0 0 0 0 12 15 10 16 16 14 16 15 16 15 20 19 0 0 0 0 0 0 0 0 17 10 19 15 14 12 13 19 17 13 18 15 0 0 0 0 11 12 15 18 20 20 20 19 17 12 18 16 20 11 11 12 0 0 0 0 
0 0 0 0 0 0 0 0 0 0 0 0 0 0 0 0 0 0 0 0 0 0 0 0 0 0 0 0 0 0 0 0 0 0 0 0 0 0 0 0 0 0 0 0 0 0 0 0 0 0 0 0 0 0 0 0 17 17 18 17 
12 19 12 12 0 0 0 0 0 0 0 0 0 0 0 0 0 0 0 0 0 0 0 0 0 0 0 0 0 0 0 0 0 0 0 0 0 0 0 0 0 0 0 0 0 0 0 0 0 0 0 0 0 0 0 0 0 0 0 0 
0 0 0 0 0 0 0 0 0 0 0 0 13 14 16 10 16 12 13 13 18 15 10 18 0 0 0 0 15 12 18 11 18 15 13 13 11 10 12 14 0 0 0 0 0 0 0 0 19 18 19 10 13 10 17 18 0 0 0 0 
0 0 0 0 11 15 15 17 16 19 20 11 19 19 19 19 20 16 15 16 11 17 13 15 0 0 0 0 15 12 20 11 15 19 11 15 0 0 0 0 12 18 12 10 16 20 12 12 11 20 17 20 0 0 0 0 0 0 0 0 
0 0 0 0 10 12 13 11 0 0 0 0 0 0 0 0 0 0 0 0 0 0 0 0 14 20 11 14 0 0 0 0 0 0 0 0 17 20 13 18 0 0 0 0 0 0 0 0 0 0 0 0 0 0 0 0 0 0 0 0 
0 0 0 0 0 0 0 0 0 0 0 0 0 0 0 0 0 0 0 0 0 0 0 0 0 0 0 0 0 0 0 0 0 0 0 0 0 0 0 0 0 0 0 0 0 0 0 0 0 0 0 0 0 0 0 0 17 18 17 18 
14 12 15 19 0 0 0 0 0 0 0 0 0 0 0 0 0 0 0 0 0 0 0 0 0 0 0 0 0 0 0 0 0 0 0 0 0 0 0 0 0 0 0 0 0 0 0 0 0 0 0 0 0 0 0 0 0 0 0 0 
0 0 0 0 16 19 19 17 15 11 19 17 18 19 11 17 14 11 16 16 15 18 16 13 20 10 13 13 10 14 13 10 17 16 11 14 15 17 10 20 11 17 16 17 18 18 12 15 17 20 18 16 15 17 18 11 0 0 0 0 
0 0 0 0 0 0 0 0 0 0 0 0 0 0 0 0 0 0 0 0 0 0 0 0 13 14 20 14 0 0 0 0 0 0 0 0 0 0 0 0 0 0 0 0 0 0 0 0 0 0 0 0 0 0 0 0 0 0 0 0 
0 0 0 0 20 16 17 19 18 10 12 17 10 10 17 13 11 13 11 18 20 14 12 10 0 0 0 0 18 19 15 14 11 19 15 19 0 0 0 0 17 17 18 17 16 12 18 11 19 12 19 10 10 18 20 13 0 0 0 0 
0 0 0 0 0 0 0 0 0 0 0 0 0 0 0 0 0 0 0 0 0 0 0 0 0 0 0 0 0 0 0 0 0 0 0 0 0 0 0 0 0 0 0 0 0 0 0 0 0 0 0 0 0 0 0 0 18 11 10 10 
17 12 12 14 0 0 0 0 0 0 0 0 0 0 0 0 0 0 0 0 0 0 0 0 0 0 0 0 0 0 0 0 0 0 0 0 0 0 0 0 0 0 0 0 0 0 0 0 0 0 0 0 0 0 0 0 0 0 0 0 
0 0 0 0 11 19 20 16 17 20 12 19 0 0 0 0 0 0 0 0 0 0 0 0 19 16 13 20 17 12 17 13 14 16 16 11 0 0 0 0 0 0 0 0 11 13 20 14 12 17 10 13 16 14 19 19 0 0 0 0 
0 0 0 0 0 0 0 0 13 20 15 10 12 20 10 13 15 14 14 20 14 20 14 11 17 11 10 14 13 18 14 16 17 10 15 10 0 0 0 0 18 10 18 20 0 0 0 0 0 0 0 0 17 12 12 15 0 0 0 0 
0 0 0 0 0 0 0 0 14 16 15 11 0 0 0 0 17 15 11 14 0 0 0 0 0 0 0 0 12 15 10 14 0 0 0 0 0 0 0 0 0 0 0 0 0 0 0 0 16 16 19 17 0 0 0 0 0 0 0 0 
0 0 0 0 0 0 0 0 0 0 0 0 0 0 0 0 0 0 0 0 0 0 0 0 0 0 0 0 0 0 0 0 0 0 0 0 0 0 0 0 0 0 0 0 0 0 0 0 0 0 0 0 0 0 0 0 20 18 17 13 
14 13 12 17 0 0 0 0 0 0 0 0 0 0 0 0 0 0 0 0 0 0 0 0 0 0 0 0 0 0 0 0 0 0 0 0 0 0 0 0 0 0 0 0 0 0 0 0 0 0 0 0 0 0 0 0 0 0 0 0 
0 0 0 0 0 0 0 0 10 20 13 18 17 11 15 15 18 10 12 17 0 0 0 0 0 0 0 0 0 0 0 0 17 10 15 12 15 11 15 13 12 16 14 17 18 10 15 20 11 14 16 10 17 19 19 12 0 0 0 0 
0 0 0 0 11 11 18 19 0 0 0 0 10 18 20 10 0 0 0 0 0 0 0 0 0 0 0 0 18 12 14 19 14 14 19 19 16 17 16 18 0 0 0 0 15 18 16 18 0 0 0 0 14 20 20 20 0 0 0 0 
0 0 0 0 0 0 0 0 0 0 0 0 15 18 11 12 13 13 20 11 0 0 0 0 0 0 0 0 0 0 0 0 19 10 12 20 0 0 0 0 0 0 0 0 0 0 0 0 10 11 18 13 13 16 16 14 0 0 0 0 
0 0 0 0 0 0 0 0 0 0 0 0 0 0 0 0 0 0 0 0 0 0 0 0 0 0 0 0 0 0 0 0 0 0 0 0 0 0 0 0 0 0 0 0 0 0 0 0 0 0 0 0 0 0 0 0 19 11 12 10 
10 14 11 15 0 0 0 0 0 0 0 0 0 0 0 0 0 0 0 0 0 0 0 0 0 0 0 0 0 0 0 0 0 0 0 0 0 0 0 0 0 0 0 0 0 0 0 0 0 0 0 0 0 0 0 0 0 0 0 0 
0 0 0 0 0 0 0 0 0 0 0 0 0 0 0 0 10 20 19 16 0 0 0 0 16 13 16 13 13 20 16 18 0 0 0 0 0 0 0 0 0 0 0 0 0 0 0 0 0 0 0 0 0 0 0 0 0 0 0 0 
0 0 0 0 10 11 11 20 16 15 12 13 14 15 20 20 12 10 12 20 15 18 14 11 17 10 10 11 15 19 13 17 17 15 16 17 17 16 17 14 16 11 15 16 14 15 12 18 11 18 10 13 15 15 12 11 0 0 0 0 
0 0 0 0 17 14 16 12 0 0 0 0 10 19 17 19 16 10 12 13 17 10 18 16 0 0 0 0 14 14 17 19 11 18 11 20 14 11 14 14 20 20 18 17 20 11 17 12 17 19 15 12 16 20 13 11 0 0 0 0 
0 0 0 0 0 0 0 0 0 0 0 0 0 0 0 0 0 0 0 0 0 0 0 0 0 0 0 0 0 0 0 0 0 0 0 0 0 0 0 0 0 0 0 0 0 0 0 0 0 0 0 0 0 0 0 0 19 18 10 18 
18 17 20 16 0 0 0 0 0 0 0 0 0 0 0 0 0 0 0 0 0 0 0 0 0 0 0 0 0 0 0 0 0 0 0 0 0 0 0 0 0 0 0 0 0 0 0 0 0 0 0 0 0 0 0 0 0 0 0 0 
0 0 0 0 10 17 19 16 20 11 19 16 19 19 14 16 12 16 10 10 0 0 0 0 17 17 12 16 11 12 17 10 19 15 14 20 10 15 15 15 17 14 10 19 19 13 10 15 0 0 0 0 15 16 11 19 0 0 0 0 
0 0 0 0 19 14 10 13 15 12 11 14 16 16 11 12 15 12 11 11 13 18 12 15 15 16 14 20 11 17 17 10 19 20 15 19 10 18 14 17 10 14 20 13 14 14 20 10 10 10 18 18 19 17 14 11 0 0 0 0 
0 0 0 0 10 16 13 19 17 19 16 19 13 19 14 11 16 19 15 12 18 19 18 20 0 0 0 0 14 12 14 18 10 10 12 14 14 18 20 15 10 10 11 10 19 11 17 14 10 11 20 15 15 16 17 19 0 0 0 0 
0 0 0 0 0 0 0 0 0 0 0 0 0 0 0 0 0 0 0 0 0 0 0 0 0 0 0 0 0 0 0 0 0 0 0 0 0 0 0 0 0 0 0 0 0 0 0 0 0 0 0 0 0 0 0 0 13 20 19 17 
14 10 12 20 0 0 0 0 0 0 0 0 0 0 0 0 0 0 0 0 0 0 0 0 0 0 0 0 0 0 0 0 0 0 0 0 0 0 0 0 0 0 0 0 0 0 0 0 0 0 0 0 0 0 0 0 0 0 0 0 
0 0 0 0 0 0 0 0 18 11 11 15 0 0 0 0 0 0 0 0 0 0 0 0 0 0 0 0 0 0 0 0 12 20 17 15 17 14 20 13 0 0 0 0 0 0 0 0 0 0 0 0 0 0 0 0 0 0 0 0 
0 0 0 0 0 0 0 0 18 16 11 10 0 0 0 0 0 0 0 0 0 0 0 0 0 0 0 0 0 0 0 0 0 0 0 0 0 0 0 0 0 0 0 0 0 0 0 0 0 0 0 0 0 0 0 0 0 0 0 0 
0 0 0 0 18 16 14 14 0 0 0 0 0 0 0 0 0 0 0 0 0 0 0 0 18 12 16 16 0 0 0 0 0 0 0 0 0 0 0 0 0 0 0 0 17 12 16 11 0 0 0 0 0 0 0 0 0 0 0 0 
0 0 0 0 0 0 0 0 0 0 0 0 0 0 0 0 0 0 0 0 0 0 0 0 0 0 0 0 0 0 0 0 0 0 0 0 0 0 0 0 0 0 0 0 0 0 0 0 0 0 0 0 0 0 0 0 16 14 16 12 
19 12 13 12 0 0 0 0 0 0 0 0 0 0 0 0 0 0 0 0 0 0 0 0 0 0 0 0 0 0 0 0 0 0 0 0 0 0 0 0 0 0 0 0 0 0 0 0 0 0 0 0 0 0 0 0 0 0 0 0 
0 0 0 0 0 0 0 0 0 0 0 0 0 0 0 0 0 0 0 0 0 0 0 0 0 0 0 0 0 0 0 0 18 13 17 17 0 0 0 0 0 0 0 0 0 0 0 0 0 0 0 0 0 0 0 0 0 0 0 0 
0 0 0 0 0 0 0 0 0 0 0 0 0 0 0 0 0 0 0 0 0 0 0 0 0 0 0 0 11 18 11 13 0 0 0 0 0 0 0 0 13 15 13 19 0 0 0 0 0 0 0 0 0 0 0 0 0 0 0 0 
0 0 0 0 0 0 0 0 10 19 17 10 18 11 19 19 16 10 12 11 14 16 10 16 0 0 0 0 0 0 0 0 0 0 0 0 11 20 14 12 11 17 13 19 19 19 15 10 19 16 17 11 0 0 0 0 0 0 0 0 
0 0 0 0 0 0 0 0 0 0 0 0 0 0 0 0 0 0 0 0 0 0 0 0 0 0 0 0 0 0 0 0 0 0 0 0 0 0 0 0 0 0 0 0 0 0 0 0 0 0 0 0 0 0 0 0 18 18 15 16 
16 18 13 11 0 0 0 0 0 0 0 0 0 0 0 0 0 0 0 0 0 0 0 0 0 0 0 0 0 0 0 0 0 0 0 0 0 0 0 0 0 0 0 0 0 0 0 0 0 0 0 0 0 0 0 0 0 0 0 0 
0 0 0 0 14 14 11 16 0 0 0 0 0 0 0 0 0 0 0 0 0 0 0 0 15 18 18 10 0 0 0 0 0 0 0 0 0 0 0 0 0 0 0 0 0 0 0 0 0 0 0 0 20 16 19 18 0 0 0 0 
0 0 0 0 12 15 16 10 0 0 0 0 17 14 13 20 0 0 0 0 0 0 0 0 14 20 18 15 18 13 13 20 0 0 0 0 17 17 12 20 0 0 0 0 0 0 0 0 16 12 12 13 0 0 0 0 0 0 0 0 
0 0 0 0 14 10 12 13 0 0 0 0 14 12 18 17 19 18 20 13 17 11 12 12 19 10 14 11 12 12 17 13 14 16 18 15 12 11 13 11 12 12 16 14 19 15 11 18 11 17 16 17 17 13 15 16 0 0 0 0 
0 0 0 0 0 0 0 0 0 0 0 0 0 0 0 0 0 0 0 0 0 0 0 0 0 0 0 0 0 0 0 0 0 0 0 0 0 0 0 0 0 0 0 0 0 0 0 0 0 0 0 0 0 0 0 0 11 14 13 10 
10 16 14 17 0 0 0 0 0 0 0 0 0 0 0 0 0 0 0 0 0 0 0 0 0 0 0 0 0 0 0 0 0 0 0 0 0 0 0 0 0 0 0 0 0 0 0 0 0 0 0 0 0 0 0 0 0 0 0 0 
0 0 0 0 0 0 0 0 0 0 0 0 20 15 16 13 13 11 18 20 0 0 0 0 0 0 0 0 0 0 0 0 0 0 0 0 14 16 10 15 0 0 0 0 0 0 0 0 10 20 17 14 10 10 12 11 0 0 0 0 
0 0 0 0 12 13 10 15 12 15 18 12 13 13 17 12 13 15 10 16 17 11 19 14 12 20 18 10 15 12 13 20 18 14 15 15 17 18 18 15 10 18 13 19 17 12 12 11 11 20 10 11 0 0 0 0 0 0 0 0 
0 0 0 0 14 13 18 19 14 17 11 15 0 0 0 0 0 0 0 0 0 0 0 0 18 15 14 16 0 0 0 0 0 0 0 0 0 0 0 0 13 19 12 13 0 0 0 0 17 17 14 11 0 0 0 0 0 0 0 0 
0 0 0 0 0 0 0 0 0 0 0 0 0 0 0 0 0 0 0 0 0 0 0 0 0 0 0 0 0 0 0 0 0 0 0 0 0 0 0 0 0 0 0 0 0 0 0 0 0 0 0 0 0 0 0 0 10 11 14 13 
18 19 13 16 0 0 0 0 0 0 0 0 0 0 0 0 0 0 0 0 0 0 0 0 0 0 0 0 0 0 0 0 0 0 0 0 0 0 0 0 0 0 0 0 0 0 0 0 0 0 0 0 0 0 0 0 0 0 0 0 
0 0 0 0 0 0 0 0 0 0 0 0 11 17 19 17 0 0 0 0 13 16 16 16 11 12 20 11 0 0 0 0 17 12 15 18 12 18 13 18 20 18 14 12 14 10 18 16 19 14 12 10 20 19 18 15 0 0 0 0 
0 0 0 0 0 0 0 0 12 11 18 15 20 18 16 19 18 17 10 15 10 13 12 16 0 0 0 0 10 11 10 10 0 0 0 0 18 17 16 16 13 16 10 20 0 0 0 0 11 10 15 15 19 15 20 11 0 0 0 0 
0 0 0 0 13 13 10 17 16 18 19 11 10 13 11 18 10 18 20 20 15 13 11 18 0 0 0 0 0 0 0 0 13 16 10 16 0 0 0 0 18 10 10 10 0 0 0 0 19 13 16 10 16 13 19 11 0 0 0 0 
0 0 0 0 0 0 0 0 0 0 0 0 0 0 0 0 0 0 0 0 0 0 0 0 0 0 0 0 0 0 0 0 0 0 0 0 0 0 0 0 0 0 0 0 0 0 0 0 0 0 0 0 0 0 0 0 13 13 19 14 
16 11 18 20 0 0 0 0 0 0 0 0 0 0 0 0 0 0 0 0 0 0 0 0 0 0 0 0 0 0 0 0 0 0 0 0 0 0 0 0 0 0 0 0 0 0 0 0 0 0 0 0 0 0 0 0 0 0 0 0 
0 0 0 0 0 0 0 0 0 0 0 0 0 0 0 0 0 0 0 0 0 0 0 0 0 0 0 0 0 0 0 0 0 0 0 0 20 18 20 11 0 0 0 0 0 0 0 0 0 0 0 0 0 0 0 0 0 0 0 0 
0 0 0 0 11 16 18 12 0 0 0 0 0 0 0 0 12 12 20 11 0 0 0 0 0 0 0 0 0 0 0 0 20 19 11 14 12 17 13 19 0 0 0 0 17 19 17 14 18 17 11 16 15 20 12 14 0 0 0 0 
0 0 0 0 10 16 17 16 0 0 0 0 18 11 20 12 16 15 10 20 12 18 13 13 0 0 0 0 14 19 20 18 10 16 18 19 16 15 15 20 0 0 0 0 12 17 20 13 19 13 18 12 0 0 0 0 0 0 0 0 
0 0 0 0 0 0 0 0 0 0 0 0 0 0 0 0 0 0 0 0 0 0 0 0 0 0 0 0 0 0 0 0 0 0 0 0 0 0 0 0 0 0 0 0 0 0 0 0 0 0 0 0 0 0 0 0 17 17 15 12 
13 20 18 17 0 0 0 0 0 0 0 0 0 0 0 0 0 0 0 0 0 0 0 0 0 0 0 0 0 0 0 0 0 0 0 0 0 0 0 0 0 0 0 0 0 0 0 0 0 0 0 0 0 0 0 0 0 0 0 0 
0 0 0 0 0 0 0 0 10 12 19 11 18 13 13 14 0 0 0 0 0 0 0 0 12 20 15 10 19 12 18 13 0 0 0 0 0 0 0 0 13 17 10 12 19 11 12 13 18 19 14 11 11 10 19 17 0 0 0 0 
0 0 0 0 0 0 0 0 0 0 0 0 0 0 0 0 0 0 0 0 0 0 0 0 0 0 0 0 0 0 0 0 0 0 0 0 0 0 0 0 18 16 14 17 0 0 0 0 0 0 0 0 0 0 0 0 0 0 0 0 
0 0 0 0 16 16 13 18 0 0 0 0 20 10 19 20 18 17 13 17 0 0 0 0 0 0 0 0 0 0 0 0 19 18 19 15 0 0 0 0 20 18 19 14 0 0 0 0 12 16 20 15 0 0 0 0 0 0 0 0 
0 0 0 0 0 0 0 0 0 0 0 0 0 0 0 0 0 0 0 0 0 0 0 0 0 0 0 0 0 0 0 0 0 0 0 0 0 0 0 0 0 0 0 0 0 0 0 0 0 0 0 0 0 0 0 0 15 19 15 18 
12 18 17 16 0 0 0 0 0 0 0 0 0 0 0 0 0 0 0 0 0 0 0 0 0 0 0 0 0 0 0 0 0 0 0 0 0 0 0 0 0 0 0 0 0 0 0 0 0 0 0 0 0 0 0 0 0 0 0 0 
0 0 0 0 0 0 0 0 0 0 0 0 0 0 0 0 0 0 0 0 0 0 0 0 0 0 0 0 17 18 18 14 0 0 0 0 0 0 0 0 0 0 0 0 0 0 0 0 0 0 0 0 13 15 19 12 0 0 0 0 
0 0 0 0 0 0 0 0 0 0 0 0 0 0 0 0 0 0 0 0 0 0 0 0 0 0 0 0 0 0 0 0 0 0 0 0 0 0 0 0 0 0 0 0 0 0 0 0 10 11 20 16 0 0 0 0 0 0 0 0 
0 0 0 0 12 10 18 20 15 10 17 19 0 0 0 0 16 10 20 16 13 19 10 18 0 0 0 0 0 0 0 0 0 0 0 0 11 17 20 18 0 0 0 0 16 17 19 14 17 18 15 14 0 0 0 0 0 0 0 0 
0 0 0 0 0 0 0 0 0 0 0 0 0 0 0 0 0 0 0 0 0 0 0 0 0 0 0 0 0 0 0 0 0 0 0 0 0 0 0 0 0 0 0 0 0 0 0 0 0 0 0 0 0 0 0 0 16 11 19 14 
10 17 10 18 0 0 0 0 0 0 0 0 0 0 0 0 0 0 0 0 0 0 0 0 0 0 0 0 0 0 0 0 0 0 0 0 0 0 0 0 0 0 0 0 0 0 0 0 0 0 0 0 0 0 0 0 0 0 0 0 
0 0 0 0 12 12 19 14 19 11 14 16 15 17 20 17 18 12 16 13 17 19 19 18 10 10 12 16 13 16 19 20 12 20 19 20 18 14 16 16 14 19 17 15 18 14 10 10 15 20 17 11 20 13 10 12 0 0 0 0 
0 0 0 0 19 14 14 17 10 10 10 17 19 15 11 13 0 0 0 0 15 19 13 19 0 0 0 0 10 12 10 13 18 15 10 14 14 13 15 19 20 13 16 14 0 0 0 0 13 18 19 10 20 19 13 17 0 0 0 0 
0 0 0 0 17 17 18 13 10 18 12 17 19 18 12 10 15 15 11 19 10 16 11 18 16 11 20 18 11 10 17 17 15 19 15 14 14 13 18 11 13 17 12 20 15 10 17 14 11 11 11 18 18 20 19 12 0 0 0 0 
0 0 0 0 0 0 0 0 0 0 0 0 0 0 0 0 0 0 0 0 0 0 0 0 0 0 0 0 0 0 0 0 0 0 0 0 0 0 0 0 0 0 0 0 0 0 0 0 0 0 0 0 0 0 0 0 10 14 20 18 
11 16 16 10 0 0 0 0 0 0 0 0 0 0 0 0 0 0 0 0 0 0 0 0 0 0 0 0 0 0 0 0 0 0 0 0 0 0 0 0 0 0 0 0 0 0 0 0 0 0 0 0 0 0 0 0 0 0 0 0 
0 0 0 0 17 19 11 10 0 0 0 0 12 18 14 17 20 14 13 18 0 0 0 0 10 10 20 14 0 0 0 0 0 0 0 0 17 16 13 20 19 19 20 19 0 0 0 0 0 0 0 0 0 0 0 0 0 0 0 0 
0 0 0 0 0 0 0 0 0 0 0 0 18 11 13 10 0 0 0 0 0 0 0 0 0 0 0 0 0 0 0 0 0 0 0 0 0 0 0 0 16 19 11 15 11 10 16 10 0 0 0 0 0 0 0 0 0 0 0 0 
0 0 0 0 13 20 16 10 18 18 16 13 10 10 14 14 18 18 13 19 0 0 0 0 11 13 12 15 20 14 16 12 17 17 13 10 16 18 10 12 13 12 17 15 15 15 12 19 20 19 12 19 16 16 18 10 0 0 0 0 
0 0 0 0 0 0 0 0 0 0 0 0 0 0 0 0 0 0 0 0 0 0 0 0 0 0 0 0 0 0 0 0 0 0 0 0 0 0 0 0 0 0 0 0 0 0 0 0 0 0 0 0 0 0 0 0 15 10 14 13 
17 19 10 18 0 0 0 0 0 0 0 0 0 0 0 0 0 0 0 0 0 0 0 0 0 0 0 0 0 0 0 0 0 0 0 0 0 0 0 0 0 0 0 0 0 0 0 0 0 0 0 0 0 0 0 0 0 0 0 0 
0 0 0 0 16 19 20 16 11 20 11 11 13 17 18 13 0 0 0 0 10 17 14 11 15 12 19 16 0 0 0 0 0 0 0 0 0 0 0 0 14 11 12 13 0 0 0 0 20 14 17 18 0 0 0 0 0 0 0 0 
0 0 0 0 0 0 0 0 12 10 11 14 15 17 18 18 0 0 0 0 0 0 0 0 11 20 12 15 0 0 0 0 0 0 0 0 0 0 0 0 0 0 0 0 0 0 0 0 0 0 0 0 0 0 0 0 0 0 0 0 
0 0 0 0 19 10 18 18 0 0 0 0 0 0 0 0 17 15 17 12 0 0 0 0 0 0 0 0 0 0 0 0 0 0 0 0 18 18 18 19 18 19 20 11 11 15 10 15 19 16 19 19 11 15 19 16 0 0 0 0 
0 0 0 0 0 0 0 0 0 0 0 0 0 0 0 0 0 0 0 0 0 0 0 0 0 0 0 0 0 0 0 0 0 0 0 0 0 0 0 0 0 0 0 0 0 0 0 0 0 0 0 0 0 0 0 0 12 12 12 16 
15 13 12 19 0 0 0 0 0 0 0 0 0 0 0 0 0 0 0 0 0 0 0 0 0 0 0 0 0 0 0 0 0 0 0 0 0 0 0 0 0 0 0 0 0 0 0 0 0 0 0 0 0 0 0 0 0 0 0 0 
0 0 0 0 0 0 0 0 14 17 13 13 0 0 0 0 0 0 0 0 15 18 19 19 13 12 17 17 14 15 10 18 17 20 13 11 0 0 0 0 0 0 0 0 0 0 0 0 0 0 0 0 0 0 0 0 0 0 0 0 
0 0 0 0 0 0 0 0 0 0 0 0 0 0 0 0 0 0 0 0 0 0 0 0 0 0 0 0 0 0 0 0 0 0 0 0 0 0 0 0 13 11 19 11 0 0 0 0 0 0 0 0 0 0 0 0 0 0 0 0 
0 0 0 0 0 0 0 0 0 0 0 0 0 0 0 0 13 14 16 17 0 0 0 0 0 0 0 0 0 0 0 0 0 0 0 0 10 19 19 11 0 0 0 0 0 0 0 0 14 13 14 15 0 0 0 0 0 0 0 0 
0 0 0 0 0 0 0 0 0 0 0 0 0 0 0 0 0 0 0 0 0 0 0 0 0 0 0 0 0 0 0 0 0 0 0 0 0 0 0 0 0 0 0 0 0 0 0 0 0 0 0 0 0 0 0 0 13 16 10 11 
10 10 18 18 0 0 0 0 0 0 0 0 0 0 0 0 0 0 0 0 0 0 0 0 0 0 0 0 0 0 0 0 0 0 0 0 0 0 0 0 0 0 0 0 0 0 0 0 0 0 0 0 0 0 0 0 0 0 0 0 
0 0 0 0 16 12 12 12 18 19 20 15 13 14 20 13 15 16 14 16 0 0 0 0 19 16 16 18 11 16 16 10 11 15 17 18 0 0 0 0 14 13 19 10 18 13 13 15 20 19 17 16 14 18 11 13 0 0 0 0 
0 0 0 0 0 0 0 0 0 0 0 0 17 13 15 13 0 0 0 0 12 16 15 18 17 12 17 19 0 0 0 0 15 16 14 16 0 0 0 0 17 18 16 14 14 16 20 15 0 0 0 0 0 0 0 0 0 0 0 0 
0 0 0 0 0 0 0 0 0 0 0 0 0 0 0 0 13 14 19 10 0 0 0 0 0 0 0 0 0 0 0 0 18 19 19 11 0 0 0 0 0 0 0 0 0 0 0 0 0 0 0 0 0 0 0 0 0 0 0 0 
0 0 0 0 0 0 0 0 0 0 0 0 0 0 0 0 0 0 0 0 0 0 0 0 0 0 0 0 0 0 0 0 0 0 0 0 0 0 0 0 0 0 0 0 0 0 0 0 0 0 0 0 0 0 0 0 18 12 19 15 
18 11 14 15 0 0 0 0 0 0 0 0 0 0 0 0 0 0 0 0 0 0 0 0 0 0 0 0 0 0 0 0 0 0 0 0 0 0 0 0 0 0 0 0 0 0 0 0 0 0 0 0 0 0 0 0 0 0 0 0 
0 0 0 0 20 18 15 16 18 18 12 17 18 19 17 11 15 18 20 11 18 10 16 14 0 0 0 0 17 16 20 15 11 16 15 17 14 15 17 12 0 0 0 0 17 14 20 18 17 10 20 12 13 14 11 15 0 0 0 0 
0 0 0 0 0 0 0 0 0 0 0 0 0 0 0 0 14 11 12 12 18 16 15 17 0 0 0 0 0 0 0 0 15 20 12 19 0 0 0 0 14 12 18 13 18 10 16 13 0 0 0 0 0 0 0 0 0 0 0 0 
0 0 0 0 13 17 20 10 12 14 11 11 13 20 17 19 12 18 16 10 14 13 10 15 12 20 11 15 19 18 16 16 20 15 18 14 20 18 17 19 10 15 14 11 16 10 10 10 15 12 19 14 18 15 17 16 0 0 0 0 
0 0 0 0 0 0 0 0 0 0 0 0 0 0 0 0 0 0 0 0 0 0 0 0 0 0 0 0 0 0 0 0 0 0 0 0 0 0 0 0 0 0 0 0 0 0 0 0 0 0 0 0 0 0 0 0 16 18 16 16 
15 19 16 14 0 0 0 0 0 0 0 0 0 0 0 0 0 0 0 0 0 0 0 0 0 0 0 0 0 0 0 0 0 0 0 0 0 0 0 0 0 0 0 0 0 0 0 0 0 0 0 0 0 0 0 0 0 0 0 0 
0 0 0 0 0 0 0 0 0 0 0 0 18 14 12 10 0 0 0 0 0 0 0 0 0 0 0 0 0 0 0 0 0 0 0 0 0 0 0 0 0 0 0 0 20 10 13 16 10 20 15 18 0 0 0 0 0 0 0 0 
0 0 0 0 0 0 0 0 0 0 0 0 10 19 20 13 14 11 16 12 15 19 14 18 20 20 13 20 18 16 17 12 0 0 0 0 19 11 17 20 11 16 17 14 0 0 0 0 0 0 0 0 18 12 10 15 0 0 0 0 
0 0 0 0 0 0 0 0 0 0 0 0 10 16 19 19 0 0 0 0 17 14 16 14 0 0 0 0 0 0 0 0 11 19 14 17 0 0 0 0 18 16 12 11 0 0 0 0 15 15 10 17 0 0 0 0 0 0 0 0 
0 0 0 0 0 0 0 0 0 0 0 0 0 0 0 0 0 0 0 0 0 0 0 0 0 0 0 0 0 0 0 0 0 0 0 0 0 0 0 0 0 0 0 0 0 0 0 0 0 0 0 0 0 0 0 0 11 14 12 13 
19 13 13 13 0 0 0 0 0 0 0 0 0 0 0 0 0 0 0 0 0 0 0 0 0 0 0 0 0 0 0 0 0 0 0 0 0 0 0 0 0 0 0 0 0 0 0 0 0 0 0 0 0 0 0 0 0 0 0 0 
0 0 0 0 0 0 0 0 0 0 0 0 0 0 0 0 0 0 0 0 11 10 20 17 0 0 0 0 14 15 12 18 0 0 0 0 12 10 19 18 19 17 12 18 12 13 20 10 0 0 0 0 16 15 11 15 0 0 0 0 
0 0 0 0 16 10 19 15 0 0 0 0 14 20 10 20 11 19 12 17 18 16 11 20 0 0 0 0 0 0 0 0 16 17 13 11 0 0 0 0 15 17 10 14 17 18 11 10 20 19 17 16 0 0 0 0 0 0 0 0 
0 0 0 0 11 17 18 12 0 0 0 0 11 13 16 17 0 0 0 0 11 15 20 20 20 17 17 13 15 10 19 11 13 13 10 12 17 18 20 10 14 11 13 18 17 18 10 17 18 12 13 17 19 10 19 10 0 0 0 0 
0 0 0 0 0 0 0 0 0 0 0 0 0 0 0 0 0 0 0 0 0 0 0 0 0 0 0 0 0 0 0 0 0 0 0 0 0 0 0 0 0 0 0 0 0 0 0 0 0 0 0 0 0 0 0 0 12 19 14 17 
12 17 19 16 0 0 0 0 0 0 0 0 0 0 0 0 0 0 0 0 0 0 0 0 0 0 0 0 0 0 0 0 0 0 0 0 0 0 0 0 0 0 0 0 0 0 0 0 0 0 0 0 0 0 0 0 0 0 0 0 
0 0 0 0 16 18 17 17 14 13 20 17 12 18 19 17 19 11 18 13 18 18 13 15 16 10 17 14 19 14 10 13 11 17 16 15 16 13 17 11 11 12 17 17 19 17 19 14 20 15 13 18 16 13 17 20 0 0 0 0 
0 0 0 0 18 15 16 15 0 0 0 0 14 18 15 12 11 14 11 10 14 19 11 14 10 12 11 18 11 17 16 19 15 13 12 17 10 15 12 14 13 10 19 10 11 17 13 16 13 14 17 19 19 16 19 11 0 0 0 0 
0 0 0 0 12 18 10 18 0 0 0 0 0 0 0 0 0 0 0 0 0 0 0 0 0 0 0 0 0 0 0 0 0 0 0 0 18 20 20 10 0 0 0 0 10 14 12 14 17 10 20 10 0 0 0 0 0 0 0 0 
0 0 0 0 0 0 0 0 0 0 0 0 0 0 0 0 0 0 0 0 0 0 0 0 0 0 0 0 0 0 0 0 0 0 0 0 0 0 0 0 0 0 0 0 0 0 0 0 0 0 0 0 0 0 0 0 19 10 11 11 
20 12 10 10 0 0 0 0 0 0 0 0 0 0 0 0 0 0 0 0 0 0 0 0 0 0 0 0 0 0 0 0 0 0 0 0 0 0 0 0 0 0 0 0 0 0 0 0 0 0 0 0 0 0 0 0 0 0 0 0 
0 0 0 0 0 0 0 0 15 13 15 19 17 15 15 19 12 11 13 19 0 0 0 0 20 20 20 20 16 20 19 12 0 0 0 0 11 16 18 14 0 0 0 0 0 0 0 0 0 0 0 0 0 0 0 0 0 0 0 0 
0 0 0 0 16 11 19 12 19 20 14 19 18 13 14 20 19 10 15 16 12 13 16 18 19 15 16 19 14 14 19 10 20 10 16 17 16 18 10 14 14 19 15 19 13 18 12 13 19 14 17 17 0 0 0 0 0 0 0 0 
0 0 0 0 18 14 10 20 0 0 0 0 0 0 0 0 0 0 0 0 20 15 12 14 11 14 19 12 16 10 17 18 0 0 0 0 0 0 0 0 11 16 12 12 0 0 0 0 0 0 0 0 17 17 20 19 0 0 0 0 
0 0 0 0 0 0 0 0 0 0 0 0 0 0 0 0 0 0 0 0 0 0 0 0 0 0 0 0 0 0 0 0 0 0 0 0 0 0 0 0 0 0 0 0 0 0 0 0 0 0 0 0 0 0 0 0 15 13 12 13 
19 13 13 10 0 0 0 0 0 0 0 0 0 0 0 0 0 0 0 0 0 0 0 0 0 0 0 0 0 0 0 0 0 0 0 0 0 0 0 0 0 0 0 0 0 0 0 0 0 0 0 0 0 0 0 0 0 0 0 0 
0 0 0 0 11 17 13 10 0 0 0 0 0 0 0 0 0 0 0 0 0 0 0 0 0 0 0 0 0 0 0 0 0 0 0 0 0 0 0 0 0 0 0 0 0 0 0 0 0 0 0 0 0 0 0 0 0 0 0 0 
0 0 0 0 0 0 0 0 0 0 0 0 0 0 0 0 0 0 0 0 0 0 0 0 0 0 0 0 0 0 0 0 0 0 0 0 0 0 0 0 0 0 0 0 0 0 0 0 10 16 12 12 0 0 0 0 0 0 0 0 
0 0 0 0 0 0 0 0 0 0 0 0 18 16 11 19 0 0 0 0 0 0 0 0 0 0 0 0 15 20 16 18 0 0 0 0 0 0 0 0 16 14 18 16 0 0 0 0 13 20 15 18 0 0 0 0 0 0 0 0 
0 0 0 0 0 0 0 0 0 0 0 0 0 0 0 0 0 0 0 0 0 0 0 0 0 0 0 0 0 0 0 0 0 0 0 0 0 0 0 0 0 0 0 0 0 0 0 0 0 0 0 0 0 0 0 0 16 18 18 16 
12 11 13 16 0 0 0 0 0 0 0 0 0 0 0 0 0 0 0 0 0 0 0 0 0 0 0 0 0 0 0 0 0 0 0 0 0 0 0 0 0 0 0 0 0 0 0 0 0 0 0 0 0 0 0 0 0 0 0 0 
0 0 0 0 0 0 0 0 0 0 0 0 0 0 0 0 16 14 14 15 0 0 0 0 0 0 0 0 0 0 0 0 0 0 0 0 0 0 0 0 0 0 0 0 0 0 0 0 0 0 0 0 0 0 0 0 0 0 0 0 
0 0 0 0 0 0 0 0 0 0 0 0 0 0 0 0 0 0 0 0 16 12 18 18 0 0 0 0 0 0 0 0 17 20 16 11 0 0 0 0 0 0 0 0 0 0 0 0 0 0 0 0 19 10 19 14 0 0 0 0 
0 0 0 0 10 11 12 18 13 18 17 10 13 17 15 17 16 18 14 10 14 11 15 10 20 19 19 11 18 15 14 17 18 14 11 16 0 0 0 0 16 18 14 11 16 10 10 10 17 20 20 17 15 14 12 18 0 0 0 0 
0 0 0 0 0 0 0 0 0 0 0 0 0 0 0 0 0 0 0 0 0 0 0 0 0 0 0 0 0 0 0 0 0 0 0 0 0 0 0 0 0 0 0 0 0 0 0 0 0 0 0 0 0 0 0 0 17 13 20 20 
16 11 13 20 0 0 0 0 0 0 0 0 0 0 0 0 0 0 0 0 0 0 0 0 0 0 0 0 0 0 0 0 0 0 0 0 0 0 0 0 0 0 0 0 0 0 0 0 0 0 0 0 0 0 0 0 0 0 0 0 
0 0 0 0 0 0 0 0 20 18 11 18 0 0 0 0 17 10 18 12 0 0 0 0 17 15 16 17 0 0 0 0 11 15 15 20 10 12 12 19 0 0 0 0 13 10 19 19 20 15 19 20 0 0 0 0 0 0 0 0 
0 0 0 0 17 20 17 14 17 15 19 18 20 18 19 19 20 19 16 11 10 15 17 13 18 17 16 16 0 0 0 0 16 18 14 11 10 18 20 15 11 13 15 17 13 20 11 13 14 13 16 10 17 11 14 18 0 0 0 0 
0 0 0 0 12 10 13 10 12 12 18 15 19 18 20 12 18 10 16 14 0 0 0 0 18 18 19 20 16 18 20 17 10 10 20 16 12 13 18 18 13 20 17 16 13 10 18 11 0 0 0 0 16 13 14 19 0 0 0 0 
0 0 0 0 0 0 0 0 0 0 0 0 0 0 0 0 0 0 0 0 0 0 0 0 0 0 0 0 0 0 0 0 0 0 0 0 0 0 0 0 0 0 0 0 0 0 0 0 0 0 0 0 0 0 0 0 20 16 20 14 
20 19 20 16 0 0 0 0 0 0 0 0 0 0 0 0 0 0 0 0 0 0 0 0 0 0 0 0 0 0 0 0 0 0 0 0 0 0 0 0 0 0 0 0 0 0 0 0 0 0 0 0 0 0 0 0 0 0 0 0 
0 0 0 0 0 0 0 0 11 18 13 11 0 0 0 0 12 11 18 17 16 17 13 20 14 11 14 15 14 15 10 10 0 0 0 0 0 0 0 0 0 0 0 0 0 0 0 0 0 0 0 0 0 0 0 0 0 0 0 0 
0 0 0 0 16 15 12 15 12 17 12 17 0 0 0 0 19 10 16 20 0 0 0 0 0 0 0 0 18 11 16 11 0 0 0 0 0 0 0 0 0 0 0 0 0 0 0 0 18 15 15 13 0 0 0 0 0 0 0 0 
0 0 0 0 0 0 0 0 15 11 14 13 13 18 20 12 0 0 0 0 0 0 0 0 17 18 20 15 0 0 0 0 0 0 0 0 15 14 15 10 0 0 0 0 0 0 0 0 0 0 0 0 11 19 16 16 0 0 0 0 
0 0 0 0 0 0 0 0 0 0 0 0 0 0 0 0 0 0 0 0 0 0 0 0 0 0 0 0 0 0 0 0 0 0 0 0 0 0 0 0 0 0 0 0 0 0 0 0 0 0 0 0 0 0 0 0 19 20 20 13 
17 19 20 11 0 0 0 0 0 0 0 0 0 0 0 0 0 0 0 0 0 0 0 0 0 0 0 0 0 0 0 0 0 0 0 0 0 0 0 0 0 0 0 0 0 0 0 0 0 0 0 0 0 0 0 0 0 0 0 0 
0 0 0 0 0 0 0 0 18 14 11 18 15 16 11 12 17 16 19 20 0 0 0 0 0 0 0 0 0 0 0 0 0 0 0 0 0 0 0 0 14 15 12 13 17 16 20 20 19 15 12 15 0 0 0 0 0 0 0 0 
0 0 0 0 15 19 19 10 10 19 12 12 15 15 17 14 17 15 15 16 13 10 20 15 14 20 13 15 17 12 16 20 12 19 16 19 16 19 19 11 10 12 13 19 11 15 17 15 14 18 16 15 19 17 20 15 0 0 0 0 
0 0 0 0 0 0 0 0 17 11 11 18 12 16 17 13 11 12 17 13 0 0 0 0 15 10 15 10 12 10 16 15 17 16 19 16 17 19 19 10 11 11 11 14 0 0 0 0 11 11 14 11 17 12 19 17 0 0 0 0 
0 0 0 0 0 0 0 0 0 0 0 0 0 0 0 0 0 0 0 0 0 0 0 0 0 0 0 0 0 0 0 0 0 0 0 0 0 0 0 0 0 0 0 0 0 0 0 0 0 0 0 0 0 0 0 0 10 15 14 20 
13 17 17 16 0 0 0 0 0 0 0 0 0 0 0 0 0 0 0 0 0 0 0 0 0 0 0 0 0 0 0 0 0 0 0 0 0 0 0 0 0 0 0 0 0 0 0 0 0 0 0 0 0 0 0 0 0 0 0 0 
0 0 0 0 13 13 10 16 0 0 0 0 12 13 20 19 0 0 0 0 18 13 13 15 0 0 0 0 0 0 0 0 0 0 0 0 0 0 0 0 16 18 14 13 10 10 14 13 0 0 0 0 0 0 0 0 0 0 0 0 
0 0 0 0 12 17 19 19 16 20 14 18 18 13 17 12 17 13 17 19 0 0 0 0 13 10 19 11 0 0 0 0 15 20 13 19 17 16 10 15 17 16 15 16 11 16 19 16 18 16 11 20 14 19 16 17 0 0 0 0 
0 0 0 0 0 0 0 0 0 0 0 0 0 0 0 0 0 0 0 0 15 15 20 17 0 0 0 0 0 0 0 0 16 18 12 13 0 0 0 0 0 0 0 0 0 0 0 0 15 15 11 11 0 0 0 0 0 0 0 0 
0 0 0 0 0 0 0 0 0 0 0 0 0 0 0 0 0 0 0 0 0 0 0 0 0 0 0 0 0 0 0 0 0 0 0 0 0 0 0 0 0 0 0 0 0 0 0 0 0 0 0 0 0 0 0 0 16 12 15 18 
13 15 13 14 0 0 0 0 0 0 0 0 0 0 0 0 0 0 0 0 0 0 0 0 0 0 0 0 0 0 0 0 0 0 0 0 0 0 0 0 0 0 0 0 0 0 0 0 0 0 0 0 0 0 0 0 0 0 0 0 
0 0 0 0 0 0 0 0 0 0 0 0 0 0 0 0 13 10 15 17 17 19 12 20 0 0 0 0 0 0 0 0 0 0 0 0 0 0 0 0 15 15 15 10 18 20 10 12 13 10 19 14 17 10 17 16 0 0 0 0 
0 0 0 0 0 0 0 0 0 0 0 0 12 15 10 10 0 0 0 0 15 17 19 13 11 14 19 19 12 16 18 16 16 10 19 12 15 19 13 18 16 10 10 10 15 19 12 20 10 16 20 13 13 16 15 20 0 0 0 0 
0 0 0 0 13 17 14 19 13 10 17 16 15 17 10 11 16 19 12 16 0 0 0 0 16 12 11 18 14 12 14 18 0 0 0 0 14 19 19 11 15 20 13 15 17 16 16 20 13 15 13 14 14 10 15 14 0 0 0 0 
0 0 0 0 0 0 0 0 0 0 0 0 0 0 0 0 0 0 0 0 0 0 0 0 0 0 0 0 0 0 0 0 0 0 0 0 0 0 0 0 0 0 0 0 0 0 0 0 0 0 0 0 0 0 0 0 19 16 17 15 
10 13 17 11 0 0 0 0 0 0 0 0 0 0 0 0 0 0 0 0 0 0 0 0 0 0 0 0 0 0 0 0 0 0 0 0 0 0 0 0 0 0 0 0 0 0 0 0 0 0 0 0 0 0 0 0 0 0 0 0 
0 0 0 0 0 0 0 0 0 0 0 0 0 0 0 0 0 0 0 0 11 16 15 18 0 0 0 0 0 0 0 0 19 11 19 14 20 18 18 18 20 10 11 13 13 20 11 11 0 0 0 0 0 0 0 0 0 0 0 0 
0 0 0 0 20 13 18 19 14 19 13 15 0 0 0 0 0 0 0 0 0 0 0 0 13 12 17 12 18 12 12 14 18 10 17 11 0 0 0 0 0 0 0 0 19 16 18 13 16 13 10 10 16 17 18 11 0 0 0 0 
0 0 0 0 0 0 0 0 0 0 0 0 0 0 0 0 0 0 0 0 0 0 0 0 12 20 18 19 19 16 20 17 15 15 18 11 16 13 10 14 0 0 0 0 0 0 0 0 0 0 0 0 11 15 12 12 0 0 0 0 
0 0 0 0 0 0 0 0 0 0 0 0 0 0 0 0 0 0 0 0 0 0 0 0 0 0 0 0 0 0 0 0 0 0 0 0 0 0 0 0 0 0 0 0 0 0 0 0 0 0 0 0 0 0 0 0 13 17 20 13 
17 18 13 10 0 0 0 0 0 0 0 0 0 0 0 0 0 0 0 0 0 0 0 0 0 0 0 0 0 0 0 0 0 0 0 0 0 0 0 0 0 0 0 0 0 0 0 0 0 0 0 0 0 0 0 0 0 0 0 0 
0 0 0 0 0 0 0 0 10 20 10 12 0 0 0 0 15 11 17 14 0 0 0 0 19 14 15 12 20 11 10 19 15 15 20 20 11 12 14 17 14 14 20 14 10 19 13 11 12 19 19 15 20 14 16 12 0 0 0 0 
0 0 0 0 0 0 0 0 0 0 0 0 18 14 10 13 0 0 0 0 0 0 0 0 0 0 0 0 0 0 0 0 0 0 0 0 14 13 15 18 0 0 0 0 0 0 0 0 0 0 0 0 0 0 0 0 0 0 0 0 
0 0 0 0 0 0 0 0 0 0 0 0 17 18 13 11 10 20 19 14 17 12 17 14 14 16 18 15 14 15 10 14 0 0 0 0 0 0 0 0 15 17 20 17 0 0 0 0 0 0 0 0 0 0 0 0 0 0 0 0 
0 0 0 0 0 0 0 0 0 0 0 0 0 0 0 0 0 0 0 0 0 0 0 0 0 0 0 0 0 0 0 0 0 0 0 0 0 0 0 0 0 0 0 0 0 0 0 0 0 0 0 0 0 0 0 0 14 10 19 16
---------------------
 
Distance between cells
Rows and Columns: correspond to cell number
0 278 343 475 341 214 462 97 284 361 286 181 200 103 321 229 451 180 
278 0 213 75 74 491 343 362 114 284 124 481 134 236 144 196 498 283 
343 213 0 336 143 150 498 487 216 272 406 62 174 118 56 123 251 366 
475 75 336 0 196 148 174 443 413 299 113 413 231 187 294 67 389 244 
341 74 143 196 0 326 301 84 168 167 145 496 130 213 137 238 222 238 
214 491 150 148 326 0 242 360 365 451 84 73 220 225 391 485 159 316 
462 343 498 174 301 242 0 142 311 326 499 410 315 194 481 417 87 240 
97 362 487 443 84 360 142 0 168 453 407 267 130 180 229 253 170 474 
284 114 216 413 168 365 311 168 0 486 251 307 84 484 92 327 75 273 
361 284 272 299 167 451 326 453 486 0 79 70 408 490 361 430 270 117 
286 124 406 113 145 84 499 407 251 79 0 126 120 229 486 146 271 136 
181 481 62 413 496 73 410 267 307 70 126 0 304 303 353 388 310 426 
200 134 174 231 130 220 315 130 84 408 120 304 0 460 481 89 253 66 
103 236 118 187 213 225 194 180 484 490 229 303 460 0 268 486 351 143 
321 144 56 294 137 391 481 229 92 361 486 353 481 268 0 424 381 261 
229 196 123 67 238 485 417 253 327 430 146 388 89 486 424 0 106 66 
451 498 251 389 222 159 87 170 75 270 271 310 253 351 381 106 0 87 
180 283 366 244 238 316 240 474 273 117 136 426 66 143 261 66 87 0
---------------------
 
Distribution of machines in cells   (1 -- if machine m is distributed in cell u;0 -- else) 
Rows: correspond to cell number; Columns: correspond to machine number
0 0 0 0 0 0 0 0 0 0 0 0 0 0 0 1 0 0 0 0 0 0 0 0 0 0 0 0 0 0 0 0 0 0 0 0 0 0 0 0 0 0 0 0 0 0 0 0 0 0 0 0 0 0 0 0 0 1 0 0 
0 0 0 0 0 0 0 0 0 1 0 0 0 0 0 0 0 0 0 0 0 0 0 0 0 0 0 0 0 0 0 0 0 0 1 0 0 0 0 0 0 0 0 0 0 0 0 0 0 0 0 0 0 0 0 0 0 0 1 0 
0 0 0 0 0 0 0 0 0 0 0 0 0 0 0 0 0 0 0 0 0 0 0 0 1 0 0 0 0 0 1 0 0 0 0 0 0 0 0 0 0 0 0 0 0 0 0 0 0 0 0 0 0 0 0 0 0 0 0 0 
0 0 0 0 0 0 0 0 0 0 0 0 0 0 0 0 0 0 0 0 0 1 1 0 0 0 0 0 0 0 0 0 0 0 0 0 0 1 0 0 0 1 0 0 0 0 0 0 0 0 0 0 0 1 0 0 0 0 0 0 
0 0 0 1 0 0 0 0 0 0 0 0 0 0 0 0 0 0 0 0 0 0 0 0 0 0 0 0 0 0 0 0 0 0 0 1 0 0 0 1 0 0 1 0 0 0 0 0 0 0 0 0 0 0 0 0 0 0 0 0 
0 0 0 0 0 0 1 0 0 0 0 0 0 0 0 0 1 0 0 0 0 0 0 0 0 0 0 0 0 0 0 0 0 0 0 0 0 0 0 0 0 0 0 0 0 0 0 0 0 0 0 0 0 0 0 0 0 0 0 0 
0 0 0 0 0 0 0 0 0 0 0 0 0 0 0 0 0 1 0 0 0 0 0 0 0 0 0 1 0 0 0 0 0 0 0 0 0 0 1 0 0 0 0 0 0 0 0 0 0 0 1 0 0 0 0 0 0 0 0 0 
0 0 0 0 0 0 0 0 0 0 0 0 0 0 0 0 0 0 1 0 0 0 0 0 0 0 0 0 0 0 0 0 1 0 0 0 0 0 0 0 0 0 0 0 0 0 0 1 0 0 0 0 1 0 0 0 0 0 0 0 
0 0 0 0 0 0 0 0 0 0 0 1 0 0 0 0 0 0 0 0 0 0 0 0 0 0 0 0 0 0 0 1 0 0 0 0 0 0 0 0 0 0 0 0 0 0 1 0 0 0 0 0 0 0 0 0 0 0 0 0 
0 0 1 0 0 0 0 0 1 0 1 0 0 0 0 0 0 0 0 0 0 0 0 0 0 0 0 0 0 0 0 0 0 0 0 0 1 0 0 0 0 0 0 0 0 0 0 0 0 0 0 0 0 0 0 0 0 0 0 1 
0 0 0 0 0 0 0 0 0 0 0 0 0 0 0 0 0 0 0 0 0 0 0 0 0 0 1 0 0 0 0 0 0 0 0 0 0 0 0 0 0 0 0 0 0 0 0 0 0 0 0 0 0 0 0 1 0 0 0 0 
0 0 0 0 0 0 0 1 0 0 0 0 1 0 0 0 0 0 0 0 0 0 0 0 0 1 0 0 0 0 0 0 0 0 0 0 0 0 0 0 0 0 0 0 0 1 0 0 0 0 0 0 0 0 0 0 1 0 0 0 
0 0 0 0 0 0 0 0 0 0 0 0 0 0 0 0 0 0 0 0 0 0 0 1 0 0 0 0 0 1 0 0 0 0 0 0 0 0 0 0 0 0 0 0 0 0 0 0 0 1 0 0 0 0 0 0 0 0 0 0 
1 0 0 0 0 0 0 0 0 0 0 0 0 1 1 0 0 0 0 0 0 0 0 0 0 0 0 0 0 0 0 0 0 0 0 0 0 0 0 0 0 0 0 0 0 0 0 0 0 0 0 0 0 0 1 0 0 0 0 0 
0 0 0 0 0 0 0 0 0 0 0 0 0 0 0 0 0 0 0 0 0 0 0 0 0 0 0 0 0 0 0 0 0 1 0 0 0 0 0 0 0 0 0 0 0 0 0 0 1 0 0 0 0 0 0 0 0 0 0 0 
0 0 0 0 0 1 0 0 0 0 0 0 0 0 0 0 0 0 0 1 0 0 0 0 0 0 0 0 1 0 0 0 0 0 0 0 0 0 0 0 0 0 0 0 0 0 0 0 0 0 0 0 0 0 0 0 0 0 0 0 
0 0 0 0 1 0 0 0 0 0 0 0 0 0 0 0 0 0 0 0 1 0 0 0 0 0 0 0 0 0 0 0 0 0 0 0 0 0 0 0 0 0 0 0 1 0 0 0 0 0 0 0 0 0 0 0 0 0 0 0 
0 1 0 0 0 0 0 0 0 0 0 0 0 0 0 0 0 0 0 0 0 0 0 0 0 0 0 0 0 0 0 0 0 0 0 0 0 0 0 0 1 0 0 1 0 0 0 0 0 0 0 1 0 0 0 0 0 0 0 0
---------------------
 
