Adaption from Behnke53

Number of operations for each part
5 5 5 5 5 5 5 5 5 5 5 5 5 5 5 5 5 5 5 5 5 5 5 5 5 5 5 5 5 5 5 5 5 5 5 5 5 5 5 5 5 5 5 5 5 5 5 5 5 5
---------------------
 
Processing time   (0 -- non-optional machine)
Rows: sequential for each operation of each part; Columns: correspond to machine number
17 12 19 18 0 0 0 0 0 0 0 0 0 0 0 0 0 0 0 0 0 0 0 0 0 0 0 0 0 0 0 0 0 0 0 0 0 0 0 0 0 0 0 0 0 0 0 0 0 0 0 0 0 0 0 0 0 0 0 0 
0 0 0 0 0 0 0 0 15 30 27 11 0 0 0 0 0 0 0 0 0 0 0 0 0 0 0 0 0 0 0 0 0 0 0 0 0 0 0 0 0 0 0 0 0 0 0 0 0 0 0 0 0 0 0 0 0 0 0 0 
0 0 0 0 22 23 10 24 30 23 26 20 17 13 21 17 0 0 0 0 26 20 23 23 20 15 10 12 28 26 10 25 17 11 15 12 12 29 22 23 15 22 12 14 22 17 22 28 23 22 16 27 25 16 13 13 0 0 0 0 
0 0 0 0 10 10 26 23 0 0 0 0 18 25 26 23 0 0 0 0 18 21 30 16 30 13 24 10 18 26 26 26 24 15 15 14 0 0 0 0 13 23 28 19 26 28 17 28 24 28 21 28 22 24 30 21 0 0 0 0 
0 0 0 0 0 0 0 0 0 0 0 0 0 0 0 0 0 0 0 0 0 0 0 0 0 0 0 0 0 0 0 0 0 0 0 0 0 0 0 0 0 0 0 0 0 0 0 0 0 0 0 0 0 0 0 0 25 14 19 24 
29 19 23 28 0 0 0 0 0 0 0 0 0 0 0 0 0 0 0 0 0 0 0 0 0 0 0 0 0 0 0 0 0 0 0 0 0 0 0 0 0 0 0 0 0 0 0 0 0 0 0 0 0 0 0 0 0 0 0 0 
0 0 0 0 10 30 11 20 0 0 0 0 0 0 0 0 0 0 0 0 15 30 15 26 0 0 0 0 0 0 0 0 0 0 0 0 0 0 0 0 0 0 0 0 18 30 27 11 0 0 0 0 25 28 24 10 0 0 0 0 
0 0 0 0 12 23 26 22 0 0 0 0 26 15 27 24 0 0 0 0 0 0 0 0 0 0 0 0 28 24 26 21 0 0 0 0 10 27 19 23 0 0 0 0 0 0 0 0 21 20 13 12 0 0 0 0 0 0 0 0 
0 0 0 0 12 30 26 15 0 0 0 0 23 15 17 18 21 27 25 28 16 11 22 22 11 17 30 25 18 19 21 21 17 14 23 23 28 19 15 23 10 15 16 11 25 17 30 25 24 21 26 26 18 26 23 13 0 0 0 0 
0 0 0 0 0 0 0 0 0 0 0 0 0 0 0 0 0 0 0 0 0 0 0 0 0 0 0 0 0 0 0 0 0 0 0 0 0 0 0 0 0 0 0 0 0 0 0 0 0 0 0 0 0 0 0 0 30 21 15 11 
10 18 29 26 0 0 0 0 0 0 0 0 0 0 0 0 0 0 0 0 0 0 0 0 0 0 0 0 0 0 0 0 0 0 0 0 0 0 0 0 0 0 0 0 0 0 0 0 0 0 0 0 0 0 0 0 0 0 0 0 
0 0 0 0 11 23 16 24 19 14 26 13 0 0 0 0 25 14 18 15 30 10 11 23 23 13 24 19 11 13 17 30 18 30 20 19 0 0 0 0 27 13 14 19 22 17 27 17 0 0 0 0 22 18 14 22 0 0 0 0 
0 0 0 0 17 24 21 25 17 14 28 26 30 30 22 18 11 28 20 30 17 19 28 30 23 14 14 20 27 13 22 19 18 26 25 17 23 17 28 21 19 14 22 26 29 17 11 18 28 27 17 11 26 27 15 25 0 0 0 0 
0 0 0 0 0 0 0 0 12 27 20 28 14 19 28 22 0 0 0 0 20 23 15 10 12 16 11 21 15 16 22 14 27 28 22 18 17 17 16 18 0 0 0 0 21 23 28 18 0 0 0 0 20 27 30 27 0 0 0 0 
0 0 0 0 0 0 0 0 0 0 0 0 0 0 0 0 0 0 0 0 0 0 0 0 0 0 0 0 0 0 0 0 0 0 0 0 0 0 0 0 0 0 0 0 0 0 0 0 0 0 0 0 0 0 0 0 20 15 26 20 
17 18 26 20 0 0 0 0 0 0 0 0 0 0 0 0 0 0 0 0 0 0 0 0 0 0 0 0 0 0 0 0 0 0 0 0 0 0 0 0 0 0 0 0 0 0 0 0 0 0 0 0 0 0 0 0 0 0 0 0 
0 0 0 0 21 13 28 21 0 0 0 0 0 0 0 0 0 0 0 0 12 23 23 20 25 21 28 14 0 0 0 0 14 26 12 17 0 0 0 0 13 13 24 14 10 27 26 17 28 20 16 22 30 17 26 16 0 0 0 0 
0 0 0 0 22 16 22 16 0 0 0 0 0 0 0 0 18 18 13 21 0 0 0 0 0 0 0 0 0 0 0 0 0 0 0 0 0 0 0 0 13 15 24 28 0 0 0 0 0 0 0 0 0 0 0 0 0 0 0 0 
0 0 0 0 21 23 22 24 15 18 28 16 0 0 0 0 15 21 30 22 18 26 17 12 15 27 24 16 26 15 27 29 30 20 28 20 0 0 0 0 10 30 29 13 0 0 0 0 19 12 24 28 0 0 0 0 0 0 0 0 
0 0 0 0 0 0 0 0 0 0 0 0 0 0 0 0 0 0 0 0 0 0 0 0 0 0 0 0 0 0 0 0 0 0 0 0 0 0 0 0 0 0 0 0 0 0 0 0 0 0 0 0 0 0 0 0 18 25 28 15 
27 26 21 10 0 0 0 0 0 0 0 0 0 0 0 0 0 0 0 0 0 0 0 0 0 0 0 0 0 0 0 0 0 0 0 0 0 0 0 0 0 0 0 0 0 0 0 0 0 0 0 0 0 0 0 0 0 0 0 0 
0 0 0 0 0 0 0 0 0 0 0 0 0 0 0 0 0 0 0 0 0 0 0 0 0 0 0 0 13 23 16 22 0 0 0 0 0 0 0 0 0 0 0 0 0 0 0 0 17 14 16 18 0 0 0 0 0 0 0 0 
0 0 0 0 13 10 27 26 0 0 0 0 28 28 19 27 22 24 24 19 13 30 11 10 28 25 15 26 0 0 0 0 14 30 21 28 20 30 27 14 0 0 0 0 28 29 17 30 23 11 10 13 12 15 30 30 0 0 0 0 
0 0 0 0 0 0 0 0 16 19 10 10 18 26 21 18 0 0 0 0 0 0 0 0 19 21 30 16 16 27 30 10 29 20 21 23 0 0 0 0 0 0 0 0 25 19 14 27 20 23 20 30 16 21 24 11 0 0 0 0 
0 0 0 0 0 0 0 0 0 0 0 0 0 0 0 0 0 0 0 0 0 0 0 0 0 0 0 0 0 0 0 0 0 0 0 0 0 0 0 0 0 0 0 0 0 0 0 0 0 0 0 0 0 0 0 0 28 19 29 22 
22 10 24 27 0 0 0 0 0 0 0 0 0 0 0 0 0 0 0 0 0 0 0 0 0 0 0 0 0 0 0 0 0 0 0 0 0 0 0 0 0 0 0 0 0 0 0 0 0 0 0 0 0 0 0 0 0 0 0 0 
0 0 0 0 0 0 0 0 28 16 28 29 26 25 14 11 0 0 0 0 29 18 23 16 13 20 20 25 0 0 0 0 0 0 0 0 23 15 17 21 0 0 0 0 0 0 0 0 0 0 0 0 0 0 0 0 0 0 0 0 
0 0 0 0 10 29 24 12 30 16 20 16 10 24 10 25 25 20 16 21 19 19 30 27 26 14 22 14 25 14 10 28 0 0 0 0 13 23 29 29 25 25 19 29 11 15 30 24 14 21 11 12 0 0 0 0 0 0 0 0 
0 0 0 0 0 0 0 0 0 0 0 0 0 0 0 0 0 0 0 0 22 27 24 11 0 0 0 0 12 11 29 22 0 0 0 0 0 0 0 0 0 0 0 0 28 19 26 10 19 14 11 25 26 16 11 29 0 0 0 0 
0 0 0 0 0 0 0 0 0 0 0 0 0 0 0 0 0 0 0 0 0 0 0 0 0 0 0 0 0 0 0 0 0 0 0 0 0 0 0 0 0 0 0 0 0 0 0 0 0 0 0 0 0 0 0 0 23 14 13 30 
24 19 11 26 0 0 0 0 0 0 0 0 0 0 0 0 0 0 0 0 0 0 0 0 0 0 0 0 0 0 0 0 0 0 0 0 0 0 0 0 0 0 0 0 0 0 0 0 0 0 0 0 0 0 0 0 0 0 0 0 
0 0 0 0 16 26 20 15 0 0 0 0 0 0 0 0 0 0 0 0 19 22 25 29 0 0 0 0 10 20 12 21 18 26 16 16 0 0 0 0 10 25 25 24 0 0 0 0 25 22 19 10 0 0 0 0 0 0 0 0 
0 0 0 0 0 0 0 0 0 0 0 0 0 0 0 0 0 0 0 0 14 26 28 14 0 0 0 0 0 0 0 0 0 0 0 0 0 0 0 0 0 0 0 0 0 0 0 0 0 0 0 0 0 0 0 0 0 0 0 0 
0 0 0 0 0 0 0 0 15 16 27 22 10 28 24 15 0 0 0 0 10 11 28 30 0 0 0 0 18 18 20 14 22 11 23 12 28 28 25 26 0 0 0 0 24 29 20 30 17 13 15 28 0 0 0 0 0 0 0 0 
0 0 0 0 0 0 0 0 0 0 0 0 0 0 0 0 0 0 0 0 0 0 0 0 0 0 0 0 0 0 0 0 0 0 0 0 0 0 0 0 0 0 0 0 0 0 0 0 0 0 0 0 0 0 0 0 21 28 10 29 
17 17 29 21 0 0 0 0 0 0 0 0 0 0 0 0 0 0 0 0 0 0 0 0 0 0 0 0 0 0 0 0 0 0 0 0 0 0 0 0 0 0 0 0 0 0 0 0 0 0 0 0 0 0 0 0 0 0 0 0 
0 0 0 0 24 26 26 20 22 13 23 26 26 11 26 18 16 25 18 11 30 27 24 17 13 13 24 10 0 0 0 0 14 18 23 27 12 21 14 21 0 0 0 0 24 10 20 11 17 24 20 13 23 21 26 24 0 0 0 0 
0 0 0 0 25 23 13 24 0 0 0 0 13 10 15 27 14 14 29 20 0 0 0 0 0 0 0 0 0 0 0 0 0 0 0 0 0 0 0 0 0 0 0 0 0 0 0 0 0 0 0 0 25 24 24 12 0 0 0 0 
0 0 0 0 0 0 0 0 0 0 0 0 23 22 28 14 0 0 0 0 0 0 0 0 17 25 29 28 0 0 0 0 13 20 20 15 0 0 0 0 0 0 0 0 26 19 17 22 12 19 26 17 0 0 0 0 0 0 0 0 
0 0 0 0 0 0 0 0 0 0 0 0 0 0 0 0 0 0 0 0 0 0 0 0 0 0 0 0 0 0 0 0 0 0 0 0 0 0 0 0 0 0 0 0 0 0 0 0 0 0 0 0 0 0 0 0 20 18 10 23 
11 14 23 15 0 0 0 0 0 0 0 0 0 0 0 0 0 0 0 0 0 0 0 0 0 0 0 0 0 0 0 0 0 0 0 0 0 0 0 0 0 0 0 0 0 0 0 0 0 0 0 0 0 0 0 0 0 0 0 0 
0 0 0 0 19 20 30 27 15 18 10 15 30 13 18 21 13 28 29 18 26 27 30 10 12 29 24 30 21 12 11 19 19 11 24 23 22 29 17 13 23 17 17 12 12 17 11 23 27 22 27 29 27 24 26 29 0 0 0 0 
0 0 0 0 14 28 23 29 25 24 14 11 19 30 21 15 21 29 10 20 19 23 15 23 23 22 11 17 18 22 28 14 0 0 0 0 18 26 25 16 15 16 15 30 16 11 29 24 0 0 0 0 29 15 23 10 0 0 0 0 
0 0 0 0 0 0 0 0 0 0 0 0 0 0 0 0 15 26 18 30 25 13 18 15 14 26 13 28 0 0 0 0 13 17 18 13 0 0 0 0 0 0 0 0 0 0 0 0 0 0 0 0 0 0 0 0 0 0 0 0 
0 0 0 0 0 0 0 0 0 0 0 0 0 0 0 0 0 0 0 0 0 0 0 0 0 0 0 0 0 0 0 0 0 0 0 0 0 0 0 0 0 0 0 0 0 0 0 0 0 0 0 0 0 0 0 0 13 14 29 26 
21 11 15 17 0 0 0 0 0 0 0 0 0 0 0 0 0 0 0 0 0 0 0 0 0 0 0 0 0 0 0 0 0 0 0 0 0 0 0 0 0 0 0 0 0 0 0 0 0 0 0 0 0 0 0 0 0 0 0 0 
0 0 0 0 0 0 0 0 20 14 27 29 0 0 0 0 14 17 26 13 26 30 25 23 0 0 0 0 0 0 0 0 23 28 14 30 27 10 22 21 14 12 26 24 0 0 0 0 25 21 26 16 0 0 0 0 0 0 0 0 
0 0 0 0 25 22 11 16 21 22 11 26 28 30 24 16 23 29 17 13 22 25 27 12 17 10 22 13 15 20 23 20 15 17 28 25 30 19 27 16 16 19 13 22 16 25 15 14 26 10 19 24 26 19 15 22 0 0 0 0 
0 0 0 0 27 26 30 29 11 14 22 28 0 0 0 0 29 24 26 12 12 19 22 15 13 13 16 15 27 25 14 30 17 12 15 16 11 27 16 20 21 27 22 18 0 0 0 0 11 25 20 23 22 18 12 12 0 0 0 0 
0 0 0 0 0 0 0 0 0 0 0 0 0 0 0 0 0 0 0 0 0 0 0 0 0 0 0 0 0 0 0 0 0 0 0 0 0 0 0 0 0 0 0 0 0 0 0 0 0 0 0 0 0 0 0 0 21 11 14 23 
15 19 29 24 0 0 0 0 0 0 0 0 0 0 0 0 0 0 0 0 0 0 0 0 0 0 0 0 0 0 0 0 0 0 0 0 0 0 0 0 0 0 0 0 0 0 0 0 0 0 0 0 0 0 0 0 0 0 0 0 
0 0 0 0 16 16 21 16 10 28 19 16 14 26 16 10 17 29 22 19 18 19 20 27 10 22 24 28 14 30 10 30 23 25 15 18 16 15 25 15 30 27 13 17 13 18 30 22 28 29 23 28 28 14 24 10 0 0 0 0 
0 0 0 0 10 21 26 30 0 0 0 0 18 24 18 28 14 17 18 20 11 24 14 12 22 25 13 25 0 0 0 0 21 23 23 16 11 19 27 22 0 0 0 0 0 0 0 0 12 14 13 15 30 28 21 25 0 0 0 0 
0 0 0 0 0 0 0 0 17 17 28 15 14 17 18 17 13 25 25 11 0 0 0 0 21 28 28 22 13 28 30 22 25 24 16 25 16 23 23 18 0 0 0 0 12 16 16 13 0 0 0 0 0 0 0 0 0 0 0 0 
0 0 0 0 0 0 0 0 0 0 0 0 0 0 0 0 0 0 0 0 0 0 0 0 0 0 0 0 0 0 0 0 0 0 0 0 0 0 0 0 0 0 0 0 0 0 0 0 0 0 0 0 0 0 0 0 11 30 12 20 
28 10 24 22 0 0 0 0 0 0 0 0 0 0 0 0 0 0 0 0 0 0 0 0 0 0 0 0 0 0 0 0 0 0 0 0 0 0 0 0 0 0 0 0 0 0 0 0 0 0 0 0 0 0 0 0 0 0 0 0 
0 0 0 0 11 21 30 13 15 18 25 22 29 17 24 29 21 11 16 11 13 15 24 15 15 24 28 25 16 22 16 13 21 17 29 20 0 0 0 0 0 0 0 0 0 0 0 0 19 23 22 30 13 10 29 28 0 0 0 0 
0 0 0 0 15 27 11 11 15 29 27 10 24 19 14 20 11 18 10 11 23 20 23 24 0 0 0 0 0 0 0 0 29 26 17 26 24 28 17 22 26 22 13 15 26 15 13 16 0 0 0 0 25 18 21 15 0 0 0 0 
0 0 0 0 0 0 0 0 0 0 0 0 0 0 0 0 0 0 0 0 18 10 20 12 0 0 0 0 0 0 0 0 0 0 0 0 0 0 0 0 0 0 0 0 0 0 0 0 0 0 0 0 0 0 0 0 0 0 0 0 
0 0 0 0 0 0 0 0 0 0 0 0 0 0 0 0 0 0 0 0 0 0 0 0 0 0 0 0 0 0 0 0 0 0 0 0 0 0 0 0 0 0 0 0 0 0 0 0 0 0 0 0 0 0 0 0 17 23 22 19 
18 12 26 27 0 0 0 0 0 0 0 0 0 0 0 0 0 0 0 0 0 0 0 0 0 0 0 0 0 0 0 0 0 0 0 0 0 0 0 0 0 0 0 0 0 0 0 0 0 0 0 0 0 0 0 0 0 0 0 0 
0 0 0 0 0 0 0 0 0 0 0 0 11 16 15 11 15 20 19 22 0 0 0 0 10 12 27 21 0 0 0 0 30 12 17 22 30 19 27 13 0 0 0 0 30 10 17 26 23 28 25 15 10 28 26 20 0 0 0 0 
0 0 0 0 21 15 10 11 18 17 18 19 14 28 24 24 29 16 18 12 10 12 15 22 23 18 29 25 0 0 0 0 0 0 0 0 27 28 11 22 0 0 0 0 0 0 0 0 11 12 19 10 21 11 23 18 0 0 0 0 
0 0 0 0 18 22 20 14 0 0 0 0 0 0 0 0 0 0 0 0 0 0 0 0 0 0 0 0 30 16 14 21 22 28 17 30 0 0 0 0 0 0 0 0 0 0 0 0 0 0 0 0 0 0 0 0 0 0 0 0 
0 0 0 0 0 0 0 0 0 0 0 0 0 0 0 0 0 0 0 0 0 0 0 0 0 0 0 0 0 0 0 0 0 0 0 0 0 0 0 0 0 0 0 0 0 0 0 0 0 0 0 0 0 0 0 0 16 20 15 26 
13 24 26 17 0 0 0 0 0 0 0 0 0 0 0 0 0 0 0 0 0 0 0 0 0 0 0 0 0 0 0 0 0 0 0 0 0 0 0 0 0 0 0 0 0 0 0 0 0 0 0 0 0 0 0 0 0 0 0 0 
0 0 0 0 13 16 25 17 14 24 24 12 27 21 24 29 26 24 28 16 13 22 19 30 10 14 14 28 27 20 16 11 30 13 13 13 17 14 23 29 13 21 10 16 15 19 30 27 24 11 29 13 0 0 0 0 0 0 0 0 
0 0 0 0 0 0 0 0 19 21 26 20 0 0 0 0 24 13 21 25 0 0 0 0 0 0 0 0 0 0 0 0 0 0 0 0 0 0 0 0 0 0 0 0 20 21 15 17 15 10 14 13 0 0 0 0 0 0 0 0 
0 0 0 0 23 14 30 20 22 21 30 14 11 27 15 10 0 0 0 0 19 11 24 25 23 26 10 22 0 0 0 0 14 22 14 15 14 17 30 15 25 29 18 11 23 11 23 27 18 18 13 10 25 18 14 25 0 0 0 0 
0 0 0 0 0 0 0 0 0 0 0 0 0 0 0 0 0 0 0 0 0 0 0 0 0 0 0 0 0 0 0 0 0 0 0 0 0 0 0 0 0 0 0 0 0 0 0 0 0 0 0 0 0 0 0 0 27 19 20 21 
24 10 28 22 0 0 0 0 0 0 0 0 0 0 0 0 0 0 0 0 0 0 0 0 0 0 0 0 0 0 0 0 0 0 0 0 0 0 0 0 0 0 0 0 0 0 0 0 0 0 0 0 0 0 0 0 0 0 0 0 
0 0 0 0 0 0 0 0 0 0 0 0 15 16 22 30 0 0 0 0 0 0 0 0 0 0 0 0 0 0 0 0 0 0 0 0 0 0 0 0 0 0 0 0 21 21 29 19 13 25 30 14 0 0 0 0 0 0 0 0 
0 0 0 0 0 0 0 0 0 0 0 0 0 0 0 0 0 0 0 0 0 0 0 0 0 0 0 0 0 0 0 0 0 0 0 0 0 0 0 0 0 0 0 0 0 0 0 0 0 0 0 0 24 17 28 30 0 0 0 0 
0 0 0 0 24 22 30 21 10 14 17 29 0 0 0 0 0 0 0 0 0 0 0 0 0 0 0 0 0 0 0 0 0 0 0 0 0 0 0 0 0 0 0 0 0 0 0 0 0 0 0 0 0 0 0 0 0 0 0 0 
0 0 0 0 0 0 0 0 0 0 0 0 0 0 0 0 0 0 0 0 0 0 0 0 0 0 0 0 0 0 0 0 0 0 0 0 0 0 0 0 0 0 0 0 0 0 0 0 0 0 0 0 0 0 0 0 11 16 26 19 
25 19 27 12 0 0 0 0 0 0 0 0 0 0 0 0 0 0 0 0 0 0 0 0 0 0 0 0 0 0 0 0 0 0 0 0 0 0 0 0 0 0 0 0 0 0 0 0 0 0 0 0 0 0 0 0 0 0 0 0 
0 0 0 0 24 25 10 24 12 15 27 29 17 29 17 26 0 0 0 0 0 0 0 0 24 22 16 24 0 0 0 0 0 0 0 0 0 0 0 0 20 26 21 16 30 20 10 15 0 0 0 0 15 29 20 30 0 0 0 0 
0 0 0 0 0 0 0 0 0 0 0 0 11 14 12 11 0 0 0 0 0 0 0 0 10 14 26 21 13 12 11 14 0 0 0 0 10 20 23 16 27 30 29 23 0 0 0 0 17 23 20 23 23 30 21 12 0 0 0 0 
0 0 0 0 0 0 0 0 0 0 0 0 0 0 0 0 29 11 22 22 22 10 25 30 13 17 14 29 0 0 0 0 0 0 0 0 29 10 28 17 24 12 17 21 11 16 19 27 0 0 0 0 0 0 0 0 0 0 0 0 
0 0 0 0 0 0 0 0 0 0 0 0 0 0 0 0 0 0 0 0 0 0 0 0 0 0 0 0 0 0 0 0 0 0 0 0 0 0 0 0 0 0 0 0 0 0 0 0 0 0 0 0 0 0 0 0 15 18 11 25 
11 28 22 30 0 0 0 0 0 0 0 0 0 0 0 0 0 0 0 0 0 0 0 0 0 0 0 0 0 0 0 0 0 0 0 0 0 0 0 0 0 0 0 0 0 0 0 0 0 0 0 0 0 0 0 0 0 0 0 0 
0 0 0 0 0 0 0 0 0 0 0 0 10 13 26 12 0 0 0 0 18 10 26 10 0 0 0 0 16 30 20 21 13 21 17 15 17 28 18 11 0 0 0 0 16 19 30 16 0 0 0 0 0 0 0 0 0 0 0 0 
0 0 0 0 27 10 13 25 13 25 25 22 0 0 0 0 0 0 0 0 13 22 17 27 0 0 0 0 0 0 0 0 0 0 0 0 0 0 0 0 0 0 0 0 0 0 0 0 15 21 28 15 0 0 0 0 0 0 0 0 
0 0 0 0 0 0 0 0 0 0 0 0 0 0 0 0 25 12 12 25 17 11 19 26 25 28 30 14 0 0 0 0 0 0 0 0 24 15 27 22 30 14 10 12 0 0 0 0 13 22 10 22 30 23 25 19 0 0 0 0 
0 0 0 0 0 0 0 0 0 0 0 0 0 0 0 0 0 0 0 0 0 0 0 0 0 0 0 0 0 0 0 0 0 0 0 0 0 0 0 0 0 0 0 0 0 0 0 0 0 0 0 0 0 0 0 0 22 26 14 27 
17 24 30 15 0 0 0 0 0 0 0 0 0 0 0 0 0 0 0 0 0 0 0 0 0 0 0 0 0 0 0 0 0 0 0 0 0 0 0 0 0 0 0 0 0 0 0 0 0 0 0 0 0 0 0 0 0 0 0 0 
0 0 0 0 0 0 0 0 0 0 0 0 0 0 0 0 0 0 0 0 15 20 20 14 14 10 10 23 14 19 29 10 0 0 0 0 22 23 17 17 27 27 12 10 0 0 0 0 13 29 18 24 0 0 0 0 0 0 0 0 
0 0 0 0 26 14 26 17 18 20 25 17 12 14 16 10 0 0 0 0 0 0 0 0 0 0 0 0 0 0 0 0 24 22 10 13 24 22 20 10 0 0 0 0 0 0 0 0 0 0 0 0 23 17 15 18 0 0 0 0 
0 0 0 0 0 0 0 0 0 0 0 0 23 12 25 19 0 0 0 0 22 22 24 28 23 21 20 22 22 29 17 19 29 25 13 12 11 20 21 13 0 0 0 0 30 25 17 26 21 20 13 18 22 11 15 17 0 0 0 0 
0 0 0 0 0 0 0 0 0 0 0 0 0 0 0 0 0 0 0 0 0 0 0 0 0 0 0 0 0 0 0 0 0 0 0 0 0 0 0 0 0 0 0 0 0 0 0 0 0 0 0 0 0 0 0 0 20 10 23 28 
25 19 24 14 0 0 0 0 0 0 0 0 0 0 0 0 0 0 0 0 0 0 0 0 0 0 0 0 0 0 0 0 0 0 0 0 0 0 0 0 0 0 0 0 0 0 0 0 0 0 0 0 0 0 0 0 0 0 0 0 
0 0 0 0 29 22 18 20 0 0 0 0 0 0 0 0 0 0 0 0 0 0 0 0 27 19 30 16 0 0 0 0 0 0 0 0 0 0 0 0 0 0 0 0 30 25 30 26 11 13 10 25 0 0 0 0 0 0 0 0 
0 0 0 0 15 27 16 24 26 25 17 17 0 0 0 0 0 0 0 0 14 13 13 12 0 0 0 0 20 10 13 11 0 0 0 0 0 0 0 0 28 13 11 18 20 11 21 28 26 16 16 26 13 24 11 17 0 0 0 0 
0 0 0 0 21 20 15 30 15 18 11 26 27 21 28 21 21 21 14 12 23 26 27 16 22 29 17 25 21 12 11 15 0 0 0 0 25 27 26 19 12 20 25 10 30 15 17 14 30 10 19 22 24 11 15 28 0 0 0 0 
0 0 0 0 0 0 0 0 0 0 0 0 0 0 0 0 0 0 0 0 0 0 0 0 0 0 0 0 0 0 0 0 0 0 0 0 0 0 0 0 0 0 0 0 0 0 0 0 0 0 0 0 0 0 0 0 26 24 23 13 
13 13 12 17 0 0 0 0 0 0 0 0 0 0 0 0 0 0 0 0 0 0 0 0 0 0 0 0 0 0 0 0 0 0 0 0 0 0 0 0 0 0 0 0 0 0 0 0 0 0 0 0 0 0 0 0 0 0 0 0 
0 0 0 0 20 16 24 28 26 13 19 10 17 17 17 12 14 25 26 22 25 10 12 26 21 20 12 24 13 13 21 26 20 23 25 21 20 27 10 20 29 19 21 24 0 0 0 0 0 0 0 0 10 14 12 23 0 0 0 0 
0 0 0 0 0 0 0 0 25 29 25 13 30 21 14 12 10 11 26 12 20 10 17 24 26 29 16 29 14 20 21 29 17 28 25 11 24 23 20 26 13 25 15 10 22 28 26 12 28 21 14 16 0 0 0 0 0 0 0 0 
0 0 0 0 0 0 0 0 0 0 0 0 27 11 18 15 0 0 0 0 0 0 0 0 19 16 22 17 18 28 26 19 0 0 0 0 0 0 0 0 0 0 0 0 0 0 0 0 0 0 0 0 0 0 0 0 0 0 0 0 
0 0 0 0 0 0 0 0 0 0 0 0 0 0 0 0 0 0 0 0 0 0 0 0 0 0 0 0 0 0 0 0 0 0 0 0 0 0 0 0 0 0 0 0 0 0 0 0 0 0 0 0 0 0 0 0 15 14 12 27 
19 10 22 11 0 0 0 0 0 0 0 0 0 0 0 0 0 0 0 0 0 0 0 0 0 0 0 0 0 0 0 0 0 0 0 0 0 0 0 0 0 0 0 0 0 0 0 0 0 0 0 0 0 0 0 0 0 0 0 0 
0 0 0 0 23 29 22 18 12 24 14 20 0 0 0 0 24 22 17 13 0 0 0 0 0 0 0 0 10 30 22 26 0 0 0 0 26 25 27 18 13 28 24 23 0 0 0 0 0 0 0 0 0 0 0 0 0 0 0 0 
0 0 0 0 15 12 26 26 27 19 26 29 10 20 30 27 11 27 26 10 27 25 17 11 17 22 11 30 19 12 25 20 14 22 17 14 27 28 18 17 12 11 27 18 28 24 21 25 11 16 10 16 14 18 22 21 0 0 0 0 
0 0 0 0 24 24 18 30 24 25 25 19 26 29 29 29 26 21 19 15 24 16 22 21 0 0 0 0 27 28 25 12 15 29 10 22 14 23 14 15 23 13 20 26 23 15 22 16 16 15 29 23 20 17 22 27 0 0 0 0 
0 0 0 0 0 0 0 0 0 0 0 0 0 0 0 0 0 0 0 0 0 0 0 0 0 0 0 0 0 0 0 0 0 0 0 0 0 0 0 0 0 0 0 0 0 0 0 0 0 0 0 0 0 0 0 0 16 28 23 15 
24 19 26 29 0 0 0 0 0 0 0 0 0 0 0 0 0 0 0 0 0 0 0 0 0 0 0 0 0 0 0 0 0 0 0 0 0 0 0 0 0 0 0 0 0 0 0 0 0 0 0 0 0 0 0 0 0 0 0 0 
0 0 0 0 17 16 23 17 0 0 0 0 0 0 0 0 0 0 0 0 16 24 10 12 25 26 18 27 0 0 0 0 0 0 0 0 15 22 14 29 18 12 29 12 24 23 17 10 13 24 15 26 0 0 0 0 0 0 0 0 
0 0 0 0 0 0 0 0 0 0 0 0 0 0 0 0 25 26 10 27 14 21 28 23 0 0 0 0 0 0 0 0 0 0 0 0 14 23 12 14 18 10 24 13 0 0 0 0 21 22 11 15 30 12 23 28 0 0 0 0 
0 0 0 0 16 22 18 13 25 10 27 16 10 17 28 25 27 11 26 16 23 12 26 23 23 14 11 25 11 18 13 19 29 16 14 17 13 15 24 17 22 10 19 10 24 12 21 27 17 16 18 20 15 14 13 28 0 0 0 0 
0 0 0 0 0 0 0 0 0 0 0 0 0 0 0 0 0 0 0 0 0 0 0 0 0 0 0 0 0 0 0 0 0 0 0 0 0 0 0 0 0 0 0 0 0 0 0 0 0 0 0 0 0 0 0 0 13 15 23 29 
29 17 13 27 0 0 0 0 0 0 0 0 0 0 0 0 0 0 0 0 0 0 0 0 0 0 0 0 0 0 0 0 0 0 0 0 0 0 0 0 0 0 0 0 0 0 0 0 0 0 0 0 0 0 0 0 0 0 0 0 
0 0 0 0 0 0 0 0 12 15 30 12 0 0 0 0 0 0 0 0 0 0 0 0 0 0 0 0 0 0 0 0 0 0 0 0 0 0 0 0 30 25 11 10 0 0 0 0 0 0 0 0 0 0 0 0 0 0 0 0 
0 0 0 0 19 21 26 27 26 23 16 26 29 20 16 27 14 14 28 14 0 0 0 0 0 0 0 0 0 0 0 0 18 21 12 25 0 0 0 0 22 26 29 21 15 29 12 10 12 30 22 14 28 22 13 18 0 0 0 0 
0 0 0 0 0 0 0 0 0 0 0 0 0 0 0 0 0 0 0 0 0 0 0 0 28 24 11 17 0 0 0 0 0 0 0 0 0 0 0 0 0 0 0 0 12 26 11 10 0 0 0 0 0 0 0 0 0 0 0 0 
0 0 0 0 0 0 0 0 0 0 0 0 0 0 0 0 0 0 0 0 0 0 0 0 0 0 0 0 0 0 0 0 0 0 0 0 0 0 0 0 0 0 0 0 0 0 0 0 0 0 0 0 0 0 0 0 25 22 26 20 
19 27 16 15 0 0 0 0 0 0 0 0 0 0 0 0 0 0 0 0 0 0 0 0 0 0 0 0 0 0 0 0 0 0 0 0 0 0 0 0 0 0 0 0 0 0 0 0 0 0 0 0 0 0 0 0 0 0 0 0 
0 0 0 0 0 0 0 0 30 25 11 26 0 0 0 0 0 0 0 0 0 0 0 0 0 0 0 0 23 12 15 10 0 0 0 0 0 0 0 0 0 0 0 0 0 0 0 0 0 0 0 0 0 0 0 0 0 0 0 0 
0 0 0 0 12 17 25 15 0 0 0 0 21 16 28 21 0 0 0 0 0 0 0 0 0 0 0 0 0 0 0 0 12 29 30 18 0 0 0 0 0 0 0 0 0 0 0 0 0 0 0 0 29 28 16 15 0 0 0 0 
0 0 0 0 16 29 17 26 0 0 0 0 20 27 22 25 11 21 24 14 0 0 0 0 0 0 0 0 12 19 12 30 29 10 16 21 17 28 17 15 27 28 17 29 17 29 29 20 0 0 0 0 10 14 24 29 0 0 0 0 
0 0 0 0 0 0 0 0 0 0 0 0 0 0 0 0 0 0 0 0 0 0 0 0 0 0 0 0 0 0 0 0 0 0 0 0 0 0 0 0 0 0 0 0 0 0 0 0 0 0 0 0 0 0 0 0 29 10 13 23 
18 30 12 21 0 0 0 0 0 0 0 0 0 0 0 0 0 0 0 0 0 0 0 0 0 0 0 0 0 0 0 0 0 0 0 0 0 0 0 0 0 0 0 0 0 0 0 0 0 0 0 0 0 0 0 0 0 0 0 0 
0 0 0 0 0 0 0 0 0 0 0 0 0 0 0 0 11 11 18 15 0 0 0 0 21 18 16 14 30 10 26 28 17 28 30 21 29 18 17 13 0 0 0 0 18 27 16 18 13 23 30 26 0 0 0 0 0 0 0 0 
0 0 0 0 0 0 0 0 0 0 0 0 0 0 0 0 0 0 0 0 26 15 26 26 0 0 0 0 0 0 0 0 0 0 0 0 0 0 0 0 0 0 0 0 0 0 0 0 0 0 0 0 0 0 0 0 0 0 0 0 
0 0 0 0 26 12 16 11 0 0 0 0 18 28 17 10 23 25 16 29 0 0 0 0 11 30 25 29 17 26 11 17 20 29 28 17 13 22 19 18 0 0 0 0 20 20 11 27 13 19 21 13 13 25 22 29 0 0 0 0 
0 0 0 0 0 0 0 0 0 0 0 0 0 0 0 0 0 0 0 0 0 0 0 0 0 0 0 0 0 0 0 0 0 0 0 0 0 0 0 0 0 0 0 0 0 0 0 0 0 0 0 0 0 0 0 0 29 15 14 22 
27 11 24 10 0 0 0 0 0 0 0 0 0 0 0 0 0 0 0 0 0 0 0 0 0 0 0 0 0 0 0 0 0 0 0 0 0 0 0 0 0 0 0 0 0 0 0 0 0 0 0 0 0 0 0 0 0 0 0 0 
0 0 0 0 0 0 0 0 0 0 0 0 0 0 0 0 0 0 0 0 0 0 0 0 0 0 0 0 0 0 0 0 0 0 0 0 20 12 16 15 0 0 0 0 0 0 0 0 26 13 17 20 0 0 0 0 0 0 0 0 
0 0 0 0 0 0 0 0 20 29 10 14 25 17 22 14 23 15 11 11 30 25 21 16 19 10 20 24 29 16 10 24 15 19 12 29 17 29 26 28 0 0 0 0 29 16 15 20 11 11 30 30 10 22 10 26 0 0 0 0 
0 0 0 0 0 0 0 0 25 12 17 13 23 16 26 10 13 17 22 26 0 0 0 0 12 11 13 20 0 0 0 0 11 23 30 21 23 25 19 25 0 0 0 0 0 0 0 0 29 13 28 26 0 0 0 0 0 0 0 0 
0 0 0 0 0 0 0 0 0 0 0 0 0 0 0 0 0 0 0 0 0 0 0 0 0 0 0 0 0 0 0 0 0 0 0 0 0 0 0 0 0 0 0 0 0 0 0 0 0 0 0 0 0 0 0 0 28 27 14 30 
20 20 29 10 0 0 0 0 0 0 0 0 0 0 0 0 0 0 0 0 0 0 0 0 0 0 0 0 0 0 0 0 0 0 0 0 0 0 0 0 0 0 0 0 0 0 0 0 0 0 0 0 0 0 0 0 0 0 0 0 
0 0 0 0 28 17 13 14 30 18 29 15 28 29 17 23 28 30 25 23 21 29 30 17 19 21 16 16 11 16 26 28 20 14 29 20 23 24 19 25 18 13 21 16 13 20 30 20 23 16 17 28 0 0 0 0 0 0 0 0 
0 0 0 0 11 16 28 22 26 28 25 10 27 28 22 27 18 16 23 22 17 10 26 15 19 18 11 24 0 0 0 0 14 19 26 10 12 19 27 26 0 0 0 0 26 23 25 23 25 12 23 18 29 26 30 13 0 0 0 0 
0 0 0 0 12 13 14 14 0 0 0 0 0 0 0 0 0 0 0 0 23 16 26 23 21 25 13 23 0 0 0 0 28 25 26 19 0 0 0 0 0 0 0 0 0 0 0 0 0 0 0 0 29 29 11 27 0 0 0 0 
0 0 0 0 0 0 0 0 0 0 0 0 0 0 0 0 0 0 0 0 0 0 0 0 0 0 0 0 0 0 0 0 0 0 0 0 0 0 0 0 0 0 0 0 0 0 0 0 0 0 0 0 0 0 0 0 29 23 23 18 
10 28 25 18 0 0 0 0 0 0 0 0 0 0 0 0 0 0 0 0 0 0 0 0 0 0 0 0 0 0 0 0 0 0 0 0 0 0 0 0 0 0 0 0 0 0 0 0 0 0 0 0 0 0 0 0 0 0 0 0 
0 0 0 0 0 0 0 0 0 0 0 0 23 14 22 15 0 0 0 0 0 0 0 0 0 0 0 0 0 0 0 0 16 15 28 24 23 17 26 10 0 0 0 0 22 25 26 18 0 0 0 0 30 23 13 19 0 0 0 0 
0 0 0 0 0 0 0 0 0 0 0 0 0 0 0 0 0 0 0 0 0 0 0 0 0 0 0 0 0 0 0 0 20 27 13 23 0 0 0 0 19 20 12 16 25 29 13 18 0 0 0 0 11 22 30 16 0 0 0 0 
0 0 0 0 0 0 0 0 11 19 17 25 0 0 0 0 14 19 27 17 17 21 17 30 21 10 23 30 10 20 25 16 21 20 15 18 0 0 0 0 13 21 17 20 0 0 0 0 0 0 0 0 20 13 14 15 0 0 0 0 
0 0 0 0 0 0 0 0 0 0 0 0 0 0 0 0 0 0 0 0 0 0 0 0 0 0 0 0 0 0 0 0 0 0 0 0 0 0 0 0 0 0 0 0 0 0 0 0 0 0 0 0 0 0 0 0 19 19 12 11 
17 25 16 11 0 0 0 0 0 0 0 0 0 0 0 0 0 0 0 0 0 0 0 0 0 0 0 0 0 0 0 0 0 0 0 0 0 0 0 0 0 0 0 0 0 0 0 0 0 0 0 0 0 0 0 0 0 0 0 0 
0 0 0 0 11 25 23 15 0 0 0 0 0 0 0 0 0 0 0 0 17 27 22 23 0 0 0 0 0 0 0 0 25 14 30 10 0 0 0 0 0 0 0 0 14 29 29 24 28 11 14 18 11 30 10 18 0 0 0 0 
0 0 0 0 0 0 0 0 11 24 14 19 27 12 20 23 0 0 0 0 29 24 30 17 0 0 0 0 11 12 15 12 0 0 0 0 0 0 0 0 23 27 16 22 0 0 0 0 25 16 10 21 0 0 0 0 0 0 0 0 
0 0 0 0 0 0 0 0 0 0 0 0 23 26 30 17 15 10 15 28 0 0 0 0 0 0 0 0 0 0 0 0 28 19 15 12 12 14 17 15 0 0 0 0 0 0 0 0 0 0 0 0 20 15 26 16 0 0 0 0 
0 0 0 0 0 0 0 0 0 0 0 0 0 0 0 0 0 0 0 0 0 0 0 0 0 0 0 0 0 0 0 0 0 0 0 0 0 0 0 0 0 0 0 0 0 0 0 0 0 0 0 0 0 0 0 0 17 17 27 18 
17 20 10 24 0 0 0 0 0 0 0 0 0 0 0 0 0 0 0 0 0 0 0 0 0 0 0 0 0 0 0 0 0 0 0 0 0 0 0 0 0 0 0 0 0 0 0 0 0 0 0 0 0 0 0 0 0 0 0 0 
0 0 0 0 0 0 0 0 0 0 0 0 0 0 0 0 0 0 0 0 28 14 19 29 22 10 26 12 16 12 22 17 0 0 0 0 0 0 0 0 21 23 26 12 0 0 0 0 23 10 20 28 13 29 13 27 0 0 0 0 
0 0 0 0 0 0 0 0 26 24 23 25 29 16 16 27 0 0 0 0 25 12 16 26 0 0 0 0 0 0 0 0 0 0 0 0 0 0 0 0 0 0 0 0 0 0 0 0 0 0 0 0 0 0 0 0 0 0 0 0 
0 0 0 0 17 13 22 10 0 0 0 0 0 0 0 0 0 0 0 0 0 0 0 0 25 23 12 20 30 21 16 25 0 0 0 0 0 0 0 0 13 13 27 28 23 10 23 18 0 0 0 0 29 23 19 15 0 0 0 0 
0 0 0 0 0 0 0 0 0 0 0 0 0 0 0 0 0 0 0 0 0 0 0 0 0 0 0 0 0 0 0 0 0 0 0 0 0 0 0 0 0 0 0 0 0 0 0 0 0 0 0 0 0 0 0 0 22 24 10 19 
11 23 20 15 0 0 0 0 0 0 0 0 0 0 0 0 0 0 0 0 0 0 0 0 0 0 0 0 0 0 0 0 0 0 0 0 0 0 0 0 0 0 0 0 0 0 0 0 0 0 0 0 0 0 0 0 0 0 0 0 
0 0 0 0 14 27 22 15 27 11 11 30 25 18 18 18 23 18 28 10 0 0 0 0 26 17 10 23 19 24 17 16 21 16 10 26 0 0 0 0 0 0 0 0 0 0 0 0 30 30 20 13 0 0 0 0 0 0 0 0 
0 0 0 0 24 13 27 18 11 29 12 10 0 0 0 0 0 0 0 0 23 24 20 12 30 18 21 20 13 28 14 21 18 23 26 25 30 14 24 20 12 11 17 24 20 24 21 20 22 16 16 22 0 0 0 0 0 0 0 0 
0 0 0 0 0 0 0 0 0 0 0 0 0 0 0 0 24 28 17 24 0 0 0 0 0 0 0 0 0 0 0 0 15 23 30 17 17 29 15 15 0 0 0 0 0 0 0 0 0 0 0 0 0 0 0 0 0 0 0 0 
0 0 0 0 0 0 0 0 0 0 0 0 0 0 0 0 0 0 0 0 0 0 0 0 0 0 0 0 0 0 0 0 0 0 0 0 0 0 0 0 0 0 0 0 0 0 0 0 0 0 0 0 0 0 0 0 30 12 18 18 
29 19 22 13 0 0 0 0 0 0 0 0 0 0 0 0 0 0 0 0 0 0 0 0 0 0 0 0 0 0 0 0 0 0 0 0 0 0 0 0 0 0 0 0 0 0 0 0 0 0 0 0 0 0 0 0 0 0 0 0 
0 0 0 0 0 0 0 0 0 0 0 0 0 0 0 0 0 0 0 0 0 0 0 0 0 0 0 0 0 0 0 0 16 28 14 21 19 27 11 26 0 0 0 0 0 0 0 0 0 0 0 0 0 0 0 0 0 0 0 0 
0 0 0 0 0 0 0 0 0 0 0 0 28 30 24 17 14 30 11 18 21 14 11 11 24 17 30 18 11 24 28 10 24 18 18 26 16 18 16 26 0 0 0 0 18 26 13 16 25 29 11 15 0 0 0 0 0 0 0 0 
0 0 0 0 14 30 28 11 0 0 0 0 0 0 0 0 0 0 0 0 0 0 0 0 0 0 0 0 0 0 0 0 24 29 17 12 0 0 0 0 15 11 12 28 0 0 0 0 0 0 0 0 0 0 0 0 0 0 0 0 
0 0 0 0 0 0 0 0 0 0 0 0 0 0 0 0 0 0 0 0 0 0 0 0 0 0 0 0 0 0 0 0 0 0 0 0 0 0 0 0 0 0 0 0 0 0 0 0 0 0 0 0 0 0 0 0 29 16 23 25 
30 11 16 29 0 0 0 0 0 0 0 0 0 0 0 0 0 0 0 0 0 0 0 0 0 0 0 0 0 0 0 0 0 0 0 0 0 0 0 0 0 0 0 0 0 0 0 0 0 0 0 0 0 0 0 0 0 0 0 0 
0 0 0 0 0 0 0 0 0 0 0 0 27 26 10 13 25 20 21 30 0 0 0 0 0 0 0 0 0 0 0 0 22 11 24 13 19 13 27 10 0 0 0 0 0 0 0 0 15 21 17 12 0 0 0 0 0 0 0 0 
0 0 0 0 27 15 23 20 27 22 21 30 29 14 13 29 22 25 13 14 23 12 16 10 17 10 29 20 26 10 15 20 0 0 0 0 13 21 30 12 30 19 12 24 30 15 10 26 13 11 15 24 17 21 27 17 0 0 0 0 
0 0 0 0 20 11 18 19 0 0 0 0 14 26 21 17 17 25 14 19 0 0 0 0 0 0 0 0 27 29 15 26 13 23 22 12 17 10 30 22 0 0 0 0 0 0 0 0 14 27 26 28 20 17 26 28 0 0 0 0 
0 0 0 0 0 0 0 0 0 0 0 0 0 0 0 0 0 0 0 0 0 0 0 0 0 0 0 0 0 0 0 0 0 0 0 0 0 0 0 0 0 0 0 0 0 0 0 0 0 0 0 0 0 0 0 0 19 13 21 12 
23 15 27 17 0 0 0 0 0 0 0 0 0 0 0 0 0 0 0 0 0 0 0 0 0 0 0 0 0 0 0 0 0 0 0 0 0 0 0 0 0 0 0 0 0 0 0 0 0 0 0 0 0 0 0 0 0 0 0 0 
0 0 0 0 0 0 0 0 20 15 21 24 27 14 25 10 20 25 17 12 18 13 16 12 16 17 22 16 10 21 15 26 0 0 0 0 15 20 17 22 19 17 22 23 11 19 29 22 11 27 14 24 29 16 13 11 0 0 0 0 
0 0 0 0 10 25 28 23 0 0 0 0 11 11 30 16 22 12 14 26 0 0 0 0 25 19 25 23 0 0 0 0 0 0 0 0 0 0 0 0 0 0 0 0 30 12 12 26 0 0 0 0 0 0 0 0 0 0 0 0 
0 0 0 0 0 0 0 0 0 0 0 0 0 0 0 0 22 30 11 14 12 11 13 11 14 11 24 21 0 0 0 0 0 0 0 0 0 0 0 0 10 12 15 25 0 0 0 0 0 0 0 0 0 0 0 0 0 0 0 0 
0 0 0 0 0 0 0 0 0 0 0 0 0 0 0 0 0 0 0 0 0 0 0 0 0 0 0 0 0 0 0 0 0 0 0 0 0 0 0 0 0 0 0 0 0 0 0 0 0 0 0 0 0 0 0 0 17 26 22 13 
30 30 30 12 0 0 0 0 0 0 0 0 0 0 0 0 0 0 0 0 0 0 0 0 0 0 0 0 0 0 0 0 0 0 0 0 0 0 0 0 0 0 0 0 0 0 0 0 0 0 0 0 0 0 0 0 0 0 0 0 
0 0 0 0 0 0 0 0 26 27 11 15 0 0 0 0 0 0 0 0 0 0 0 0 0 0 0 0 0 0 0 0 0 0 0 0 0 0 0 0 0 0 0 0 0 0 0 0 0 0 0 0 27 26 25 18 0 0 0 0 
0 0 0 0 0 0 0 0 0 0 0 0 0 0 0 0 0 0 0 0 0 0 0 0 0 0 0 0 0 0 0 0 22 10 17 17 0 0 0 0 12 21 22 14 0 0 0 0 0 0 0 0 0 0 0 0 0 0 0 0 
0 0 0 0 30 30 24 17 0 0 0 0 0 0 0 0 0 0 0 0 0 0 0 0 18 24 11 28 26 19 25 30 0 0 0 0 0 0 0 0 23 18 28 11 0 0 0 0 0 0 0 0 0 0 0 0 0 0 0 0 
0 0 0 0 0 0 0 0 0 0 0 0 0 0 0 0 0 0 0 0 0 0 0 0 0 0 0 0 0 0 0 0 0 0 0 0 0 0 0 0 0 0 0 0 0 0 0 0 0 0 0 0 0 0 0 0 30 25 27 11 
16 24 27 12 0 0 0 0 0 0 0 0 0 0 0 0 0 0 0 0 0 0 0 0 0 0 0 0 0 0 0 0 0 0 0 0 0 0 0 0 0 0 0 0 0 0 0 0 0 0 0 0 0 0 0 0 0 0 0 0 
0 0 0 0 0 0 0 0 25 27 15 25 18 21 28 17 26 16 29 22 28 18 28 15 15 26 16 20 27 22 21 23 11 10 12 29 0 0 0 0 28 13 22 12 0 0 0 0 0 0 0 0 0 0 0 0 0 0 0 0 
0 0 0 0 0 0 0 0 25 24 23 16 0 0 0 0 13 21 21 13 23 30 25 22 15 17 17 23 13 13 24 28 14 14 23 18 0 0 0 0 0 0 0 0 17 14 25 29 0 0 0 0 26 15 25 24 0 0 0 0 
0 0 0 0 21 12 27 19 13 30 27 13 27 22 30 20 23 20 15 30 0 0 0 0 28 12 24 29 0 0 0 0 22 10 19 28 0 0 0 0 0 0 0 0 0 0 0 0 0 0 0 0 0 0 0 0 0 0 0 0 
0 0 0 0 0 0 0 0 0 0 0 0 0 0 0 0 0 0 0 0 0 0 0 0 0 0 0 0 0 0 0 0 0 0 0 0 0 0 0 0 0 0 0 0 0 0 0 0 0 0 0 0 0 0 0 0 10 12 14 10 
25 12 27 19 0 0 0 0 0 0 0 0 0 0 0 0 0 0 0 0 0 0 0 0 0 0 0 0 0 0 0 0 0 0 0 0 0 0 0 0 0 0 0 0 0 0 0 0 0 0 0 0 0 0 0 0 0 0 0 0 
0 0 0 0 0 0 0 0 20 29 19 20 28 24 28 15 0 0 0 0 0 0 0 0 0 0 0 0 0 0 0 0 0 0 0 0 0 0 0 0 13 28 21 14 0 0 0 0 0 0 0 0 0 0 0 0 0 0 0 0 
0 0 0 0 15 17 19 30 0 0 0 0 0 0 0 0 0 0 0 0 23 21 13 12 30 17 24 26 30 28 11 18 27 29 10 16 0 0 0 0 0 0 0 0 0 0 0 0 10 12 11 11 0 0 0 0 0 0 0 0 
0 0 0 0 0 0 0 0 20 26 30 29 13 11 26 28 24 12 25 21 0 0 0 0 0 0 0 0 16 16 16 14 15 13 13 23 10 15 16 17 29 10 21 11 21 27 29 15 21 10 19 21 15 25 21 29 0 0 0 0 
0 0 0 0 0 0 0 0 0 0 0 0 0 0 0 0 0 0 0 0 0 0 0 0 0 0 0 0 0 0 0 0 0 0 0 0 0 0 0 0 0 0 0 0 0 0 0 0 0 0 0 0 0 0 0 0 24 12 19 13 
29 17 21 25 0 0 0 0 0 0 0 0 0 0 0 0 0 0 0 0 0 0 0 0 0 0 0 0 0 0 0 0 0 0 0 0 0 0 0 0 0 0 0 0 0 0 0 0 0 0 0 0 0 0 0 0 0 0 0 0 
0 0 0 0 0 0 0 0 12 27 23 21 14 27 11 19 15 23 23 19 12 19 23 21 28 14 18 17 13 12 13 22 26 26 11 26 27 26 17 24 25 23 15 24 17 13 29 16 28 19 30 27 18 30 30 25 0 0 0 0 
0 0 0 0 27 25 26 29 20 13 20 12 22 24 27 26 0 0 0 0 21 17 15 29 14 29 26 24 28 18 26 16 0 0 0 0 0 0 0 0 0 0 0 0 0 0 0 0 0 0 0 0 0 0 0 0 0 0 0 0 
0 0 0 0 0 0 0 0 0 0 0 0 0 0 0 0 14 27 20 30 0 0 0 0 0 0 0 0 0 0 0 0 19 29 28 25 30 17 29 14 29 30 13 25 26 13 22 26 0 0 0 0 18 18 20 12 0 0 0 0 
0 0 0 0 0 0 0 0 0 0 0 0 0 0 0 0 0 0 0 0 0 0 0 0 0 0 0 0 0 0 0 0 0 0 0 0 0 0 0 0 0 0 0 0 0 0 0 0 0 0 0 0 0 0 0 0 13 25 13 27 
21 20 16 16 0 0 0 0 0 0 0 0 0 0 0 0 0 0 0 0 0 0 0 0 0 0 0 0 0 0 0 0 0 0 0 0 0 0 0 0 0 0 0 0 0 0 0 0 0 0 0 0 0 0 0 0 0 0 0 0 
0 0 0 0 13 23 27 24 14 28 14 26 12 29 29 15 23 27 25 13 15 13 15 28 0 0 0 0 26 10 22 27 30 20 15 14 13 10 20 14 30 29 10 12 19 13 18 27 29 29 23 27 13 30 28 25 0 0 0 0 
0 0 0 0 22 11 23 20 13 27 17 13 10 28 13 15 16 21 24 18 18 24 29 18 13 18 19 30 18 15 24 10 20 17 25 24 17 29 17 13 15 28 17 30 21 29 25 10 27 29 29 22 0 0 0 0 0 0 0 0 
0 0 0 0 27 10 13 24 12 25 25 21 25 20 19 12 0 0 0 0 0 0 0 0 18 27 20 28 13 18 30 21 15 14 10 25 30 25 13 30 21 10 29 14 26 22 26 19 28 11 29 19 0 0 0 0 0 0 0 0 
0 0 0 0 0 0 0 0 0 0 0 0 0 0 0 0 0 0 0 0 0 0 0 0 0 0 0 0 0 0 0 0 0 0 0 0 0 0 0 0 0 0 0 0 0 0 0 0 0 0 0 0 0 0 0 0 18 19 22 25 
14 10 20 28 0 0 0 0 0 0 0 0 0 0 0 0 0 0 0 0 0 0 0 0 0 0 0 0 0 0 0 0 0 0 0 0 0 0 0 0 0 0 0 0 0 0 0 0 0 0 0 0 0 0 0 0 0 0 0 0 
0 0 0 0 26 16 13 13 0 0 0 0 20 22 14 27 10 17 18 29 28 14 13 10 27 22 14 21 14 10 18 10 0 0 0 0 15 19 30 19 12 18 12 21 27 19 24 11 0 0 0 0 27 23 29 12 0 0 0 0 
0 0 0 0 16 25 10 21 15 20 22 20 0 0 0 0 29 14 18 30 13 20 18 20 25 11 21 30 20 10 20 21 30 11 26 30 0 0 0 0 19 21 25 21 10 11 11 14 22 26 17 24 0 0 0 0 0 0 0 0 
0 0 0 0 0 0 0 0 0 0 0 0 0 0 0 0 0 0 0 0 0 0 0 0 0 0 0 0 0 0 0 0 26 24 10 11 0 0 0 0 0 0 0 0 0 0 0 0 0 0 0 0 0 0 0 0 0 0 0 0 
0 0 0 0 0 0 0 0 0 0 0 0 0 0 0 0 0 0 0 0 0 0 0 0 0 0 0 0 0 0 0 0 0 0 0 0 0 0 0 0 0 0 0 0 0 0 0 0 0 0 0 0 0 0 0 0 24 17 30 30 
14 24 29 15 0 0 0 0 0 0 0 0 0 0 0 0 0 0 0 0 0 0 0 0 0 0 0 0 0 0 0 0 0 0 0 0 0 0 0 0 0 0 0 0 0 0 0 0 0 0 0 0 0 0 0 0 0 0 0 0 
0 0 0 0 23 14 26 25 0 0 0 0 0 0 0 0 20 15 19 24 0 0 0 0 0 0 0 0 0 0 0 0 0 0 0 0 0 0 0 0 0 0 0 0 0 0 0 0 17 24 24 14 19 24 18 18 0 0 0 0 
0 0 0 0 22 16 29 25 17 19 20 13 26 23 18 12 17 13 27 23 0 0 0 0 13 29 14 20 0 0 0 0 18 25 30 17 24 11 26 16 19 25 13 13 11 21 28 15 16 13 18 13 0 0 0 0 0 0 0 0 
0 0 0 0 25 20 18 22 17 24 28 29 14 22 16 29 20 12 14 20 20 27 16 30 21 11 23 11 23 26 27 28 22 24 20 12 26 28 18 29 11 28 17 30 24 23 21 10 0 0 0 0 21 12 10 29 0 0 0 0 
0 0 0 0 0 0 0 0 0 0 0 0 0 0 0 0 0 0 0 0 0 0 0 0 0 0 0 0 0 0 0 0 0 0 0 0 0 0 0 0 0 0 0 0 0 0 0 0 0 0 0 0 0 0 0 0 16 18 11 17 
11 12 22 13 0 0 0 0 0 0 0 0 0 0 0 0 0 0 0 0 0 0 0 0 0 0 0 0 0 0 0 0 0 0 0 0 0 0 0 0 0 0 0 0 0 0 0 0 0 0 0 0 0 0 0 0 0 0 0 0 
0 0 0 0 0 0 0 0 0 0 0 0 0 0 0 0 0 0 0 0 0 0 0 0 0 0 0 0 0 0 0 0 28 26 20 29 0 0 0 0 0 0 0 0 30 25 15 28 17 14 17 18 0 0 0 0 0 0 0 0 
0 0 0 0 30 24 28 11 0 0 0 0 26 11 20 13 0 0 0 0 0 0 0 0 10 21 10 12 0 0 0 0 0 0 0 0 27 26 20 16 24 13 14 17 14 12 25 25 0 0 0 0 0 0 0 0 0 0 0 0 
0 0 0 0 25 21 29 18 0 0 0 0 19 24 18 11 0 0 0 0 0 0 0 0 25 28 26 19 0 0 0 0 0 0 0 0 19 30 24 24 27 18 21 26 0 0 0 0 0 0 0 0 0 0 0 0 0 0 0 0 
0 0 0 0 0 0 0 0 0 0 0 0 0 0 0 0 0 0 0 0 0 0 0 0 0 0 0 0 0 0 0 0 0 0 0 0 0 0 0 0 0 0 0 0 0 0 0 0 0 0 0 0 0 0 0 0 26 15 26 12 
26 28 22 21 0 0 0 0 0 0 0 0 0 0 0 0 0 0 0 0 0 0 0 0 0 0 0 0 0 0 0 0 0 0 0 0 0 0 0 0 0 0 0 0 0 0 0 0 0 0 0 0 0 0 0 0 0 0 0 0 
0 0 0 0 14 15 27 30 0 0 0 0 0 0 0 0 0 0 0 0 0 0 0 0 0 0 0 0 0 0 0 0 22 13 30 15 0 0 0 0 0 0 0 0 0 0 0 0 0 0 0 0 22 30 23 18 0 0 0 0 
0 0 0 0 28 19 17 21 0 0 0 0 27 15 30 25 23 28 14 12 0 0 0 0 0 0 0 0 0 0 0 0 0 0 0 0 10 25 27 28 23 27 26 30 0 0 0 0 0 0 0 0 0 0 0 0 0 0 0 0 
0 0 0 0 0 0 0 0 20 23 10 11 17 28 19 13 21 14 10 28 0 0 0 0 21 13 23 11 12 10 29 27 0 0 0 0 0 0 0 0 0 0 0 0 30 23 16 12 24 15 20 23 19 22 25 17 0 0 0 0 
0 0 0 0 0 0 0 0 0 0 0 0 0 0 0 0 0 0 0 0 0 0 0 0 0 0 0 0 0 0 0 0 0 0 0 0 0 0 0 0 0 0 0 0 0 0 0 0 0 0 0 0 0 0 0 0 11 11 22 20 
26 10 23 29 0 0 0 0 0 0 0 0 0 0 0 0 0 0 0 0 0 0 0 0 0 0 0 0 0 0 0 0 0 0 0 0 0 0 0 0 0 0 0 0 0 0 0 0 0 0 0 0 0 0 0 0 0 0 0 0 
0 0 0 0 26 20 25 22 26 20 16 30 18 26 12 18 0 0 0 0 0 0 0 0 0 0 0 0 19 14 23 28 0 0 0 0 22 17 21 20 0 0 0 0 0 0 0 0 0 0 0 0 29 12 15 19 0 0 0 0 
0 0 0 0 29 10 14 12 0 0 0 0 0 0 0 0 0 0 0 0 26 12 23 15 27 11 14 12 25 11 29 28 0 0 0 0 0 0 0 0 0 0 0 0 23 30 10 22 0 0 0 0 10 11 21 28 0 0 0 0 
0 0 0 0 15 29 24 21 25 13 10 22 20 16 30 17 0 0 0 0 30 16 20 22 18 14 28 14 30 18 28 23 20 20 28 30 18 26 26 25 25 10 14 29 24 23 26 30 25 20 24 18 23 14 21 23 0 0 0 0 
0 0 0 0 0 0 0 0 0 0 0 0 0 0 0 0 0 0 0 0 0 0 0 0 0 0 0 0 0 0 0 0 0 0 0 0 0 0 0 0 0 0 0 0 0 0 0 0 0 0 0 0 0 0 0 0 17 17 19 13 
29 19 29 14 0 0 0 0 0 0 0 0 0 0 0 0 0 0 0 0 0 0 0 0 0 0 0 0 0 0 0 0 0 0 0 0 0 0 0 0 0 0 0 0 0 0 0 0 0 0 0 0 0 0 0 0 0 0 0 0 
0 0 0 0 19 18 14 29 30 23 20 25 23 22 30 16 21 11 11 26 20 21 24 26 19 29 27 18 19 19 19 12 29 29 23 21 26 23 16 30 10 12 29 20 23 29 13 20 19 10 29 23 17 18 14 20 0 0 0 0 
0 0 0 0 26 13 14 26 0 0 0 0 22 18 16 13 0 0 0 0 25 27 29 26 0 0 0 0 0 0 0 0 0 0 0 0 0 0 0 0 0 0 0 0 0 0 0 0 0 0 0 0 0 0 0 0 0 0 0 0 
0 0 0 0 13 14 13 30 0 0 0 0 0 0 0 0 20 30 16 10 23 28 13 14 0 0 0 0 0 0 0 0 20 10 23 18 0 0 0 0 0 0 0 0 23 18 17 19 18 12 28 23 21 11 13 30 0 0 0 0 
0 0 0 0 0 0 0 0 0 0 0 0 0 0 0 0 0 0 0 0 0 0 0 0 0 0 0 0 0 0 0 0 0 0 0 0 0 0 0 0 0 0 0 0 0 0 0 0 0 0 0 0 0 0 0 0 22 13 24 22 
30 25 19 15 0 0 0 0 0 0 0 0 0 0 0 0 0 0 0 0 0 0 0 0 0 0 0 0 0 0 0 0 0 0 0 0 0 0 0 0 0 0 0 0 0 0 0 0 0 0 0 0 0 0 0 0 0 0 0 0 
0 0 0 0 0 0 0 0 13 28 24 18 0 0 0 0 28 13 18 19 0 0 0 0 18 10 27 21 10 27 27 21 0 0 0 0 18 24 29 12 0 0 0 0 19 18 18 27 30 25 12 11 26 27 28 16 0 0 0 0 
0 0 0 0 0 0 0 0 11 21 24 29 23 10 13 10 12 13 14 27 15 14 20 25 0 0 0 0 0 0 0 0 27 16 24 13 19 26 13 15 15 19 23 25 0 0 0 0 0 0 0 0 14 14 17 18 0 0 0 0 
0 0 0 0 0 0 0 0 0 0 0 0 0 0 0 0 0 0 0 0 0 0 0 0 0 0 0 0 0 0 0 0 0 0 0 0 0 0 0 0 0 0 0 0 20 26 12 17 0 0 0 0 0 0 0 0 0 0 0 0 
0 0 0 0 0 0 0 0 0 0 0 0 0 0 0 0 0 0 0 0 0 0 0 0 0 0 0 0 0 0 0 0 0 0 0 0 0 0 0 0 0 0 0 0 0 0 0 0 0 0 0 0 0 0 0 0 13 29 12 19 
15 19 26 25 0 0 0 0 0 0 0 0 0 0 0 0 0 0 0 0 0 0 0 0 0 0 0 0 0 0 0 0 0 0 0 0 0 0 0 0 0 0 0 0 0 0 0 0 0 0 0 0 0 0 0 0 0 0 0 0 
0 0 0 0 12 28 24 22 0 0 0 0 0 0 0 0 15 14 28 19 24 30 16 16 13 16 11 24 14 13 11 16 0 0 0 0 11 20 12 12 10 22 11 25 19 20 18 10 26 23 21 30 26 23 22 23 0 0 0 0 
0 0 0 0 0 0 0 0 0 0 0 0 0 0 0 0 0 0 0 0 0 0 0 0 30 29 14 29 0 0 0 0 0 0 0 0 21 13 29 12 17 26 26 30 27 20 21 18 15 20 26 12 0 0 0 0 0 0 0 0 
0 0 0 0 0 0 0 0 0 0 0 0 27 21 17 17 0 0 0 0 25 18 18 30 0 0 0 0 0 0 0 0 0 0 0 0 0 0 0 0 0 0 0 0 0 0 0 0 10 15 25 18 14 23 30 25 0 0 0 0 
0 0 0 0 0 0 0 0 0 0 0 0 0 0 0 0 0 0 0 0 0 0 0 0 0 0 0 0 0 0 0 0 0 0 0 0 0 0 0 0 0 0 0 0 0 0 0 0 0 0 0 0 0 0 0 0 23 19 19 25 
18 15 15 29 0 0 0 0 0 0 0 0 0 0 0 0 0 0 0 0 0 0 0 0 0 0 0 0 0 0 0 0 0 0 0 0 0 0 0 0 0 0 0 0 0 0 0 0 0 0 0 0 0 0 0 0 0 0 0 0 
0 0 0 0 0 0 0 0 13 15 23 22 29 26 15 30 18 11 14 23 10 27 18 15 10 15 20 20 16 10 26 11 16 19 29 17 23 22 24 29 16 16 28 11 0 0 0 0 17 27 17 12 18 11 27 24 0 0 0 0 
0 0 0 0 0 0 0 0 0 0 0 0 0 0 0 0 0 0 0 0 0 0 0 0 0 0 0 0 29 13 16 14 0 0 0 0 0 0 0 0 24 13 24 14 19 21 24 28 25 15 15 17 0 0 0 0 0 0 0 0 
0 0 0 0 19 29 19 26 30 22 27 23 29 19 25 27 30 29 18 18 0 0 0 0 20 11 15 20 11 25 10 13 29 13 10 15 21 24 22 26 29 14 17 17 22 27 13 22 12 30 21 11 25 19 21 15 0 0 0 0 
0 0 0 0 0 0 0 0 0 0 0 0 0 0 0 0 0 0 0 0 0 0 0 0 0 0 0 0 0 0 0 0 0 0 0 0 0 0 0 0 0 0 0 0 0 0 0 0 0 0 0 0 0 0 0 0 12 30 21 10 
18 29 27 24 0 0 0 0 0 0 0 0 0 0 0 0 0 0 0 0 0 0 0 0 0 0 0 0 0 0 0 0 0 0 0 0 0 0 0 0 0 0 0 0 0 0 0 0 0 0 0 0 0 0 0 0 0 0 0 0 
0 0 0 0 27 26 21 11 22 24 27 29 26 19 17 29 10 26 14 22 0 0 0 0 10 19 10 16 19 30 28 19 10 21 15 29 10 26 30 25 22 25 16 13 16 27 25 20 0 0 0 0 14 26 20 21 0 0 0 0 
0 0 0 0 17 18 16 13 10 14 15 12 10 11 24 16 14 27 26 11 0 0 0 0 0 0 0 0 25 10 24 26 29 27 19 14 0 0 0 0 0 0 0 0 0 0 0 0 0 0 0 0 0 0 0 0 0 0 0 0 
0 0 0 0 14 13 12 17 0 0 0 0 30 24 27 12 0 0 0 0 28 13 28 30 19 29 29 14 14 17 23 13 12 16 14 29 21 26 12 27 22 26 18 18 17 20 15 16 17 10 23 19 19 21 13 18 0 0 0 0 
0 0 0 0 0 0 0 0 0 0 0 0 0 0 0 0 0 0 0 0 0 0 0 0 0 0 0 0 0 0 0 0 0 0 0 0 0 0 0 0 0 0 0 0 0 0 0 0 0 0 0 0 0 0 0 0 15 13 15 22 
23 25 23 25 0 0 0 0 0 0 0 0 0 0 0 0 0 0 0 0 0 0 0 0 0 0 0 0 0 0 0 0 0 0 0 0 0 0 0 0 0 0 0 0 0 0 0 0 0 0 0 0 0 0 0 0 0 0 0 0 
0 0 0 0 0 0 0 0 29 19 27 23 12 16 17 14 25 28 10 19 18 11 18 13 0 0 0 0 26 17 24 16 16 22 23 22 16 23 25 23 20 20 11 15 0 0 0 0 13 29 12 25 19 29 25 16 0 0 0 0 
0 0 0 0 29 30 29 12 0 0 0 0 11 15 27 30 0 0 0 0 0 0 0 0 0 0 0 0 30 12 29 17 15 13 25 22 0 0 0 0 0 0 0 0 30 11 15 25 25 28 20 27 0 0 0 0 0 0 0 0 
0 0 0 0 25 17 23 10 27 30 15 11 25 11 16 26 29 17 13 17 0 0 0 0 0 0 0 0 15 19 27 30 16 24 16 12 0 0 0 0 17 22 27 14 0 0 0 0 0 0 0 0 29 12 30 30 0 0 0 0 
0 0 0 0 0 0 0 0 0 0 0 0 0 0 0 0 0 0 0 0 0 0 0 0 0 0 0 0 0 0 0 0 0 0 0 0 0 0 0 0 0 0 0 0 0 0 0 0 0 0 0 0 0 0 0 0 22 20 24 22
---------------------
 
Processing cost   (0 -- non-optional machine)
Rows: sequential for each operation of each part; Columns: correspond to machine number
12 16 16 10 0 0 0 0 0 0 0 0 0 0 0 0 0 0 0 0 0 0 0 0 0 0 0 0 0 0 0 0 0 0 0 0 0 0 0 0 0 0 0 0 0 0 0 0 0 0 0 0 0 0 0 0 0 0 0 0 
0 0 0 0 0 0 0 0 15 16 11 14 0 0 0 0 0 0 0 0 0 0 0 0 0 0 0 0 0 0 0 0 0 0 0 0 0 0 0 0 0 0 0 0 0 0 0 0 0 0 0 0 0 0 0 0 0 0 0 0 
0 0 0 0 11 20 15 18 14 20 20 12 19 16 14 12 0 0 0 0 13 11 17 15 11 10 19 13 15 18 19 13 17 14 11 18 11 15 15 11 14 14 18 12 14 14 12 12 12 18 20 13 15 11 16 10 0 0 0 0 
0 0 0 0 12 10 16 18 0 0 0 0 11 19 10 19 0 0 0 0 10 17 18 20 12 12 12 17 15 20 13 11 11 20 18 11 0 0 0 0 12 15 13 20 18 10 19 19 13 13 10 17 13 20 18 20 0 0 0 0 
0 0 0 0 0 0 0 0 0 0 0 0 0 0 0 0 0 0 0 0 0 0 0 0 0 0 0 0 0 0 0 0 0 0 0 0 0 0 0 0 0 0 0 0 0 0 0 0 0 0 0 0 0 0 0 0 12 13 20 13 
12 13 13 20 0 0 0 0 0 0 0 0 0 0 0 0 0 0 0 0 0 0 0 0 0 0 0 0 0 0 0 0 0 0 0 0 0 0 0 0 0 0 0 0 0 0 0 0 0 0 0 0 0 0 0 0 0 0 0 0 
0 0 0 0 16 15 15 11 0 0 0 0 0 0 0 0 0 0 0 0 10 17 10 15 0 0 0 0 0 0 0 0 0 0 0 0 0 0 0 0 0 0 0 0 11 16 13 12 0 0 0 0 10 12 12 19 0 0 0 0 
0 0 0 0 16 19 17 18 0 0 0 0 20 19 10 10 0 0 0 0 0 0 0 0 0 0 0 0 17 17 19 10 0 0 0 0 19 19 13 14 0 0 0 0 0 0 0 0 18 10 11 16 0 0 0 0 0 0 0 0 
0 0 0 0 16 20 17 20 0 0 0 0 10 15 18 14 10 12 14 12 17 17 12 15 10 20 17 12 12 17 14 12 20 15 10 17 13 15 18 19 17 17 10 10 11 15 13 11 11 10 16 17 13 11 14 16 0 0 0 0 
0 0 0 0 0 0 0 0 0 0 0 0 0 0 0 0 0 0 0 0 0 0 0 0 0 0 0 0 0 0 0 0 0 0 0 0 0 0 0 0 0 0 0 0 0 0 0 0 0 0 0 0 0 0 0 0 18 12 11 18 
13 20 10 20 0 0 0 0 0 0 0 0 0 0 0 0 0 0 0 0 0 0 0 0 0 0 0 0 0 0 0 0 0 0 0 0 0 0 0 0 0 0 0 0 0 0 0 0 0 0 0 0 0 0 0 0 0 0 0 0 
0 0 0 0 15 12 19 20 20 11 16 11 0 0 0 0 16 16 18 12 11 18 20 19 20 19 13 10 16 11 16 13 13 12 17 20 0 0 0 0 20 20 11 17 14 18 16 13 0 0 0 0 19 12 14 19 0 0 0 0 
0 0 0 0 14 13 16 12 19 16 10 13 15 11 19 16 17 11 12 17 15 20 14 20 10 15 10 13 13 13 18 18 17 18 19 15 13 16 10 16 15 11 17 13 11 19 19 15 15 17 13 19 16 13 16 18 0 0 0 0 
0 0 0 0 0 0 0 0 15 13 14 19 14 15 11 14 0 0 0 0 20 16 14 16 13 16 17 13 18 17 10 20 18 15 14 15 12 19 10 18 0 0 0 0 11 16 17 19 0 0 0 0 15 19 18 10 0 0 0 0 
0 0 0 0 0 0 0 0 0 0 0 0 0 0 0 0 0 0 0 0 0 0 0 0 0 0 0 0 0 0 0 0 0 0 0 0 0 0 0 0 0 0 0 0 0 0 0 0 0 0 0 0 0 0 0 0 18 17 18 16 
20 18 15 19 0 0 0 0 0 0 0 0 0 0 0 0 0 0 0 0 0 0 0 0 0 0 0 0 0 0 0 0 0 0 0 0 0 0 0 0 0 0 0 0 0 0 0 0 0 0 0 0 0 0 0 0 0 0 0 0 
0 0 0 0 16 10 16 11 0 0 0 0 0 0 0 0 0 0 0 0 14 15 12 19 17 11 18 16 0 0 0 0 15 16 12 10 0 0 0 0 15 13 15 14 20 12 19 13 19 15 11 13 18 20 20 19 0 0 0 0 
0 0 0 0 15 18 10 19 0 0 0 0 0 0 0 0 14 16 11 13 0 0 0 0 0 0 0 0 0 0 0 0 0 0 0 0 0 0 0 0 11 20 14 19 0 0 0 0 0 0 0 0 0 0 0 0 0 0 0 0 
0 0 0 0 10 13 13 11 11 11 11 18 0 0 0 0 17 14 19 19 13 15 14 16 19 10 15 12 19 20 15 11 10 20 11 15 0 0 0 0 13 15 17 19 0 0 0 0 11 15 12 12 0 0 0 0 0 0 0 0 
0 0 0 0 0 0 0 0 0 0 0 0 0 0 0 0 0 0 0 0 0 0 0 0 0 0 0 0 0 0 0 0 0 0 0 0 0 0 0 0 0 0 0 0 0 0 0 0 0 0 0 0 0 0 0 0 20 19 14 18 
20 13 13 20 0 0 0 0 0 0 0 0 0 0 0 0 0 0 0 0 0 0 0 0 0 0 0 0 0 0 0 0 0 0 0 0 0 0 0 0 0 0 0 0 0 0 0 0 0 0 0 0 0 0 0 0 0 0 0 0 
0 0 0 0 0 0 0 0 0 0 0 0 0 0 0 0 0 0 0 0 0 0 0 0 0 0 0 0 13 12 10 19 0 0 0 0 0 0 0 0 0 0 0 0 0 0 0 0 20 13 14 13 0 0 0 0 0 0 0 0 
0 0 0 0 10 19 10 10 0 0 0 0 16 13 14 18 16 17 11 18 13 12 20 13 17 16 12 13 0 0 0 0 14 16 19 13 16 14 12 19 0 0 0 0 17 13 17 15 16 17 18 10 12 12 12 17 0 0 0 0 
0 0 0 0 0 0 0 0 17 17 19 19 20 13 16 16 0 0 0 0 0 0 0 0 17 10 16 19 14 14 14 10 11 18 16 10 0 0 0 0 0 0 0 0 11 16 16 16 17 19 11 20 10 13 20 14 0 0 0 0 
0 0 0 0 0 0 0 0 0 0 0 0 0 0 0 0 0 0 0 0 0 0 0 0 0 0 0 0 0 0 0 0 0 0 0 0 0 0 0 0 0 0 0 0 0 0 0 0 0 0 0 0 0 0 0 0 12 14 14 15 
12 15 12 20 0 0 0 0 0 0 0 0 0 0 0 0 0 0 0 0 0 0 0 0 0 0 0 0 0 0 0 0 0 0 0 0 0 0 0 0 0 0 0 0 0 0 0 0 0 0 0 0 0 0 0 0 0 0 0 0 
0 0 0 0 0 0 0 0 10 17 15 15 12 13 18 14 0 0 0 0 14 14 14 15 20 11 13 11 0 0 0 0 0 0 0 0 17 10 13 11 0 0 0 0 0 0 0 0 0 0 0 0 0 0 0 0 0 0 0 0 
0 0 0 0 16 11 17 12 18 10 11 13 14 17 10 19 12 16 18 11 18 16 18 13 17 19 17 13 14 18 10 17 0 0 0 0 16 19 17 13 18 13 16 16 10 10 15 12 12 14 10 15 0 0 0 0 0 0 0 0 
0 0 0 0 0 0 0 0 0 0 0 0 0 0 0 0 0 0 0 0 20 20 16 18 0 0 0 0 10 10 13 11 0 0 0 0 0 0 0 0 0 0 0 0 16 12 11 10 17 16 11 20 19 14 17 16 0 0 0 0 
0 0 0 0 0 0 0 0 0 0 0 0 0 0 0 0 0 0 0 0 0 0 0 0 0 0 0 0 0 0 0 0 0 0 0 0 0 0 0 0 0 0 0 0 0 0 0 0 0 0 0 0 0 0 0 0 19 19 14 19 
14 20 16 19 0 0 0 0 0 0 0 0 0 0 0 0 0 0 0 0 0 0 0 0 0 0 0 0 0 0 0 0 0 0 0 0 0 0 0 0 0 0 0 0 0 0 0 0 0 0 0 0 0 0 0 0 0 0 0 0 
0 0 0 0 19 16 18 14 0 0 0 0 0 0 0 0 0 0 0 0 12 15 10 18 0 0 0 0 14 10 10 13 14 12 20 13 0 0 0 0 13 19 11 11 0 0 0 0 13 11 13 13 0 0 0 0 0 0 0 0 
0 0 0 0 0 0 0 0 0 0 0 0 0 0 0 0 0 0 0 0 15 10 19 15 0 0 0 0 0 0 0 0 0 0 0 0 0 0 0 0 0 0 0 0 0 0 0 0 0 0 0 0 0 0 0 0 0 0 0 0 
0 0 0 0 0 0 0 0 14 18 10 14 13 11 17 11 0 0 0 0 18 20 20 17 0 0 0 0 17 15 12 13 11 16 20 11 10 10 10 20 0 0 0 0 16 12 17 12 20 10 13 14 0 0 0 0 0 0 0 0 
0 0 0 0 0 0 0 0 0 0 0 0 0 0 0 0 0 0 0 0 0 0 0 0 0 0 0 0 0 0 0 0 0 0 0 0 0 0 0 0 0 0 0 0 0 0 0 0 0 0 0 0 0 0 0 0 18 11 16 11 
13 12 10 11 0 0 0 0 0 0 0 0 0 0 0 0 0 0 0 0 0 0 0 0 0 0 0 0 0 0 0 0 0 0 0 0 0 0 0 0 0 0 0 0 0 0 0 0 0 0 0 0 0 0 0 0 0 0 0 0 
0 0 0 0 13 14 12 10 10 10 18 15 18 10 14 15 15 19 16 15 17 13 16 10 17 19 19 16 0 0 0 0 13 17 17 15 14 10 18 19 0 0 0 0 12 15 12 18 17 16 17 19 19 13 16 13 0 0 0 0 
0 0 0 0 17 16 16 11 0 0 0 0 20 14 12 10 20 14 14 13 0 0 0 0 0 0 0 0 0 0 0 0 0 0 0 0 0 0 0 0 0 0 0 0 0 0 0 0 0 0 0 0 10 12 15 10 0 0 0 0 
0 0 0 0 0 0 0 0 0 0 0 0 12 20 16 16 0 0 0 0 0 0 0 0 15 16 18 13 0 0 0 0 17 14 11 11 0 0 0 0 0 0 0 0 12 19 17 18 12 12 16 20 0 0 0 0 0 0 0 0 
0 0 0 0 0 0 0 0 0 0 0 0 0 0 0 0 0 0 0 0 0 0 0 0 0 0 0 0 0 0 0 0 0 0 0 0 0 0 0 0 0 0 0 0 0 0 0 0 0 0 0 0 0 0 0 0 20 17 11 12 
16 10 17 20 0 0 0 0 0 0 0 0 0 0 0 0 0 0 0 0 0 0 0 0 0 0 0 0 0 0 0 0 0 0 0 0 0 0 0 0 0 0 0 0 0 0 0 0 0 0 0 0 0 0 0 0 0 0 0 0 
0 0 0 0 13 19 15 14 13 15 18 17 20 20 14 14 18 19 12 14 16 14 17 11 20 18 16 16 10 11 15 16 12 10 12 10 16 18 11 20 16 20 12 19 15 14 15 15 19 16 19 19 14 15 11 20 0 0 0 0 
0 0 0 0 17 10 10 18 20 12 13 16 10 13 12 10 16 11 19 18 15 20 14 16 12 12 10 20 16 17 14 13 0 0 0 0 17 15 12 18 20 13 14 13 11 18 12 13 0 0 0 0 20 16 12 10 0 0 0 0 
0 0 0 0 0 0 0 0 0 0 0 0 0 0 0 0 19 14 15 11 19 16 16 11 12 12 16 17 0 0 0 0 18 16 14 16 0 0 0 0 0 0 0 0 0 0 0 0 0 0 0 0 0 0 0 0 0 0 0 0 
0 0 0 0 0 0 0 0 0 0 0 0 0 0 0 0 0 0 0 0 0 0 0 0 0 0 0 0 0 0 0 0 0 0 0 0 0 0 0 0 0 0 0 0 0 0 0 0 0 0 0 0 0 0 0 0 15 12 11 18 
17 14 14 18 0 0 0 0 0 0 0 0 0 0 0 0 0 0 0 0 0 0 0 0 0 0 0 0 0 0 0 0 0 0 0 0 0 0 0 0 0 0 0 0 0 0 0 0 0 0 0 0 0 0 0 0 0 0 0 0 
0 0 0 0 0 0 0 0 13 19 17 11 0 0 0 0 16 11 12 10 13 12 15 18 0 0 0 0 0 0 0 0 10 13 15 17 17 12 17 12 12 11 17 10 0 0 0 0 13 12 19 15 0 0 0 0 0 0 0 0 
0 0 0 0 15 15 11 13 12 11 14 17 13 12 12 20 11 19 19 18 11 11 16 16 13 15 16 11 19 17 14 18 15 19 11 14 13 19 10 15 12 13 14 11 15 20 16 17 14 19 14 17 20 13 15 11 0 0 0 0 
0 0 0 0 16 20 14 20 17 18 10 17 0 0 0 0 10 13 17 10 16 12 19 19 10 15 12 20 17 14 14 15 11 16 12 11 12 17 12 10 15 14 14 10 0 0 0 0 12 16 13 13 20 19 18 13 0 0 0 0 
0 0 0 0 0 0 0 0 0 0 0 0 0 0 0 0 0 0 0 0 0 0 0 0 0 0 0 0 0 0 0 0 0 0 0 0 0 0 0 0 0 0 0 0 0 0 0 0 0 0 0 0 0 0 0 0 16 11 15 10 
11 12 14 19 0 0 0 0 0 0 0 0 0 0 0 0 0 0 0 0 0 0 0 0 0 0 0 0 0 0 0 0 0 0 0 0 0 0 0 0 0 0 0 0 0 0 0 0 0 0 0 0 0 0 0 0 0 0 0 0 
0 0 0 0 10 19 19 18 12 16 13 12 17 14 19 15 19 17 11 12 18 10 11 16 14 11 17 11 18 10 17 18 14 11 20 14 18 17 13 16 11 19 13 10 11 16 17 14 19 13 19 18 20 18 14 13 0 0 0 0 
0 0 0 0 12 19 16 17 0 0 0 0 20 14 18 12 12 17 12 10 15 10 19 11 13 17 20 19 0 0 0 0 12 18 15 15 17 20 10 18 0 0 0 0 0 0 0 0 11 11 14 20 16 18 15 12 0 0 0 0 
0 0 0 0 0 0 0 0 11 10 13 11 17 11 19 11 14 20 13 17 0 0 0 0 11 10 12 18 13 14 17 11 10 18 15 13 12 20 18 16 0 0 0 0 12 15 11 10 0 0 0 0 0 0 0 0 0 0 0 0 
0 0 0 0 0 0 0 0 0 0 0 0 0 0 0 0 0 0 0 0 0 0 0 0 0 0 0 0 0 0 0 0 0 0 0 0 0 0 0 0 0 0 0 0 0 0 0 0 0 0 0 0 0 0 0 0 15 11 20 14 
12 20 20 13 0 0 0 0 0 0 0 0 0 0 0 0 0 0 0 0 0 0 0 0 0 0 0 0 0 0 0 0 0 0 0 0 0 0 0 0 0 0 0 0 0 0 0 0 0 0 0 0 0 0 0 0 0 0 0 0 
0 0 0 0 13 19 15 16 12 15 16 17 11 19 11 17 15 18 11 14 15 16 13 11 13 19 16 10 14 19 18 19 13 16 16 17 0 0 0 0 0 0 0 0 0 0 0 0 10 18 17 17 18 17 12 12 0 0 0 0 
0 0 0 0 17 17 13 16 18 20 19 20 15 10 10 19 18 11 12 19 18 17 20 12 0 0 0 0 0 0 0 0 10 11 14 15 13 12 10 14 18 13 13 14 16 20 20 13 0 0 0 0 14 18 14 12 0 0 0 0 
0 0 0 0 0 0 0 0 0 0 0 0 0 0 0 0 0 0 0 0 13 10 12 10 0 0 0 0 0 0 0 0 0 0 0 0 0 0 0 0 0 0 0 0 0 0 0 0 0 0 0 0 0 0 0 0 0 0 0 0 
0 0 0 0 0 0 0 0 0 0 0 0 0 0 0 0 0 0 0 0 0 0 0 0 0 0 0 0 0 0 0 0 0 0 0 0 0 0 0 0 0 0 0 0 0 0 0 0 0 0 0 0 0 0 0 0 14 10 19 19 
16 20 16 13 0 0 0 0 0 0 0 0 0 0 0 0 0 0 0 0 0 0 0 0 0 0 0 0 0 0 0 0 0 0 0 0 0 0 0 0 0 0 0 0 0 0 0 0 0 0 0 0 0 0 0 0 0 0 0 0 
0 0 0 0 0 0 0 0 0 0 0 0 15 10 15 20 12 11 14 12 0 0 0 0 20 14 18 14 0 0 0 0 13 18 18 10 17 14 18 12 0 0 0 0 19 19 15 14 18 16 20 12 16 14 19 13 0 0 0 0 
0 0 0 0 14 19 16 10 15 11 16 19 17 14 14 14 13 10 17 19 15 17 20 12 10 17 11 12 0 0 0 0 0 0 0 0 12 16 16 11 0 0 0 0 0 0 0 0 18 20 12 15 14 19 13 17 0 0 0 0 
0 0 0 0 13 13 12 11 0 0 0 0 0 0 0 0 0 0 0 0 0 0 0 0 0 0 0 0 17 15 18 15 16 19 11 18 0 0 0 0 0 0 0 0 0 0 0 0 0 0 0 0 0 0 0 0 0 0 0 0 
0 0 0 0 0 0 0 0 0 0 0 0 0 0 0 0 0 0 0 0 0 0 0 0 0 0 0 0 0 0 0 0 0 0 0 0 0 0 0 0 0 0 0 0 0 0 0 0 0 0 0 0 0 0 0 0 17 10 19 17 
17 10 20 10 0 0 0 0 0 0 0 0 0 0 0 0 0 0 0 0 0 0 0 0 0 0 0 0 0 0 0 0 0 0 0 0 0 0 0 0 0 0 0 0 0 0 0 0 0 0 0 0 0 0 0 0 0 0 0 0 
0 0 0 0 12 10 12 13 13 18 19 20 12 17 19 10 15 18 15 19 18 13 20 15 15 11 14 10 20 12 18 10 10 11 18 18 14 12 15 18 13 13 13 10 16 16 12 20 15 10 12 19 0 0 0 0 0 0 0 0 
0 0 0 0 0 0 0 0 19 11 10 20 0 0 0 0 10 16 15 15 0 0 0 0 0 0 0 0 0 0 0 0 0 0 0 0 0 0 0 0 0 0 0 0 18 10 19 10 14 10 15 13 0 0 0 0 0 0 0 0 
0 0 0 0 15 15 18 19 12 11 19 11 13 18 20 19 0 0 0 0 11 10 10 14 15 20 12 19 0 0 0 0 18 15 18 18 17 12 14 18 18 17 14 15 13 19 18 10 11 10 12 13 18 14 10 16 0 0 0 0 
0 0 0 0 0 0 0 0 0 0 0 0 0 0 0 0 0 0 0 0 0 0 0 0 0 0 0 0 0 0 0 0 0 0 0 0 0 0 0 0 0 0 0 0 0 0 0 0 0 0 0 0 0 0 0 0 18 13 17 18 
19 19 19 15 0 0 0 0 0 0 0 0 0 0 0 0 0 0 0 0 0 0 0 0 0 0 0 0 0 0 0 0 0 0 0 0 0 0 0 0 0 0 0 0 0 0 0 0 0 0 0 0 0 0 0 0 0 0 0 0 
0 0 0 0 0 0 0 0 0 0 0 0 18 14 20 13 0 0 0 0 0 0 0 0 0 0 0 0 0 0 0 0 0 0 0 0 0 0 0 0 0 0 0 0 18 18 12 12 18 11 13 16 0 0 0 0 0 0 0 0 
0 0 0 0 0 0 0 0 0 0 0 0 0 0 0 0 0 0 0 0 0 0 0 0 0 0 0 0 0 0 0 0 0 0 0 0 0 0 0 0 0 0 0 0 0 0 0 0 0 0 0 0 12 19 14 14 0 0 0 0 
0 0 0 0 15 13 10 20 18 13 15 18 0 0 0 0 0 0 0 0 0 0 0 0 0 0 0 0 0 0 0 0 0 0 0 0 0 0 0 0 0 0 0 0 0 0 0 0 0 0 0 0 0 0 0 0 0 0 0 0 
0 0 0 0 0 0 0 0 0 0 0 0 0 0 0 0 0 0 0 0 0 0 0 0 0 0 0 0 0 0 0 0 0 0 0 0 0 0 0 0 0 0 0 0 0 0 0 0 0 0 0 0 0 0 0 0 13 19 10 14 
14 20 19 16 0 0 0 0 0 0 0 0 0 0 0 0 0 0 0 0 0 0 0 0 0 0 0 0 0 0 0 0 0 0 0 0 0 0 0 0 0 0 0 0 0 0 0 0 0 0 0 0 0 0 0 0 0 0 0 0 
0 0 0 0 13 17 15 15 17 19 19 17 20 19 11 16 0 0 0 0 0 0 0 0 19 18 10 13 0 0 0 0 0 0 0 0 0 0 0 0 14 14 10 18 10 13 17 18 0 0 0 0 11 18 13 10 0 0 0 0 
0 0 0 0 0 0 0 0 0 0 0 0 11 20 19 13 0 0 0 0 0 0 0 0 11 10 14 11 15 20 17 13 0 0 0 0 15 12 10 13 19 16 16 20 0 0 0 0 12 19 18 20 14 20 11 17 0 0 0 0 
0 0 0 0 0 0 0 0 0 0 0 0 0 0 0 0 11 10 16 19 13 20 11 17 15 20 14 17 0 0 0 0 0 0 0 0 19 12 11 14 19 11 14 18 19 11 18 16 0 0 0 0 0 0 0 0 0 0 0 0 
0 0 0 0 0 0 0 0 0 0 0 0 0 0 0 0 0 0 0 0 0 0 0 0 0 0 0 0 0 0 0 0 0 0 0 0 0 0 0 0 0 0 0 0 0 0 0 0 0 0 0 0 0 0 0 0 16 12 13 19 
16 10 14 20 0 0 0 0 0 0 0 0 0 0 0 0 0 0 0 0 0 0 0 0 0 0 0 0 0 0 0 0 0 0 0 0 0 0 0 0 0 0 0 0 0 0 0 0 0 0 0 0 0 0 0 0 0 0 0 0 
0 0 0 0 0 0 0 0 0 0 0 0 16 19 13 10 0 0 0 0 11 13 16 20 0 0 0 0 18 13 10 13 10 17 20 10 18 18 17 12 0 0 0 0 10 13 17 15 0 0 0 0 0 0 0 0 0 0 0 0 
0 0 0 0 19 19 19 12 17 12 16 11 0 0 0 0 0 0 0 0 11 12 18 16 0 0 0 0 0 0 0 0 0 0 0 0 0 0 0 0 0 0 0 0 0 0 0 0 15 12 13 12 0 0 0 0 0 0 0 0 
0 0 0 0 0 0 0 0 0 0 0 0 0 0 0 0 11 17 19 11 11 10 14 20 20 16 11 10 0 0 0 0 0 0 0 0 12 13 10 15 16 11 12 11 0 0 0 0 11 15 17 18 20 17 14 16 0 0 0 0 
0 0 0 0 0 0 0 0 0 0 0 0 0 0 0 0 0 0 0 0 0 0 0 0 0 0 0 0 0 0 0 0 0 0 0 0 0 0 0 0 0 0 0 0 0 0 0 0 0 0 0 0 0 0 0 0 13 11 10 15 
17 13 13 11 0 0 0 0 0 0 0 0 0 0 0 0 0 0 0 0 0 0 0 0 0 0 0 0 0 0 0 0 0 0 0 0 0 0 0 0 0 0 0 0 0 0 0 0 0 0 0 0 0 0 0 0 0 0 0 0 
0 0 0 0 0 0 0 0 0 0 0 0 0 0 0 0 0 0 0 0 18 15 14 19 12 17 10 18 19 18 10 19 0 0 0 0 18 17 18 12 11 10 13 19 0 0 0 0 11 11 17 14 0 0 0 0 0 0 0 0 
0 0 0 0 16 19 14 17 10 16 18 16 10 16 11 14 0 0 0 0 0 0 0 0 0 0 0 0 0 0 0 0 19 19 20 17 16 15 15 13 0 0 0 0 0 0 0 0 0 0 0 0 17 11 18 13 0 0 0 0 
0 0 0 0 0 0 0 0 0 0 0 0 17 19 11 14 0 0 0 0 16 11 18 19 16 17 12 14 19 17 16 13 10 19 14 11 12 10 11 16 0 0 0 0 13 10 13 13 13 17 17 14 15 11 18 19 0 0 0 0 
0 0 0 0 0 0 0 0 0 0 0 0 0 0 0 0 0 0 0 0 0 0 0 0 0 0 0 0 0 0 0 0 0 0 0 0 0 0 0 0 0 0 0 0 0 0 0 0 0 0 0 0 0 0 0 0 10 11 16 11 
12 15 20 19 0 0 0 0 0 0 0 0 0 0 0 0 0 0 0 0 0 0 0 0 0 0 0 0 0 0 0 0 0 0 0 0 0 0 0 0 0 0 0 0 0 0 0 0 0 0 0 0 0 0 0 0 0 0 0 0 
0 0 0 0 15 14 14 12 0 0 0 0 0 0 0 0 0 0 0 0 0 0 0 0 14 16 17 19 0 0 0 0 0 0 0 0 0 0 0 0 0 0 0 0 16 12 18 20 18 15 15 16 0 0 0 0 0 0 0 0 
0 0 0 0 19 14 12 15 16 12 15 12 0 0 0 0 0 0 0 0 11 13 12 10 0 0 0 0 15 18 20 14 0 0 0 0 0 0 0 0 11 11 18 15 17 19 14 11 15 15 17 13 14 16 16 11 0 0 0 0 
0 0 0 0 10 12 12 11 11 12 16 20 11 13 16 17 18 13 15 11 20 10 12 13 10 20 18 19 13 19 19 13 0 0 0 0 10 10 12 18 20 20 17 18 20 10 20 18 16 12 15 12 10 18 17 11 0 0 0 0 
0 0 0 0 0 0 0 0 0 0 0 0 0 0 0 0 0 0 0 0 0 0 0 0 0 0 0 0 0 0 0 0 0 0 0 0 0 0 0 0 0 0 0 0 0 0 0 0 0 0 0 0 0 0 0 0 11 19 19 14 
18 20 13 20 0 0 0 0 0 0 0 0 0 0 0 0 0 0 0 0 0 0 0 0 0 0 0 0 0 0 0 0 0 0 0 0 0 0 0 0 0 0 0 0 0 0 0 0 0 0 0 0 0 0 0 0 0 0 0 0 
0 0 0 0 15 15 20 18 14 18 14 19 12 20 20 20 19 18 11 14 19 13 18 16 10 12 16 18 18 10 15 13 10 13 11 20 16 16 20 20 12 16 13 14 0 0 0 0 0 0 0 0 20 17 19 10 0 0 0 0 
0 0 0 0 0 0 0 0 12 12 16 12 11 17 17 14 14 13 20 15 20 13 15 13 11 11 11 11 14 15 10 16 16 17 12 17 18 17 19 14 13 13 15 20 14 18 13 17 15 13 14 11 0 0 0 0 0 0 0 0 
0 0 0 0 0 0 0 0 0 0 0 0 19 10 15 17 0 0 0 0 0 0 0 0 18 17 15 18 17 10 16 11 0 0 0 0 0 0 0 0 0 0 0 0 0 0 0 0 0 0 0 0 0 0 0 0 0 0 0 0 
0 0 0 0 0 0 0 0 0 0 0 0 0 0 0 0 0 0 0 0 0 0 0 0 0 0 0 0 0 0 0 0 0 0 0 0 0 0 0 0 0 0 0 0 0 0 0 0 0 0 0 0 0 0 0 0 14 15 14 11 
11 13 13 13 0 0 0 0 0 0 0 0 0 0 0 0 0 0 0 0 0 0 0 0 0 0 0 0 0 0 0 0 0 0 0 0 0 0 0 0 0 0 0 0 0 0 0 0 0 0 0 0 0 0 0 0 0 0 0 0 
0 0 0 0 16 10 17 17 15 15 10 11 0 0 0 0 18 12 20 10 0 0 0 0 0 0 0 0 13 11 16 18 0 0 0 0 14 19 19 17 11 17 17 10 0 0 0 0 0 0 0 0 0 0 0 0 0 0 0 0 
0 0 0 0 13 20 17 11 13 13 13 16 19 20 16 12 17 12 20 15 17 13 11 10 17 20 16 14 20 20 16 10 15 13 13 11 16 18 20 17 20 18 13 11 20 15 20 14 20 16 20 16 15 20 12 17 0 0 0 0 
0 0 0 0 10 14 18 20 14 15 10 20 17 10 11 15 13 16 17 18 19 11 15 18 0 0 0 0 11 16 12 11 15 13 14 10 15 10 12 13 19 16 20 10 15 17 13 17 18 12 13 19 15 16 11 14 0 0 0 0 
0 0 0 0 0 0 0 0 0 0 0 0 0 0 0 0 0 0 0 0 0 0 0 0 0 0 0 0 0 0 0 0 0 0 0 0 0 0 0 0 0 0 0 0 0 0 0 0 0 0 0 0 0 0 0 0 16 14 18 12 
16 11 12 10 0 0 0 0 0 0 0 0 0 0 0 0 0 0 0 0 0 0 0 0 0 0 0 0 0 0 0 0 0 0 0 0 0 0 0 0 0 0 0 0 0 0 0 0 0 0 0 0 0 0 0 0 0 0 0 0 
0 0 0 0 20 11 17 11 0 0 0 0 0 0 0 0 0 0 0 0 18 14 13 20 18 13 13 15 0 0 0 0 0 0 0 0 10 19 20 19 10 11 20 19 19 18 20 13 13 10 12 12 0 0 0 0 0 0 0 0 
0 0 0 0 0 0 0 0 0 0 0 0 0 0 0 0 19 20 18 13 12 18 14 17 0 0 0 0 0 0 0 0 0 0 0 0 12 13 11 10 12 17 20 12 0 0 0 0 16 20 13 17 13 16 17 15 0 0 0 0 
0 0 0 0 11 17 20 20 13 15 11 17 13 14 16 18 15 10 18 19 13 16 11 13 10 13 13 13 17 10 17 16 11 13 13 10 17 10 18 11 18 14 11 13 13 11 19 17 20 15 13 14 18 18 10 12 0 0 0 0 
0 0 0 0 0 0 0 0 0 0 0 0 0 0 0 0 0 0 0 0 0 0 0 0 0 0 0 0 0 0 0 0 0 0 0 0 0 0 0 0 0 0 0 0 0 0 0 0 0 0 0 0 0 0 0 0 12 14 12 19 
16 17 14 17 0 0 0 0 0 0 0 0 0 0 0 0 0 0 0 0 0 0 0 0 0 0 0 0 0 0 0 0 0 0 0 0 0 0 0 0 0 0 0 0 0 0 0 0 0 0 0 0 0 0 0 0 0 0 0 0 
0 0 0 0 0 0 0 0 20 14 16 17 0 0 0 0 0 0 0 0 0 0 0 0 0 0 0 0 0 0 0 0 0 0 0 0 0 0 0 0 12 16 13 10 0 0 0 0 0 0 0 0 0 0 0 0 0 0 0 0 
0 0 0 0 18 10 11 10 15 20 19 11 14 18 11 20 15 15 18 16 0 0 0 0 0 0 0 0 0 0 0 0 14 10 19 11 0 0 0 0 16 13 20 17 14 17 14 12 13 16 11 14 12 13 12 17 0 0 0 0 
0 0 0 0 0 0 0 0 0 0 0 0 0 0 0 0 0 0 0 0 0 0 0 0 13 20 17 12 0 0 0 0 0 0 0 0 0 0 0 0 0 0 0 0 16 19 19 10 0 0 0 0 0 0 0 0 0 0 0 0 
0 0 0 0 0 0 0 0 0 0 0 0 0 0 0 0 0 0 0 0 0 0 0 0 0 0 0 0 0 0 0 0 0 0 0 0 0 0 0 0 0 0 0 0 0 0 0 0 0 0 0 0 0 0 0 0 13 10 18 17 
19 18 15 14 0 0 0 0 0 0 0 0 0 0 0 0 0 0 0 0 0 0 0 0 0 0 0 0 0 0 0 0 0 0 0 0 0 0 0 0 0 0 0 0 0 0 0 0 0 0 0 0 0 0 0 0 0 0 0 0 
0 0 0 0 0 0 0 0 16 16 18 10 0 0 0 0 0 0 0 0 0 0 0 0 0 0 0 0 11 16 18 19 0 0 0 0 0 0 0 0 0 0 0 0 0 0 0 0 0 0 0 0 0 0 0 0 0 0 0 0 
0 0 0 0 10 15 20 17 0 0 0 0 10 11 16 11 0 0 0 0 0 0 0 0 0 0 0 0 0 0 0 0 11 19 14 11 0 0 0 0 0 0 0 0 0 0 0 0 0 0 0 0 12 12 10 13 0 0 0 0 
0 0 0 0 11 17 13 19 0 0 0 0 10 12 18 11 18 17 10 13 0 0 0 0 0 0 0 0 20 12 15 17 14 13 12 18 17 14 15 16 10 10 14 10 14 17 20 11 0 0 0 0 15 18 19 13 0 0 0 0 
0 0 0 0 0 0 0 0 0 0 0 0 0 0 0 0 0 0 0 0 0 0 0 0 0 0 0 0 0 0 0 0 0 0 0 0 0 0 0 0 0 0 0 0 0 0 0 0 0 0 0 0 0 0 0 0 17 18 15 15 
20 11 16 13 0 0 0 0 0 0 0 0 0 0 0 0 0 0 0 0 0 0 0 0 0 0 0 0 0 0 0 0 0 0 0 0 0 0 0 0 0 0 0 0 0 0 0 0 0 0 0 0 0 0 0 0 0 0 0 0 
0 0 0 0 0 0 0 0 0 0 0 0 0 0 0 0 14 11 12 18 0 0 0 0 16 11 13 13 15 20 13 19 20 12 15 19 18 11 20 15 0 0 0 0 19 19 13 11 11 11 16 16 0 0 0 0 0 0 0 0 
0 0 0 0 0 0 0 0 0 0 0 0 0 0 0 0 0 0 0 0 13 10 10 15 0 0 0 0 0 0 0 0 0 0 0 0 0 0 0 0 0 0 0 0 0 0 0 0 0 0 0 0 0 0 0 0 0 0 0 0 
0 0 0 0 10 13 16 16 0 0 0 0 11 14 18 20 12 18 18 15 0 0 0 0 12 15 15 17 18 16 17 12 18 13 19 19 20 15 10 19 0 0 0 0 17 14 18 15 11 18 20 18 15 12 16 14 0 0 0 0 
0 0 0 0 0 0 0 0 0 0 0 0 0 0 0 0 0 0 0 0 0 0 0 0 0 0 0 0 0 0 0 0 0 0 0 0 0 0 0 0 0 0 0 0 0 0 0 0 0 0 0 0 0 0 0 0 12 20 12 11 
10 13 19 18 0 0 0 0 0 0 0 0 0 0 0 0 0 0 0 0 0 0 0 0 0 0 0 0 0 0 0 0 0 0 0 0 0 0 0 0 0 0 0 0 0 0 0 0 0 0 0 0 0 0 0 0 0 0 0 0 
0 0 0 0 0 0 0 0 0 0 0 0 0 0 0 0 0 0 0 0 0 0 0 0 0 0 0 0 0 0 0 0 0 0 0 0 15 18 13 14 0 0 0 0 0 0 0 0 10 13 16 10 0 0 0 0 0 0 0 0 
0 0 0 0 0 0 0 0 13 14 14 12 14 16 20 14 20 14 12 13 20 15 20 13 19 18 11 10 18 11 14 20 17 15 17 11 16 14 11 17 0 0 0 0 11 11 19 19 20 20 10 11 11 18 19 19 0 0 0 0 
0 0 0 0 0 0 0 0 16 12 17 16 15 20 19 19 14 18 20 14 0 0 0 0 12 16 17 17 0 0 0 0 17 20 19 10 20 11 15 18 0 0 0 0 0 0 0 0 14 14 11 15 0 0 0 0 0 0 0 0 
0 0 0 0 0 0 0 0 0 0 0 0 0 0 0 0 0 0 0 0 0 0 0 0 0 0 0 0 0 0 0 0 0 0 0 0 0 0 0 0 0 0 0 0 0 0 0 0 0 0 0 0 0 0 0 0 18 11 20 13 
19 20 11 11 0 0 0 0 0 0 0 0 0 0 0 0 0 0 0 0 0 0 0 0 0 0 0 0 0 0 0 0 0 0 0 0 0 0 0 0 0 0 0 0 0 0 0 0 0 0 0 0 0 0 0 0 0 0 0 0 
0 0 0 0 15 12 14 14 12 18 17 20 16 16 20 18 20 19 10 15 20 12 13 14 15 15 10 18 13 13 18 14 13 14 13 16 14 17 10 20 18 20 20 17 16 20 13 20 11 20 14 10 0 0 0 0 0 0 0 0 
0 0 0 0 11 16 18 10 16 11 16 18 18 18 17 14 14 17 17 11 12 11 19 20 20 14 15 18 0 0 0 0 18 14 11 17 10 14 18 11 0 0 0 0 20 20 13 10 13 15 13 10 17 17 10 13 0 0 0 0 
0 0 0 0 12 13 16 14 0 0 0 0 0 0 0 0 0 0 0 0 10 13 11 10 19 12 19 10 0 0 0 0 20 17 20 11 0 0 0 0 0 0 0 0 0 0 0 0 0 0 0 0 18 11 13 17 0 0 0 0 
0 0 0 0 0 0 0 0 0 0 0 0 0 0 0 0 0 0 0 0 0 0 0 0 0 0 0 0 0 0 0 0 0 0 0 0 0 0 0 0 0 0 0 0 0 0 0 0 0 0 0 0 0 0 0 0 16 19 20 14 
14 18 15 16 0 0 0 0 0 0 0 0 0 0 0 0 0 0 0 0 0 0 0 0 0 0 0 0 0 0 0 0 0 0 0 0 0 0 0 0 0 0 0 0 0 0 0 0 0 0 0 0 0 0 0 0 0 0 0 0 
0 0 0 0 0 0 0 0 0 0 0 0 15 19 10 17 0 0 0 0 0 0 0 0 0 0 0 0 0 0 0 0 11 12 16 14 19 15 18 13 0 0 0 0 11 10 14 19 0 0 0 0 14 20 19 10 0 0 0 0 
0 0 0 0 0 0 0 0 0 0 0 0 0 0 0 0 0 0 0 0 0 0 0 0 0 0 0 0 0 0 0 0 16 16 12 16 0 0 0 0 20 12 18 10 13 11 18 14 0 0 0 0 18 10 20 15 0 0 0 0 
0 0 0 0 0 0 0 0 16 16 17 18 0 0 0 0 16 17 17 19 11 16 17 14 10 11 11 16 14 20 16 10 16 16 20 11 0 0 0 0 10 15 13 15 0 0 0 0 0 0 0 0 18 20 11 19 0 0 0 0 
0 0 0 0 0 0 0 0 0 0 0 0 0 0 0 0 0 0 0 0 0 0 0 0 0 0 0 0 0 0 0 0 0 0 0 0 0 0 0 0 0 0 0 0 0 0 0 0 0 0 0 0 0 0 0 0 11 15 15 14 
20 11 18 14 0 0 0 0 0 0 0 0 0 0 0 0 0 0 0 0 0 0 0 0 0 0 0 0 0 0 0 0 0 0 0 0 0 0 0 0 0 0 0 0 0 0 0 0 0 0 0 0 0 0 0 0 0 0 0 0 
0 0 0 0 13 15 19 17 0 0 0 0 0 0 0 0 0 0 0 0 11 14 10 20 0 0 0 0 0 0 0 0 16 11 14 20 0 0 0 0 0 0 0 0 16 11 17 14 19 18 13 17 15 14 16 20 0 0 0 0 
0 0 0 0 0 0 0 0 20 15 18 17 19 13 17 17 0 0 0 0 15 11 15 16 0 0 0 0 15 15 19 14 0 0 0 0 0 0 0 0 17 17 17 20 0 0 0 0 10 18 17 12 0 0 0 0 0 0 0 0 
0 0 0 0 0 0 0 0 0 0 0 0 14 15 10 19 13 16 15 12 0 0 0 0 0 0 0 0 0 0 0 0 13 14 17 12 11 11 16 16 0 0 0 0 0 0 0 0 0 0 0 0 12 17 17 15 0 0 0 0 
0 0 0 0 0 0 0 0 0 0 0 0 0 0 0 0 0 0 0 0 0 0 0 0 0 0 0 0 0 0 0 0 0 0 0 0 0 0 0 0 0 0 0 0 0 0 0 0 0 0 0 0 0 0 0 0 11 20 19 19 
19 11 20 20 0 0 0 0 0 0 0 0 0 0 0 0 0 0 0 0 0 0 0 0 0 0 0 0 0 0 0 0 0 0 0 0 0 0 0 0 0 0 0 0 0 0 0 0 0 0 0 0 0 0 0 0 0 0 0 0 
0 0 0 0 0 0 0 0 0 0 0 0 0 0 0 0 0 0 0 0 19 17 19 14 17 13 11 17 14 12 10 19 0 0 0 0 0 0 0 0 17 10 17 12 0 0 0 0 20 10 20 10 16 16 16 15 0 0 0 0 
0 0 0 0 0 0 0 0 14 16 19 19 14 17 14 14 0 0 0 0 19 10 13 17 0 0 0 0 0 0 0 0 0 0 0 0 0 0 0 0 0 0 0 0 0 0 0 0 0 0 0 0 0 0 0 0 0 0 0 0 
0 0 0 0 18 20 11 11 0 0 0 0 0 0 0 0 0 0 0 0 0 0 0 0 11 17 10 14 14 11 14 14 0 0 0 0 0 0 0 0 19 14 14 10 11 15 18 16 0 0 0 0 18 18 20 17 0 0 0 0 
0 0 0 0 0 0 0 0 0 0 0 0 0 0 0 0 0 0 0 0 0 0 0 0 0 0 0 0 0 0 0 0 0 0 0 0 0 0 0 0 0 0 0 0 0 0 0 0 0 0 0 0 0 0 0 0 19 12 17 17 
13 15 14 16 0 0 0 0 0 0 0 0 0 0 0 0 0 0 0 0 0 0 0 0 0 0 0 0 0 0 0 0 0 0 0 0 0 0 0 0 0 0 0 0 0 0 0 0 0 0 0 0 0 0 0 0 0 0 0 0 
0 0 0 0 16 14 11 20 10 15 11 19 14 20 15 15 12 14 17 15 0 0 0 0 17 13 17 11 14 16 16 16 15 13 13 10 0 0 0 0 0 0 0 0 0 0 0 0 18 13 16 20 0 0 0 0 0 0 0 0 
0 0 0 0 10 10 16 15 11 19 15 19 0 0 0 0 0 0 0 0 12 16 16 15 17 18 20 15 14 12 15 14 19 17 18 17 11 10 17 10 16 16 18 12 19 12 17 20 16 10 11 14 0 0 0 0 0 0 0 0 
0 0 0 0 0 0 0 0 0 0 0 0 0 0 0 0 16 20 19 18 0 0 0 0 0 0 0 0 0 0 0 0 11 15 13 16 20 17 15 17 0 0 0 0 0 0 0 0 0 0 0 0 0 0 0 0 0 0 0 0 
0 0 0 0 0 0 0 0 0 0 0 0 0 0 0 0 0 0 0 0 0 0 0 0 0 0 0 0 0 0 0 0 0 0 0 0 0 0 0 0 0 0 0 0 0 0 0 0 0 0 0 0 0 0 0 0 12 17 12 17 
15 11 20 10 0 0 0 0 0 0 0 0 0 0 0 0 0 0 0 0 0 0 0 0 0 0 0 0 0 0 0 0 0 0 0 0 0 0 0 0 0 0 0 0 0 0 0 0 0 0 0 0 0 0 0 0 0 0 0 0 
0 0 0 0 0 0 0 0 0 0 0 0 0 0 0 0 0 0 0 0 0 0 0 0 0 0 0 0 0 0 0 0 19 16 12 10 19 10 13 17 0 0 0 0 0 0 0 0 0 0 0 0 0 0 0 0 0 0 0 0 
0 0 0 0 0 0 0 0 0 0 0 0 11 20 20 10 16 10 12 13 14 10 14 11 12 11 11 12 11 19 13 11 11 17 20 12 14 13 16 14 0 0 0 0 17 13 13 20 12 17 11 13 0 0 0 0 0 0 0 0 
0 0 0 0 14 16 14 10 0 0 0 0 0 0 0 0 0 0 0 0 0 0 0 0 0 0 0 0 0 0 0 0 16 18 13 18 0 0 0 0 13 18 11 12 0 0 0 0 0 0 0 0 0 0 0 0 0 0 0 0 
0 0 0 0 0 0 0 0 0 0 0 0 0 0 0 0 0 0 0 0 0 0 0 0 0 0 0 0 0 0 0 0 0 0 0 0 0 0 0 0 0 0 0 0 0 0 0 0 0 0 0 0 0 0 0 0 12 14 18 17 
18 10 13 14 0 0 0 0 0 0 0 0 0 0 0 0 0 0 0 0 0 0 0 0 0 0 0 0 0 0 0 0 0 0 0 0 0 0 0 0 0 0 0 0 0 0 0 0 0 0 0 0 0 0 0 0 0 0 0 0 
0 0 0 0 0 0 0 0 0 0 0 0 10 19 19 12 20 18 11 11 0 0 0 0 0 0 0 0 0 0 0 0 14 12 16 16 20 20 17 20 0 0 0 0 0 0 0 0 10 10 19 14 0 0 0 0 0 0 0 0 
0 0 0 0 11 18 14 12 20 20 18 15 15 12 18 12 11 10 16 15 19 14 11 19 14 18 15 15 16 17 16 14 0 0 0 0 11 15 14 10 11 12 19 17 19 15 17 19 12 20 11 10 16 11 17 13 0 0 0 0 
0 0 0 0 20 16 18 20 0 0 0 0 13 15 12 14 12 18 12 10 0 0 0 0 0 0 0 0 10 13 14 14 13 11 20 18 19 13 12 11 0 0 0 0 0 0 0 0 11 14 18 19 17 16 16 16 0 0 0 0 
0 0 0 0 0 0 0 0 0 0 0 0 0 0 0 0 0 0 0 0 0 0 0 0 0 0 0 0 0 0 0 0 0 0 0 0 0 0 0 0 0 0 0 0 0 0 0 0 0 0 0 0 0 0 0 0 18 12 16 10 
13 10 11 14 0 0 0 0 0 0 0 0 0 0 0 0 0 0 0 0 0 0 0 0 0 0 0 0 0 0 0 0 0 0 0 0 0 0 0 0 0 0 0 0 0 0 0 0 0 0 0 0 0 0 0 0 0 0 0 0 
0 0 0 0 0 0 0 0 10 19 15 12 13 12 20 12 16 15 14 10 12 20 18 15 15 19 19 10 10 18 18 18 0 0 0 0 18 11 19 19 16 15 18 12 10 14 14 17 11 13 11 19 10 14 13 20 0 0 0 0 
0 0 0 0 16 13 15 10 0 0 0 0 18 11 16 16 11 15 13 14 0 0 0 0 19 14 14 16 0 0 0 0 0 0 0 0 0 0 0 0 0 0 0 0 14 12 20 12 0 0 0 0 0 0 0 0 0 0 0 0 
0 0 0 0 0 0 0 0 0 0 0 0 0 0 0 0 19 13 20 13 20 14 17 13 10 11 14 18 0 0 0 0 0 0 0 0 0 0 0 0 11 18 19 18 0 0 0 0 0 0 0 0 0 0 0 0 0 0 0 0 
0 0 0 0 0 0 0 0 0 0 0 0 0 0 0 0 0 0 0 0 0 0 0 0 0 0 0 0 0 0 0 0 0 0 0 0 0 0 0 0 0 0 0 0 0 0 0 0 0 0 0 0 0 0 0 0 16 19 18 20 
17 17 16 16 0 0 0 0 0 0 0 0 0 0 0 0 0 0 0 0 0 0 0 0 0 0 0 0 0 0 0 0 0 0 0 0 0 0 0 0 0 0 0 0 0 0 0 0 0 0 0 0 0 0 0 0 0 0 0 0 
0 0 0 0 0 0 0 0 20 17 14 13 0 0 0 0 0 0 0 0 0 0 0 0 0 0 0 0 0 0 0 0 0 0 0 0 0 0 0 0 0 0 0 0 0 0 0 0 0 0 0 0 12 17 10 12 0 0 0 0 
0 0 0 0 0 0 0 0 0 0 0 0 0 0 0 0 0 0 0 0 0 0 0 0 0 0 0 0 0 0 0 0 19 11 20 20 0 0 0 0 20 12 19 16 0 0 0 0 0 0 0 0 0 0 0 0 0 0 0 0 
0 0 0 0 15 15 17 16 0 0 0 0 0 0 0 0 0 0 0 0 0 0 0 0 15 19 20 11 14 11 10 14 0 0 0 0 0 0 0 0 15 16 18 14 0 0 0 0 0 0 0 0 0 0 0 0 0 0 0 0 
0 0 0 0 0 0 0 0 0 0 0 0 0 0 0 0 0 0 0 0 0 0 0 0 0 0 0 0 0 0 0 0 0 0 0 0 0 0 0 0 0 0 0 0 0 0 0 0 0 0 0 0 0 0 0 0 10 19 12 10 
15 10 16 19 0 0 0 0 0 0 0 0 0 0 0 0 0 0 0 0 0 0 0 0 0 0 0 0 0 0 0 0 0 0 0 0 0 0 0 0 0 0 0 0 0 0 0 0 0 0 0 0 0 0 0 0 0 0 0 0 
0 0 0 0 0 0 0 0 11 14 20 14 13 16 19 18 14 16 11 18 13 20 19 16 10 19 20 17 14 20 13 19 19 20 13 11 0 0 0 0 20 15 12 14 0 0 0 0 0 0 0 0 0 0 0 0 0 0 0 0 
0 0 0 0 0 0 0 0 11 16 18 14 0 0 0 0 11 14 20 17 13 20 20 11 17 20 12 15 13 19 13 12 20 11 11 14 0 0 0 0 0 0 0 0 18 18 20 11 0 0 0 0 11 13 20 18 0 0 0 0 
0 0 0 0 10 18 20 14 20 15 10 13 11 13 11 10 11 17 20 15 0 0 0 0 14 20 15 16 0 0 0 0 11 17 12 17 0 0 0 0 0 0 0 0 0 0 0 0 0 0 0 0 0 0 0 0 0 0 0 0 
0 0 0 0 0 0 0 0 0 0 0 0 0 0 0 0 0 0 0 0 0 0 0 0 0 0 0 0 0 0 0 0 0 0 0 0 0 0 0 0 0 0 0 0 0 0 0 0 0 0 0 0 0 0 0 0 14 16 10 13 
13 19 13 19 0 0 0 0 0 0 0 0 0 0 0 0 0 0 0 0 0 0 0 0 0 0 0 0 0 0 0 0 0 0 0 0 0 0 0 0 0 0 0 0 0 0 0 0 0 0 0 0 0 0 0 0 0 0 0 0 
0 0 0 0 0 0 0 0 17 16 11 17 13 10 13 16 0 0 0 0 0 0 0 0 0 0 0 0 0 0 0 0 0 0 0 0 0 0 0 0 20 15 11 16 0 0 0 0 0 0 0 0 0 0 0 0 0 0 0 0 
0 0 0 0 12 14 14 11 0 0 0 0 0 0 0 0 0 0 0 0 11 10 12 19 19 13 14 10 15 10 11 17 14 17 10 20 0 0 0 0 0 0 0 0 0 0 0 0 13 12 13 13 0 0 0 0 0 0 0 0 
0 0 0 0 0 0 0 0 11 18 13 16 14 12 15 14 19 18 17 12 0 0 0 0 0 0 0 0 13 18 18 11 17 15 10 17 14 17 18 13 13 20 17 11 10 11 18 12 11 13 19 16 13 10 11 13 0 0 0 0 
0 0 0 0 0 0 0 0 0 0 0 0 0 0 0 0 0 0 0 0 0 0 0 0 0 0 0 0 0 0 0 0 0 0 0 0 0 0 0 0 0 0 0 0 0 0 0 0 0 0 0 0 0 0 0 0 14 10 11 13 
20 10 15 10 0 0 0 0 0 0 0 0 0 0 0 0 0 0 0 0 0 0 0 0 0 0 0 0 0 0 0 0 0 0 0 0 0 0 0 0 0 0 0 0 0 0 0 0 0 0 0 0 0 0 0 0 0 0 0 0 
0 0 0 0 0 0 0 0 12 11 17 16 14 18 15 14 13 18 20 14 12 17 19 15 14 19 11 15 20 14 15 20 12 18 17 20 11 10 12 15 15 17 11 15 18 12 19 10 12 12 19 13 16 12 10 16 0 0 0 0 
0 0 0 0 18 19 14 19 11 19 13 14 18 14 19 20 0 0 0 0 13 16 20 16 12 11 18 18 10 10 12 18 0 0 0 0 0 0 0 0 0 0 0 0 0 0 0 0 0 0 0 0 0 0 0 0 0 0 0 0 
0 0 0 0 0 0 0 0 0 0 0 0 0 0 0 0 14 17 17 19 0 0 0 0 0 0 0 0 0 0 0 0 10 19 19 14 18 19 16 15 13 17 17 20 17 18 12 20 0 0 0 0 19 15 13 20 0 0 0 0 
0 0 0 0 0 0 0 0 0 0 0 0 0 0 0 0 0 0 0 0 0 0 0 0 0 0 0 0 0 0 0 0 0 0 0 0 0 0 0 0 0 0 0 0 0 0 0 0 0 0 0 0 0 0 0 0 15 12 20 18 
11 15 16 14 0 0 0 0 0 0 0 0 0 0 0 0 0 0 0 0 0 0 0 0 0 0 0 0 0 0 0 0 0 0 0 0 0 0 0 0 0 0 0 0 0 0 0 0 0 0 0 0 0 0 0 0 0 0 0 0 
0 0 0 0 11 18 20 13 15 16 12 13 15 19 12 14 16 15 17 17 18 11 18 15 0 0 0 0 16 11 11 13 10 16 16 19 12 18 19 15 16 18 15 17 13 12 17 12 16 17 17 20 16 13 17 12 0 0 0 0 
0 0 0 0 15 10 18 16 13 12 14 16 10 17 12 13 20 10 18 13 11 19 12 18 16 13 12 15 13 11 14 11 15 15 20 19 12 20 14 13 11 19 19 16 10 12 16 20 20 20 20 13 0 0 0 0 0 0 0 0 
0 0 0 0 18 17 16 20 11 20 12 16 13 19 11 15 0 0 0 0 0 0 0 0 13 12 12 13 18 15 10 18 12 15 14 11 20 20 16 17 14 16 19 10 15 13 10 14 12 20 10 16 0 0 0 0 0 0 0 0 
0 0 0 0 0 0 0 0 0 0 0 0 0 0 0 0 0 0 0 0 0 0 0 0 0 0 0 0 0 0 0 0 0 0 0 0 0 0 0 0 0 0 0 0 0 0 0 0 0 0 0 0 0 0 0 0 15 13 11 14 
12 18 16 19 0 0 0 0 0 0 0 0 0 0 0 0 0 0 0 0 0 0 0 0 0 0 0 0 0 0 0 0 0 0 0 0 0 0 0 0 0 0 0 0 0 0 0 0 0 0 0 0 0 0 0 0 0 0 0 0 
0 0 0 0 18 11 17 10 0 0 0 0 17 18 12 10 18 17 10 17 10 13 20 17 15 13 20 15 20 11 16 15 0 0 0 0 14 11 13 13 12 12 11 10 16 10 12 18 0 0 0 0 16 18 12 19 0 0 0 0 
0 0 0 0 14 14 17 20 15 20 11 12 0 0 0 0 14 18 18 13 11 17 16 16 13 13 18 11 15 12 11 10 14 12 16 20 0 0 0 0 17 14 10 13 19 16 11 19 15 15 20 20 0 0 0 0 0 0 0 0 
0 0 0 0 0 0 0 0 0 0 0 0 0 0 0 0 0 0 0 0 0 0 0 0 0 0 0 0 0 0 0 0 16 13 10 10 0 0 0 0 0 0 0 0 0 0 0 0 0 0 0 0 0 0 0 0 0 0 0 0 
0 0 0 0 0 0 0 0 0 0 0 0 0 0 0 0 0 0 0 0 0 0 0 0 0 0 0 0 0 0 0 0 0 0 0 0 0 0 0 0 0 0 0 0 0 0 0 0 0 0 0 0 0 0 0 0 16 16 12 11 
13 20 13 14 0 0 0 0 0 0 0 0 0 0 0 0 0 0 0 0 0 0 0 0 0 0 0 0 0 0 0 0 0 0 0 0 0 0 0 0 0 0 0 0 0 0 0 0 0 0 0 0 0 0 0 0 0 0 0 0 
0 0 0 0 11 14 10 19 0 0 0 0 0 0 0 0 18 11 13 15 0 0 0 0 0 0 0 0 0 0 0 0 0 0 0 0 0 0 0 0 0 0 0 0 0 0 0 0 10 17 10 16 17 17 14 12 0 0 0 0 
0 0 0 0 17 10 12 17 19 19 20 19 11 16 19 14 14 13 11 18 0 0 0 0 17 20 16 18 0 0 0 0 10 13 19 10 15 19 18 17 11 12 18 12 11 11 17 15 11 20 19 13 0 0 0 0 0 0 0 0 
0 0 0 0 12 19 17 13 16 15 16 12 16 18 10 14 12 18 10 17 17 14 17 20 12 10 11 14 14 18 11 15 14 19 11 14 15 19 11 20 15 13 12 13 20 11 19 11 0 0 0 0 19 11 17 15 0 0 0 0 
0 0 0 0 0 0 0 0 0 0 0 0 0 0 0 0 0 0 0 0 0 0 0 0 0 0 0 0 0 0 0 0 0 0 0 0 0 0 0 0 0 0 0 0 0 0 0 0 0 0 0 0 0 0 0 0 19 13 14 18 
20 15 15 16 0 0 0 0 0 0 0 0 0 0 0 0 0 0 0 0 0 0 0 0 0 0 0 0 0 0 0 0 0 0 0 0 0 0 0 0 0 0 0 0 0 0 0 0 0 0 0 0 0 0 0 0 0 0 0 0 
0 0 0 0 0 0 0 0 0 0 0 0 0 0 0 0 0 0 0 0 0 0 0 0 0 0 0 0 0 0 0 0 11 19 10 12 0 0 0 0 0 0 0 0 10 16 13 11 19 10 12 10 0 0 0 0 0 0 0 0 
0 0 0 0 17 17 13 14 0 0 0 0 14 10 20 12 0 0 0 0 0 0 0 0 15 15 17 17 0 0 0 0 0 0 0 0 12 15 16 19 16 14 20 13 19 12 13 13 0 0 0 0 0 0 0 0 0 0 0 0 
0 0 0 0 10 14 15 14 0 0 0 0 16 20 12 16 0 0 0 0 0 0 0 0 13 15 16 12 0 0 0 0 0 0 0 0 11 15 14 17 12 13 20 18 0 0 0 0 0 0 0 0 0 0 0 0 0 0 0 0 
0 0 0 0 0 0 0 0 0 0 0 0 0 0 0 0 0 0 0 0 0 0 0 0 0 0 0 0 0 0 0 0 0 0 0 0 0 0 0 0 0 0 0 0 0 0 0 0 0 0 0 0 0 0 0 0 15 14 14 20 
12 13 10 19 0 0 0 0 0 0 0 0 0 0 0 0 0 0 0 0 0 0 0 0 0 0 0 0 0 0 0 0 0 0 0 0 0 0 0 0 0 0 0 0 0 0 0 0 0 0 0 0 0 0 0 0 0 0 0 0 
0 0 0 0 10 20 16 13 0 0 0 0 0 0 0 0 0 0 0 0 0 0 0 0 0 0 0 0 0 0 0 0 10 19 11 12 0 0 0 0 0 0 0 0 0 0 0 0 0 0 0 0 11 14 19 12 0 0 0 0 
0 0 0 0 16 14 10 13 0 0 0 0 19 15 15 10 15 10 17 18 0 0 0 0 0 0 0 0 0 0 0 0 0 0 0 0 18 16 14 10 16 20 17 17 0 0 0 0 0 0 0 0 0 0 0 0 0 0 0 0 
0 0 0 0 0 0 0 0 18 14 12 18 16 14 19 14 12 16 16 12 0 0 0 0 12 16 11 20 15 16 12 14 0 0 0 0 0 0 0 0 0 0 0 0 19 10 11 10 10 18 12 20 18 15 14 14 0 0 0 0 
0 0 0 0 0 0 0 0 0 0 0 0 0 0 0 0 0 0 0 0 0 0 0 0 0 0 0 0 0 0 0 0 0 0 0 0 0 0 0 0 0 0 0 0 0 0 0 0 0 0 0 0 0 0 0 0 16 15 10 20 
11 10 17 16 0 0 0 0 0 0 0 0 0 0 0 0 0 0 0 0 0 0 0 0 0 0 0 0 0 0 0 0 0 0 0 0 0 0 0 0 0 0 0 0 0 0 0 0 0 0 0 0 0 0 0 0 0 0 0 0 
0 0 0 0 16 11 11 15 14 11 14 20 13 14 17 13 0 0 0 0 0 0 0 0 0 0 0 0 13 12 18 11 0 0 0 0 19 14 13 10 0 0 0 0 0 0 0 0 0 0 0 0 11 19 11 10 0 0 0 0 
0 0 0 0 13 14 11 17 0 0 0 0 0 0 0 0 0 0 0 0 16 11 16 17 15 15 19 18 20 17 13 11 0 0 0 0 0 0 0 0 0 0 0 0 11 11 17 13 0 0 0 0 19 15 14 20 0 0 0 0 
0 0 0 0 14 17 16 17 13 15 20 16 12 13 10 12 0 0 0 0 20 20 19 18 12 13 19 11 10 17 15 13 15 16 12 10 13 18 14 13 11 15 17 16 20 13 19 15 15 19 16 16 12 19 19 15 0 0 0 0 
0 0 0 0 0 0 0 0 0 0 0 0 0 0 0 0 0 0 0 0 0 0 0 0 0 0 0 0 0 0 0 0 0 0 0 0 0 0 0 0 0 0 0 0 0 0 0 0 0 0 0 0 0 0 0 0 10 12 16 12 
19 16 17 12 0 0 0 0 0 0 0 0 0 0 0 0 0 0 0 0 0 0 0 0 0 0 0 0 0 0 0 0 0 0 0 0 0 0 0 0 0 0 0 0 0 0 0 0 0 0 0 0 0 0 0 0 0 0 0 0 
0 0 0 0 15 20 11 15 17 13 10 13 11 14 15 14 15 17 11 15 17 19 18 18 10 15 11 10 13 11 19 13 13 17 20 17 12 19 20 13 16 18 20 16 13 10 16 17 15 18 14 12 13 16 10 17 0 0 0 0 
0 0 0 0 12 14 10 14 0 0 0 0 14 17 17 19 0 0 0 0 12 15 19 17 0 0 0 0 0 0 0 0 0 0 0 0 0 0 0 0 0 0 0 0 0 0 0 0 0 0 0 0 0 0 0 0 0 0 0 0 
0 0 0 0 16 11 14 19 0 0 0 0 0 0 0 0 17 19 10 19 12 11 12 14 0 0 0 0 0 0 0 0 16 20 17 18 0 0 0 0 0 0 0 0 13 14 16 18 16 11 10 13 13 12 19 18 0 0 0 0 
0 0 0 0 0 0 0 0 0 0 0 0 0 0 0 0 0 0 0 0 0 0 0 0 0 0 0 0 0 0 0 0 0 0 0 0 0 0 0 0 0 0 0 0 0 0 0 0 0 0 0 0 0 0 0 0 20 12 10 15 
15 16 20 13 0 0 0 0 0 0 0 0 0 0 0 0 0 0 0 0 0 0 0 0 0 0 0 0 0 0 0 0 0 0 0 0 0 0 0 0 0 0 0 0 0 0 0 0 0 0 0 0 0 0 0 0 0 0 0 0 
0 0 0 0 0 0 0 0 13 16 16 19 0 0 0 0 19 19 11 18 0 0 0 0 13 14 16 14 13 16 17 10 0 0 0 0 13 20 18 18 0 0 0 0 11 19 19 11 12 13 16 20 20 15 18 15 0 0 0 0 
0 0 0 0 0 0 0 0 20 20 12 10 19 19 15 15 17 12 17 12 11 13 12 16 0 0 0 0 0 0 0 0 17 14 12 15 10 12 12 11 14 12 19 10 0 0 0 0 0 0 0 0 19 16 10 18 0 0 0 0 
0 0 0 0 0 0 0 0 0 0 0 0 0 0 0 0 0 0 0 0 0 0 0 0 0 0 0 0 0 0 0 0 0 0 0 0 0 0 0 0 0 0 0 0 15 12 12 13 0 0 0 0 0 0 0 0 0 0 0 0 
0 0 0 0 0 0 0 0 0 0 0 0 0 0 0 0 0 0 0 0 0 0 0 0 0 0 0 0 0 0 0 0 0 0 0 0 0 0 0 0 0 0 0 0 0 0 0 0 0 0 0 0 0 0 0 0 14 19 20 13 
20 10 20 18 0 0 0 0 0 0 0 0 0 0 0 0 0 0 0 0 0 0 0 0 0 0 0 0 0 0 0 0 0 0 0 0 0 0 0 0 0 0 0 0 0 0 0 0 0 0 0 0 0 0 0 0 0 0 0 0 
0 0 0 0 19 15 17 10 0 0 0 0 0 0 0 0 20 15 15 20 20 16 12 14 20 20 16 11 17 18 13 17 0 0 0 0 14 15 15 11 20 10 13 12 20 10 11 10 17 16 14 20 15 20 20 20 0 0 0 0 
0 0 0 0 0 0 0 0 0 0 0 0 0 0 0 0 0 0 0 0 0 0 0 0 12 10 11 18 0 0 0 0 0 0 0 0 11 20 12 16 18 18 12 13 11 14 17 14 17 14 16 20 0 0 0 0 0 0 0 0 
0 0 0 0 0 0 0 0 0 0 0 0 20 20 19 16 0 0 0 0 14 14 16 12 0 0 0 0 0 0 0 0 0 0 0 0 0 0 0 0 0 0 0 0 0 0 0 0 14 11 16 11 16 19 12 11 0 0 0 0 
0 0 0 0 0 0 0 0 0 0 0 0 0 0 0 0 0 0 0 0 0 0 0 0 0 0 0 0 0 0 0 0 0 0 0 0 0 0 0 0 0 0 0 0 0 0 0 0 0 0 0 0 0 0 0 0 17 13 19 10 
12 11 11 20 0 0 0 0 0 0 0 0 0 0 0 0 0 0 0 0 0 0 0 0 0 0 0 0 0 0 0 0 0 0 0 0 0 0 0 0 0 0 0 0 0 0 0 0 0 0 0 0 0 0 0 0 0 0 0 0 
0 0 0 0 0 0 0 0 14 18 16 17 20 13 18 13 13 12 17 20 14 16 14 12 10 19 18 12 15 20 18 16 16 16 15 16 20 12 14 11 13 12 13 10 0 0 0 0 13 20 12 16 18 15 11 17 0 0 0 0 
0 0 0 0 0 0 0 0 0 0 0 0 0 0 0 0 0 0 0 0 0 0 0 0 0 0 0 0 18 19 19 10 0 0 0 0 0 0 0 0 16 12 19 13 16 19 14 19 19 19 10 18 0 0 0 0 0 0 0 0 
0 0 0 0 13 12 20 10 14 18 11 18 13 19 12 14 19 18 13 15 0 0 0 0 15 14 10 16 10 11 20 15 11 11 12 15 20 13 10 13 14 17 20 16 17 18 17 20 19 14 13 17 18 14 15 10 0 0 0 0 
0 0 0 0 0 0 0 0 0 0 0 0 0 0 0 0 0 0 0 0 0 0 0 0 0 0 0 0 0 0 0 0 0 0 0 0 0 0 0 0 0 0 0 0 0 0 0 0 0 0 0 0 0 0 0 0 15 10 16 18 
19 15 17 14 0 0 0 0 0 0 0 0 0 0 0 0 0 0 0 0 0 0 0 0 0 0 0 0 0 0 0 0 0 0 0 0 0 0 0 0 0 0 0 0 0 0 0 0 0 0 0 0 0 0 0 0 0 0 0 0 
0 0 0 0 13 16 14 13 20 12 16 19 14 20 16 16 10 16 16 14 0 0 0 0 12 10 15 19 12 20 20 17 10 11 10 11 17 17 19 18 17 20 18 10 17 13 18 15 0 0 0 0 20 14 14 11 0 0 0 0 
0 0 0 0 12 20 12 13 13 16 18 18 20 20 19 19 10 19 15 11 0 0 0 0 0 0 0 0 15 20 16 18 16 20 10 12 0 0 0 0 0 0 0 0 0 0 0 0 0 0 0 0 0 0 0 0 0 0 0 0 
0 0 0 0 18 16 17 18 0 0 0 0 14 13 14 16 0 0 0 0 18 18 18 17 15 19 13 15 17 11 19 15 19 20 17 15 16 17 18 17 19 14 17 11 17 18 12 12 11 14 18 20 15 17 10 15 0 0 0 0 
0 0 0 0 0 0 0 0 0 0 0 0 0 0 0 0 0 0 0 0 0 0 0 0 0 0 0 0 0 0 0 0 0 0 0 0 0 0 0 0 0 0 0 0 0 0 0 0 0 0 0 0 0 0 0 0 16 17 18 19 
13 20 19 10 0 0 0 0 0 0 0 0 0 0 0 0 0 0 0 0 0 0 0 0 0 0 0 0 0 0 0 0 0 0 0 0 0 0 0 0 0 0 0 0 0 0 0 0 0 0 0 0 0 0 0 0 0 0 0 0 
0 0 0 0 0 0 0 0 12 19 13 14 15 18 17 16 14 17 10 16 10 20 12 20 0 0 0 0 17 15 19 13 20 16 14 12 18 17 13 20 15 10 19 17 0 0 0 0 10 18 11 18 14 13 16 11 0 0 0 0 
0 0 0 0 10 19 17 20 0 0 0 0 13 12 13 13 0 0 0 0 0 0 0 0 0 0 0 0 11 16 15 12 15 13 12 11 0 0 0 0 0 0 0 0 15 11 20 17 19 12 11 18 0 0 0 0 0 0 0 0 
0 0 0 0 17 20 20 11 11 11 10 14 18 16 12 14 15 17 17 18 0 0 0 0 0 0 0 0 13 13 17 16 11 15 14 20 0 0 0 0 10 12 20 16 0 0 0 0 0 0 0 0 14 14 19 10 0 0 0 0 
0 0 0 0 0 0 0 0 0 0 0 0 0 0 0 0 0 0 0 0 0 0 0 0 0 0 0 0 0 0 0 0 0 0 0 0 0 0 0 0 0 0 0 0 0 0 0 0 0 0 0 0 0 0 0 0 10 10 19 12
---------------------
 
Distance between cells
Rows and Columns: correspond to cell number
0 412 98 133 482 481 176 77 410 345 353 66 72 402 229 140 178 359 
412 0 114 339 473 441 349 97 242 280 218 275 176 164 387 119 490 428 
98 114 0 481 359 372 193 490 159 405 443 288 442 452 224 406 344 220 
133 339 481 0 287 189 58 117 143 464 226 219 153 101 461 199 398 449 
482 473 359 287 0 77 265 242 399 294 414 116 453 206 417 166 51 172 
481 441 372 189 77 0 272 191 127 55 329 287 431 230 385 384 285 145 
176 349 193 58 265 272 0 72 157 229 339 89 395 484 496 388 61 340 
77 97 490 117 242 191 72 0 471 256 287 340 111 333 431 111 274 177 
410 242 159 143 399 127 157 471 0 380 276 283 164 452 269 269 401 474 
345 280 405 464 294 55 229 256 380 0 365 252 76 397 192 211 412 176 
353 218 443 226 414 329 339 287 276 365 0 108 255 348 342 215 491 194 
66 275 288 219 116 287 89 340 283 252 108 0 414 157 244 186 424 356 
72 176 442 153 453 431 395 111 164 76 255 414 0 157 221 130 165 227 
402 164 452 101 206 230 484 333 452 397 348 157 157 0 267 318 185 51 
229 387 224 461 417 385 496 431 269 192 342 244 221 267 0 365 231 482 
140 119 406 199 166 384 388 111 269 211 215 186 130 318 365 0 425 385 
178 490 344 398 51 285 61 274 401 412 491 424 165 185 231 425 0 369 
359 428 220 449 172 145 340 177 474 176 194 356 227 51 482 385 369 0
---------------------
 
Distribution of machines in cells   (1 -- if machine m is distributed in cell u;0 -- else) 
Rows: correspond to cell number; Columns: correspond to machine number
0 0 0 0 0 0 0 0 0 0 0 0 0 0 0 0 0 0 0 0 0 0 0 0 0 0 0 0 0 0 0 0 0 0 0 0 0 0 0 1 0 0 1 0 0 0 0 0 0 0 0 0 1 0 0 0 0 0 0 0 
0 0 0 0 0 0 0 0 0 0 0 0 0 0 0 0 0 0 0 0 0 0 0 0 0 0 0 0 1 0 0 0 0 0 0 0 0 0 0 0 0 0 0 0 0 0 0 0 0 0 0 0 0 0 0 1 0 0 0 1 
0 0 0 0 0 0 0 0 0 0 0 0 0 0 0 0 0 0 0 0 0 0 0 0 0 0 0 0 0 0 1 0 0 0 0 0 0 0 0 0 0 0 0 0 0 0 0 0 0 0 0 0 0 1 0 0 0 0 0 0 
0 0 0 0 0 0 1 0 0 0 0 0 0 0 0 0 0 0 0 0 0 0 0 0 0 1 0 0 0 0 0 0 0 0 0 0 0 0 0 0 0 0 0 0 0 0 0 0 0 0 0 0 0 0 0 0 0 0 1 0 
0 0 0 0 0 1 0 0 1 0 0 0 0 0 0 0 0 0 0 0 0 0 0 1 0 0 0 0 0 0 0 0 0 0 0 0 0 0 0 0 1 0 0 0 0 0 0 0 0 0 0 0 0 0 1 0 0 0 0 0 
0 0 0 1 0 0 0 0 0 0 0 0 0 0 0 0 0 0 0 0 1 0 0 0 0 0 0 0 0 0 0 0 0 0 0 0 0 0 0 0 0 0 0 0 0 1 0 0 0 0 0 0 0 0 0 0 0 0 0 0 
0 0 0 0 0 0 0 0 0 1 0 0 0 0 0 0 0 0 0 1 0 0 0 0 0 0 0 0 0 0 0 0 0 0 0 0 0 0 1 0 0 0 0 0 0 0 0 0 0 0 0 0 0 0 0 0 0 0 0 0 
0 0 0 0 0 0 0 1 0 0 0 0 0 0 0 0 0 0 0 0 0 0 0 0 0 0 0 0 0 0 0 0 0 0 0 0 0 0 0 0 0 0 0 0 0 0 0 0 1 0 0 0 0 0 0 0 0 0 0 0 
0 0 0 0 0 0 0 0 0 0 0 0 0 0 0 0 0 0 0 0 0 0 0 0 1 0 1 0 0 0 0 0 0 0 0 0 0 0 0 0 0 0 0 1 0 0 0 0 0 0 0 0 0 0 0 0 0 1 0 0 
0 0 0 0 0 0 0 0 0 0 1 0 0 0 0 1 0 0 1 0 0 0 0 0 0 0 0 0 0 0 0 0 0 0 0 0 0 0 0 0 0 0 0 0 0 0 0 0 0 0 0 0 0 0 0 0 0 0 0 0 
0 0 1 0 0 0 0 0 0 0 0 0 0 0 0 0 0 0 0 0 0 0 0 0 0 0 0 0 0 1 0 0 0 0 0 1 0 0 0 0 0 0 0 0 0 0 0 0 0 0 0 0 0 0 0 0 0 0 0 0 
1 0 0 0 1 0 0 0 0 0 0 0 0 0 0 0 0 0 0 0 0 0 0 0 0 0 0 0 0 0 0 1 0 0 0 0 0 0 0 0 0 0 0 0 0 0 0 0 0 0 0 0 0 0 0 0 1 0 0 0 
0 0 0 0 0 0 0 0 0 0 0 0 0 1 0 0 0 0 0 0 0 0 0 0 0 0 0 0 0 0 0 0 1 0 0 0 0 0 0 0 0 0 0 0 0 0 0 1 0 0 0 1 0 0 0 0 0 0 0 0 
0 0 0 0 0 0 0 0 0 0 0 0 1 0 0 0 0 0 0 0 0 0 0 0 0 0 0 0 0 0 0 0 0 0 0 0 0 0 0 0 0 0 0 0 0 0 0 0 0 0 1 0 0 0 0 0 0 0 0 0 
0 0 0 0 0 0 0 0 0 0 0 0 0 0 0 0 0 0 0 0 0 0 1 0 0 0 0 0 0 0 0 0 0 0 1 0 0 0 0 0 0 0 0 0 1 0 0 0 0 0 0 0 0 0 0 0 0 0 0 0 
0 0 0 0 0 0 0 0 0 0 0 1 0 0 0 0 0 1 0 0 0 0 0 0 0 0 0 0 0 0 0 0 0 0 0 0 0 1 0 0 0 0 0 0 0 0 0 0 0 0 0 0 0 0 0 0 0 0 0 0 
0 1 0 0 0 0 0 0 0 0 0 0 0 0 0 0 0 0 0 0 0 1 0 0 0 0 0 0 0 0 0 0 0 0 0 0 1 0 0 0 0 0 0 0 0 0 1 0 0 1 0 0 0 0 0 0 0 0 0 0 
0 0 0 0 0 0 0 0 0 0 0 0 0 0 1 0 1 0 0 0 0 0 0 0 0 0 0 1 0 0 0 0 0 1 0 0 0 0 0 0 0 1 0 0 0 0 0 0 0 0 0 0 0 0 0 0 0 0 0 0
---------------------
 
