Adaption from Behnke51

Number of operations for each part
5 5 5 5 5 5 5 5 5 5 5 5 5 5 5 5 5 5 5 5 5 5 5 5 5 5 5 5 5 5 5 5 5 5 5 5 5 5 5 5 5 5 5 5 5 5 5 5 5 5
---------------------
 
Processing time   (0 -- non-optional machine)
Rows: sequential for each operation of each part; Columns: correspond to machine number
24 29 19 17 0 0 0 0 0 0 0 0 0 0 0 0 0 0 0 0 0 0 0 0 0 0 0 0 0 0 0 0 0 0 0 0 0 0 0 0 0 0 0 0 0 0 0 0 0 0 0 0 0 0 0 0 0 0 0 0 
0 0 0 0 19 16 22 27 0 0 0 0 0 0 0 0 0 0 0 0 27 11 26 29 0 0 0 0 0 0 0 0 22 25 24 16 24 10 30 10 30 20 19 20 17 23 15 19 16 21 27 20 0 0 0 0 0 0 0 0 
0 0 0 0 26 18 13 19 16 12 19 29 18 25 15 24 12 22 26 24 26 10 26 19 0 0 0 0 16 25 21 17 19 22 30 30 28 23 20 12 18 20 25 24 21 28 14 26 14 13 29 16 16 21 10 15 0 0 0 0 
0 0 0 0 0 0 0 0 19 24 12 14 17 27 18 16 13 22 23 20 17 26 11 18 26 13 22 15 0 0 0 0 21 15 12 21 12 16 14 12 29 20 14 27 10 18 20 22 25 12 28 23 25 19 25 19 0 0 0 0 
0 0 0 0 0 0 0 0 0 0 0 0 0 0 0 0 0 0 0 0 0 0 0 0 0 0 0 0 0 0 0 0 0 0 0 0 0 0 0 0 0 0 0 0 0 0 0 0 0 0 0 0 0 0 0 0 11 12 24 11 
14 21 28 10 0 0 0 0 0 0 0 0 0 0 0 0 0 0 0 0 0 0 0 0 0 0 0 0 0 0 0 0 0 0 0 0 0 0 0 0 0 0 0 0 0 0 0 0 0 0 0 0 0 0 0 0 0 0 0 0 
0 0 0 0 19 14 13 24 14 30 28 27 0 0 0 0 15 21 27 29 0 0 0 0 0 0 0 0 11 24 24 16 10 29 16 13 0 0 0 0 0 0 0 0 18 10 28 15 27 21 12 16 24 21 29 10 0 0 0 0 
0 0 0 0 27 15 22 13 30 21 10 20 23 18 17 15 28 10 27 28 27 15 18 18 29 20 12 21 13 28 21 23 20 15 29 15 11 17 12 22 0 0 0 0 10 23 18 21 20 20 21 26 27 12 22 24 0 0 0 0 
0 0 0 0 28 26 25 30 0 0 0 0 0 0 0 0 23 28 13 21 26 24 21 19 30 21 15 13 24 13 25 12 17 25 28 24 24 10 22 22 27 15 20 20 0 0 0 0 13 19 24 25 0 0 0 0 0 0 0 0 
0 0 0 0 0 0 0 0 0 0 0 0 0 0 0 0 0 0 0 0 0 0 0 0 0 0 0 0 0 0 0 0 0 0 0 0 0 0 0 0 0 0 0 0 0 0 0 0 0 0 0 0 0 0 0 0 21 15 23 18 
21 26 26 22 0 0 0 0 0 0 0 0 0 0 0 0 0 0 0 0 0 0 0 0 0 0 0 0 0 0 0 0 0 0 0 0 0 0 0 0 0 0 0 0 0 0 0 0 0 0 0 0 0 0 0 0 0 0 0 0 
0 0 0 0 0 0 0 0 18 28 16 19 17 10 25 13 14 12 12 12 12 27 20 29 17 10 21 15 14 26 11 17 26 26 29 27 0 0 0 0 22 13 22 25 16 14 14 15 0 0 0 0 14 25 16 12 0 0 0 0 
0 0 0 0 0 0 0 0 0 0 0 0 0 0 0 0 0 0 0 0 0 0 0 0 0 0 0 0 29 10 27 30 0 0 0 0 12 29 11 30 0 0 0 0 0 0 0 0 12 13 16 29 0 0 0 0 0 0 0 0 
0 0 0 0 19 20 30 25 10 17 11 14 0 0 0 0 0 0 0 0 0 0 0 0 21 18 21 16 12 30 22 16 21 19 12 18 30 21 29 17 0 0 0 0 10 12 13 10 0 0 0 0 30 17 23 19 0 0 0 0 
0 0 0 0 0 0 0 0 0 0 0 0 0 0 0 0 0 0 0 0 0 0 0 0 0 0 0 0 0 0 0 0 0 0 0 0 0 0 0 0 0 0 0 0 0 0 0 0 0 0 0 0 0 0 0 0 19 19 17 15 
27 22 29 10 0 0 0 0 0 0 0 0 0 0 0 0 0 0 0 0 0 0 0 0 0 0 0 0 0 0 0 0 0 0 0 0 0 0 0 0 0 0 0 0 0 0 0 0 0 0 0 0 0 0 0 0 0 0 0 0 
0 0 0 0 0 0 0 0 0 0 0 0 0 0 0 0 10 19 20 10 0 0 0 0 0 0 0 0 0 0 0 0 0 0 0 0 0 0 0 0 0 0 0 0 0 0 0 0 0 0 0 0 0 0 0 0 0 0 0 0 
0 0 0 0 0 0 0 0 0 0 0 0 0 0 0 0 20 27 15 30 0 0 0 0 0 0 0 0 0 0 0 0 0 0 0 0 22 19 29 27 11 12 29 11 0 0 0 0 21 19 18 11 15 20 22 17 0 0 0 0 
0 0 0 0 20 16 12 10 0 0 0 0 19 29 22 18 0 0 0 0 26 27 29 12 0 0 0 0 29 22 15 21 0 0 0 0 19 26 28 23 14 19 29 15 25 27 17 19 22 28 25 10 0 0 0 0 0 0 0 0 
0 0 0 0 0 0 0 0 0 0 0 0 0 0 0 0 0 0 0 0 0 0 0 0 0 0 0 0 0 0 0 0 0 0 0 0 0 0 0 0 0 0 0 0 0 0 0 0 0 0 0 0 0 0 0 0 28 30 26 27 
25 17 12 12 0 0 0 0 0 0 0 0 0 0 0 0 0 0 0 0 0 0 0 0 0 0 0 0 0 0 0 0 0 0 0 0 0 0 0 0 0 0 0 0 0 0 0 0 0 0 0 0 0 0 0 0 0 0 0 0 
0 0 0 0 23 16 22 23 16 11 19 11 0 0 0 0 0 0 0 0 28 12 23 14 22 22 26 24 30 17 29 27 29 14 28 15 10 17 16 16 10 15 14 14 13 18 29 18 0 0 0 0 0 0 0 0 0 0 0 0 
0 0 0 0 30 12 20 30 0 0 0 0 0 0 0 0 0 0 0 0 0 0 0 0 0 0 0 0 0 0 0 0 29 16 16 24 0 0 0 0 0 0 0 0 0 0 0 0 0 0 0 0 0 0 0 0 0 0 0 0 
0 0 0 0 0 0 0 0 0 0 0 0 18 11 28 25 23 26 18 30 0 0 0 0 12 28 29 24 0 0 0 0 30 19 27 24 11 18 25 20 0 0 0 0 30 28 10 24 14 16 23 23 10 26 18 17 0 0 0 0 
0 0 0 0 0 0 0 0 0 0 0 0 0 0 0 0 0 0 0 0 0 0 0 0 0 0 0 0 0 0 0 0 0 0 0 0 0 0 0 0 0 0 0 0 0 0 0 0 0 0 0 0 0 0 0 0 24 28 18 20 
16 24 13 26 0 0 0 0 0 0 0 0 0 0 0 0 0 0 0 0 0 0 0 0 0 0 0 0 0 0 0 0 0 0 0 0 0 0 0 0 0 0 0 0 0 0 0 0 0 0 0 0 0 0 0 0 0 0 0 0 
0 0 0 0 25 30 14 27 13 18 30 18 23 27 30 25 13 17 26 30 16 14 23 14 0 0 0 0 17 11 14 30 14 16 13 17 17 13 19 22 13 29 16 19 21 13 17 22 14 15 28 24 30 19 30 20 0 0 0 0 
0 0 0 0 25 14 21 27 18 15 16 25 25 21 27 17 18 12 28 11 18 17 25 19 0 0 0 0 17 26 13 18 23 19 27 27 0 0 0 0 0 0 0 0 0 0 0 0 22 11 13 28 17 28 23 27 0 0 0 0 
0 0 0 0 0 0 0 0 0 0 0 0 13 12 27 13 0 0 0 0 11 16 11 24 25 12 10 18 0 0 0 0 19 17 16 21 29 10 19 18 22 19 20 26 0 0 0 0 0 0 0 0 0 0 0 0 0 0 0 0 
0 0 0 0 0 0 0 0 0 0 0 0 0 0 0 0 0 0 0 0 0 0 0 0 0 0 0 0 0 0 0 0 0 0 0 0 0 0 0 0 0 0 0 0 0 0 0 0 0 0 0 0 0 0 0 0 21 27 22 23 
24 18 14 15 0 0 0 0 0 0 0 0 0 0 0 0 0 0 0 0 0 0 0 0 0 0 0 0 0 0 0 0 0 0 0 0 0 0 0 0 0 0 0 0 0 0 0 0 0 0 0 0 0 0 0 0 0 0 0 0 
0 0 0 0 0 0 0 0 30 13 28 27 0 0 0 0 14 10 13 15 29 19 28 23 28 29 30 20 20 19 29 22 22 17 27 11 0 0 0 0 0 0 0 0 0 0 0 0 27 27 11 25 12 24 27 30 0 0 0 0 
0 0 0 0 0 0 0 0 0 0 0 0 21 28 11 21 21 16 27 21 0 0 0 0 0 0 0 0 0 0 0 0 0 0 0 0 0 0 0 0 0 0 0 0 25 13 21 29 15 16 20 20 30 30 19 11 0 0 0 0 
0 0 0 0 19 24 28 25 26 25 11 26 14 29 16 28 11 19 15 12 17 14 30 23 28 10 13 13 0 0 0 0 18 21 17 16 10 16 13 19 0 0 0 0 29 22 29 13 26 20 23 25 28 23 11 23 0 0 0 0 
0 0 0 0 0 0 0 0 0 0 0 0 0 0 0 0 0 0 0 0 0 0 0 0 0 0 0 0 0 0 0 0 0 0 0 0 0 0 0 0 0 0 0 0 0 0 0 0 0 0 0 0 0 0 0 0 15 24 30 13 
20 29 23 30 0 0 0 0 0 0 0 0 0 0 0 0 0 0 0 0 0 0 0 0 0 0 0 0 0 0 0 0 0 0 0 0 0 0 0 0 0 0 0 0 0 0 0 0 0 0 0 0 0 0 0 0 0 0 0 0 
0 0 0 0 24 22 29 30 0 0 0 0 22 14 29 10 0 0 0 0 20 30 17 22 0 0 0 0 30 21 16 19 12 16 19 23 0 0 0 0 0 0 0 0 26 29 17 14 0 0 0 0 0 0 0 0 0 0 0 0 
0 0 0 0 0 0 0 0 0 0 0 0 0 0 0 0 0 0 0 0 0 0 0 0 0 0 0 0 26 29 26 26 0 0 0 0 0 0 0 0 0 0 0 0 0 0 0 0 0 0 0 0 12 13 14 13 0 0 0 0 
0 0 0 0 0 0 0 0 0 0 0 0 22 27 30 18 20 26 13 29 0 0 0 0 0 0 0 0 0 0 0 0 0 0 0 0 0 0 0 0 0 0 0 0 0 0 0 0 0 0 0 0 0 0 0 0 0 0 0 0 
0 0 0 0 0 0 0 0 0 0 0 0 0 0 0 0 0 0 0 0 0 0 0 0 0 0 0 0 0 0 0 0 0 0 0 0 0 0 0 0 0 0 0 0 0 0 0 0 0 0 0 0 0 0 0 0 19 22 29 19 
18 14 12 20 0 0 0 0 0 0 0 0 0 0 0 0 0 0 0 0 0 0 0 0 0 0 0 0 0 0 0 0 0 0 0 0 0 0 0 0 0 0 0 0 0 0 0 0 0 0 0 0 0 0 0 0 0 0 0 0 
0 0 0 0 0 0 0 0 20 15 25 17 23 17 25 30 20 19 26 17 0 0 0 0 11 16 22 13 22 19 18 13 23 28 27 15 0 0 0 0 0 0 0 0 21 25 13 13 0 0 0 0 0 0 0 0 0 0 0 0 
0 0 0 0 15 19 13 13 0 0 0 0 0 0 0 0 21 28 27 16 0 0 0 0 29 27 13 11 16 29 25 18 29 11 15 24 0 0 0 0 0 0 0 0 0 0 0 0 0 0 0 0 0 0 0 0 0 0 0 0 
0 0 0 0 0 0 0 0 0 0 0 0 0 0 0 0 0 0 0 0 0 0 0 0 0 0 0 0 27 26 26 29 0 0 0 0 29 26 15 21 0 0 0 0 0 0 0 0 0 0 0 0 0 0 0 0 0 0 0 0 
0 0 0 0 0 0 0 0 0 0 0 0 0 0 0 0 0 0 0 0 0 0 0 0 0 0 0 0 0 0 0 0 0 0 0 0 0 0 0 0 0 0 0 0 0 0 0 0 0 0 0 0 0 0 0 0 14 15 11 12 
17 15 16 28 0 0 0 0 0 0 0 0 0 0 0 0 0 0 0 0 0 0 0 0 0 0 0 0 0 0 0 0 0 0 0 0 0 0 0 0 0 0 0 0 0 0 0 0 0 0 0 0 0 0 0 0 0 0 0 0 
0 0 0 0 0 0 0 0 10 26 16 27 0 0 0 0 0 0 0 0 22 24 24 19 13 20 12 29 0 0 0 0 0 0 0 0 21 18 10 13 0 0 0 0 21 14 13 27 21 28 26 13 0 0 0 0 0 0 0 0 
0 0 0 0 0 0 0 0 15 13 14 18 18 30 16 25 30 30 14 22 11 11 13 13 17 16 17 15 21 24 12 11 14 26 25 23 24 14 27 14 22 23 24 23 29 18 22 28 13 30 26 12 24 17 23 23 0 0 0 0 
0 0 0 0 0 0 0 0 0 0 0 0 0 0 0 0 29 14 18 10 10 11 23 28 0 0 0 0 16 29 22 14 27 13 23 26 0 0 0 0 0 0 0 0 10 11 28 26 0 0 0 0 0 0 0 0 0 0 0 0 
0 0 0 0 0 0 0 0 0 0 0 0 0 0 0 0 0 0 0 0 0 0 0 0 0 0 0 0 0 0 0 0 0 0 0 0 0 0 0 0 0 0 0 0 0 0 0 0 0 0 0 0 0 0 0 0 23 13 20 24 
22 22 25 18 0 0 0 0 0 0 0 0 0 0 0 0 0 0 0 0 0 0 0 0 0 0 0 0 0 0 0 0 0 0 0 0 0 0 0 0 0 0 0 0 0 0 0 0 0 0 0 0 0 0 0 0 0 0 0 0 
0 0 0 0 28 21 28 29 0 0 0 0 0 0 0 0 12 22 23 16 0 0 0 0 16 20 12 28 15 22 19 18 0 0 0 0 17 28 17 10 24 25 17 15 0 0 0 0 0 0 0 0 18 16 11 24 0 0 0 0 
0 0 0 0 0 0 0 0 0 0 0 0 0 0 0 0 22 25 26 23 0 0 0 0 0 0 0 0 0 0 0 0 0 0 0 0 19 25 30 15 29 19 13 12 0 0 0 0 0 0 0 0 0 0 0 0 0 0 0 0 
0 0 0 0 0 0 0 0 0 0 0 0 20 21 26 17 0 0 0 0 24 21 28 21 20 21 13 17 0 0 0 0 0 0 0 0 0 0 0 0 0 0 0 0 0 0 0 0 0 0 0 0 15 30 28 25 0 0 0 0 
0 0 0 0 0 0 0 0 0 0 0 0 0 0 0 0 0 0 0 0 0 0 0 0 0 0 0 0 0 0 0 0 0 0 0 0 0 0 0 0 0 0 0 0 0 0 0 0 0 0 0 0 0 0 0 0 11 12 26 23 
29 23 23 24 0 0 0 0 0 0 0 0 0 0 0 0 0 0 0 0 0 0 0 0 0 0 0 0 0 0 0 0 0 0 0 0 0 0 0 0 0 0 0 0 0 0 0 0 0 0 0 0 0 0 0 0 0 0 0 0 
0 0 0 0 27 17 12 28 29 10 10 15 26 13 15 30 12 25 13 28 25 24 25 24 16 14 17 22 21 26 24 11 25 27 15 24 26 15 12 16 18 28 16 18 29 18 13 12 13 28 18 27 27 16 25 25 0 0 0 0 
0 0 0 0 16 30 10 15 0 0 0 0 0 0 0 0 27 24 25 13 17 28 16 24 29 25 26 25 10 21 10 30 0 0 0 0 27 24 15 22 0 0 0 0 20 21 29 23 23 21 30 23 18 24 30 20 0 0 0 0 
0 0 0 0 25 20 14 11 10 26 20 26 12 19 18 14 0 0 0 0 13 20 29 25 27 17 10 20 24 25 25 19 29 17 17 24 17 29 12 26 20 17 10 16 10 24 20 24 15 17 23 13 15 14 16 18 0 0 0 0 
0 0 0 0 0 0 0 0 0 0 0 0 0 0 0 0 0 0 0 0 0 0 0 0 0 0 0 0 0 0 0 0 0 0 0 0 0 0 0 0 0 0 0 0 0 0 0 0 0 0 0 0 0 0 0 0 13 26 13 19 
13 19 25 17 0 0 0 0 0 0 0 0 0 0 0 0 0 0 0 0 0 0 0 0 0 0 0 0 0 0 0 0 0 0 0 0 0 0 0 0 0 0 0 0 0 0 0 0 0 0 0 0 0 0 0 0 0 0 0 0 
0 0 0 0 0 0 0 0 23 19 17 26 0 0 0 0 0 0 0 0 0 0 0 0 0 0 0 0 0 0 0 0 0 0 0 0 0 0 0 0 0 0 0 0 22 26 23 21 0 0 0 0 0 0 0 0 0 0 0 0 
0 0 0 0 0 0 0 0 16 22 25 29 0 0 0 0 28 11 30 25 16 25 21 30 0 0 0 0 0 0 0 0 19 30 25 16 0 0 0 0 11 21 17 17 11 27 15 27 0 0 0 0 27 17 24 24 0 0 0 0 
0 0 0 0 21 16 12 13 14 13 23 30 16 27 16 18 13 18 23 28 19 24 19 15 23 18 11 30 10 26 21 28 30 23 30 26 19 11 30 24 30 10 24 30 28 27 15 10 24 14 29 23 24 30 26 29 0 0 0 0 
0 0 0 0 0 0 0 0 0 0 0 0 0 0 0 0 0 0 0 0 0 0 0 0 0 0 0 0 0 0 0 0 0 0 0 0 0 0 0 0 0 0 0 0 0 0 0 0 0 0 0 0 0 0 0 0 10 15 22 24 
20 17 30 30 0 0 0 0 0 0 0 0 0 0 0 0 0 0 0 0 0 0 0 0 0 0 0 0 0 0 0 0 0 0 0 0 0 0 0 0 0 0 0 0 0 0 0 0 0 0 0 0 0 0 0 0 0 0 0 0 
0 0 0 0 27 14 21 28 0 0 0 0 21 27 26 14 28 12 20 10 17 18 28 13 26 10 21 13 26 20 20 30 0 0 0 0 11 12 11 27 21 17 11 17 29 24 30 12 25 19 17 18 18 24 30 16 0 0 0 0 
0 0 0 0 0 0 0 0 0 0 0 0 25 17 12 24 0 0 0 0 0 0 0 0 0 0 0 0 0 0 0 0 0 0 0 0 0 0 0 0 0 0 0 0 0 0 0 0 0 0 0 0 13 14 12 24 0 0 0 0 
0 0 0 0 21 15 21 12 0 0 0 0 0 0 0 0 22 24 29 23 0 0 0 0 17 13 29 15 0 0 0 0 0 0 0 0 15 27 16 18 24 21 30 18 0 0 0 0 0 0 0 0 0 0 0 0 0 0 0 0 
0 0 0 0 0 0 0 0 0 0 0 0 0 0 0 0 0 0 0 0 0 0 0 0 0 0 0 0 0 0 0 0 0 0 0 0 0 0 0 0 0 0 0 0 0 0 0 0 0 0 0 0 0 0 0 0 19 23 15 17 
14 11 18 23 0 0 0 0 0 0 0 0 0 0 0 0 0 0 0 0 0 0 0 0 0 0 0 0 0 0 0 0 0 0 0 0 0 0 0 0 0 0 0 0 0 0 0 0 0 0 0 0 0 0 0 0 0 0 0 0 
0 0 0 0 11 13 11 16 27 11 21 18 17 30 23 29 0 0 0 0 28 13 27 30 18 12 28 21 30 26 10 14 22 21 24 25 29 25 18 22 24 19 16 13 25 29 18 25 26 25 10 26 0 0 0 0 0 0 0 0 
0 0 0 0 0 0 0 0 0 0 0 0 0 0 0 0 0 0 0 0 0 0 0 0 0 0 0 0 12 27 27 19 0 0 0 0 0 0 0 0 0 0 0 0 0 0 0 0 0 0 0 0 0 0 0 0 0 0 0 0 
0 0 0 0 0 0 0 0 0 0 0 0 0 0 0 0 0 0 0 0 0 0 0 0 0 0 0 0 19 26 21 26 0 0 0 0 0 0 0 0 0 0 0 0 0 0 0 0 0 0 0 0 0 0 0 0 0 0 0 0 
0 0 0 0 0 0 0 0 0 0 0 0 0 0 0 0 0 0 0 0 0 0 0 0 0 0 0 0 0 0 0 0 0 0 0 0 0 0 0 0 0 0 0 0 0 0 0 0 0 0 0 0 0 0 0 0 16 26 18 29 
12 11 26 24 0 0 0 0 0 0 0 0 0 0 0 0 0 0 0 0 0 0 0 0 0 0 0 0 0 0 0 0 0 0 0 0 0 0 0 0 0 0 0 0 0 0 0 0 0 0 0 0 0 0 0 0 0 0 0 0 
0 0 0 0 16 11 18 13 0 0 0 0 14 12 14 28 0 0 0 0 20 11 15 17 29 17 18 27 0 0 0 0 24 18 21 28 22 12 23 13 21 22 27 18 20 22 24 20 0 0 0 0 20 18 14 24 0 0 0 0 
0 0 0 0 0 0 0 0 0 0 0 0 0 0 0 0 0 0 0 0 0 0 0 0 0 0 0 0 0 0 0 0 0 0 0 0 0 0 0 0 0 0 0 0 0 0 0 0 12 13 14 24 0 0 0 0 0 0 0 0 
0 0 0 0 30 23 23 28 21 27 14 22 0 0 0 0 0 0 0 0 19 11 23 29 14 11 29 26 0 0 0 0 19 21 13 16 28 24 18 18 0 0 0 0 25 23 15 29 25 16 28 27 28 22 23 20 0 0 0 0 
0 0 0 0 0 0 0 0 0 0 0 0 0 0 0 0 0 0 0 0 0 0 0 0 0 0 0 0 0 0 0 0 0 0 0 0 0 0 0 0 0 0 0 0 0 0 0 0 0 0 0 0 0 0 0 0 22 12 24 30 
21 24 13 10 0 0 0 0 0 0 0 0 0 0 0 0 0 0 0 0 0 0 0 0 0 0 0 0 0 0 0 0 0 0 0 0 0 0 0 0 0 0 0 0 0 0 0 0 0 0 0 0 0 0 0 0 0 0 0 0 
0 0 0 0 0 0 0 0 23 17 20 24 26 11 21 26 16 20 29 13 30 12 18 28 23 11 17 18 13 13 25 19 14 22 15 19 0 0 0 0 15 25 27 20 16 19 23 25 30 22 28 10 0 0 0 0 0 0 0 0 
0 0 0 0 24 16 27 17 12 24 25 23 22 23 10 22 13 22 18 22 17 10 25 27 14 17 11 23 11 18 16 17 0 0 0 0 0 0 0 0 13 20 14 11 25 16 21 14 0 0 0 0 0 0 0 0 0 0 0 0 
0 0 0 0 0 0 0 0 0 0 0 0 0 0 0 0 28 12 25 26 0 0 0 0 29 10 16 28 19 27 16 13 0 0 0 0 0 0 0 0 11 19 23 25 16 20 11 12 29 26 12 19 0 0 0 0 0 0 0 0 
0 0 0 0 0 0 0 0 0 0 0 0 0 0 0 0 0 0 0 0 0 0 0 0 0 0 0 0 0 0 0 0 0 0 0 0 0 0 0 0 0 0 0 0 0 0 0 0 0 0 0 0 0 0 0 0 19 23 17 15 
24 14 13 29 0 0 0 0 0 0 0 0 0 0 0 0 0 0 0 0 0 0 0 0 0 0 0 0 0 0 0 0 0 0 0 0 0 0 0 0 0 0 0 0 0 0 0 0 0 0 0 0 0 0 0 0 0 0 0 0 
0 0 0 0 0 0 0 0 28 19 19 17 0 0 0 0 0 0 0 0 13 25 23 15 16 28 18 12 0 0 0 0 0 0 0 0 0 0 0 0 18 27 23 11 0 0 0 0 0 0 0 0 0 0 0 0 0 0 0 0 
0 0 0 0 23 23 24 11 29 18 27 20 0 0 0 0 23 10 20 26 26 10 20 12 22 30 10 24 0 0 0 0 0 0 0 0 15 22 12 15 0 0 0 0 13 20 19 11 23 24 28 29 0 0 0 0 0 0 0 0 
0 0 0 0 0 0 0 0 0 0 0 0 24 18 24 26 0 0 0 0 26 22 22 19 0 0 0 0 0 0 0 0 0 0 0 0 0 0 0 0 12 11 14 25 25 28 28 30 0 0 0 0 0 0 0 0 0 0 0 0 
0 0 0 0 0 0 0 0 0 0 0 0 0 0 0 0 0 0 0 0 0 0 0 0 0 0 0 0 0 0 0 0 0 0 0 0 0 0 0 0 0 0 0 0 0 0 0 0 0 0 0 0 0 0 0 0 16 26 19 18 
30 29 23 11 0 0 0 0 0 0 0 0 0 0 0 0 0 0 0 0 0 0 0 0 0 0 0 0 0 0 0 0 0 0 0 0 0 0 0 0 0 0 0 0 0 0 0 0 0 0 0 0 0 0 0 0 0 0 0 0 
0 0 0 0 0 0 0 0 0 0 0 0 14 28 30 15 24 12 28 21 0 0 0 0 12 22 24 29 22 23 11 29 23 22 16 21 22 26 29 19 22 22 20 29 0 0 0 0 19 24 13 15 15 14 14 21 0 0 0 0 
0 0 0 0 15 13 13 19 25 29 20 19 28 12 22 28 11 10 18 21 10 10 28 26 16 15 29 17 19 10 21 18 10 29 22 26 0 0 0 0 14 25 25 14 22 27 23 10 15 27 15 20 30 22 14 27 0 0 0 0 
0 0 0 0 0 0 0 0 19 25 24 14 0 0 0 0 0 0 0 0 0 0 0 0 0 0 0 0 0 0 0 0 0 0 0 0 0 0 0 0 0 0 0 0 0 0 0 0 23 20 15 12 0 0 0 0 0 0 0 0 
0 0 0 0 0 0 0 0 0 0 0 0 0 0 0 0 0 0 0 0 0 0 0 0 0 0 0 0 0 0 0 0 0 0 0 0 0 0 0 0 0 0 0 0 0 0 0 0 0 0 0 0 0 0 0 0 15 20 23 22 
11 24 26 22 0 0 0 0 0 0 0 0 0 0 0 0 0 0 0 0 0 0 0 0 0 0 0 0 0 0 0 0 0 0 0 0 0 0 0 0 0 0 0 0 0 0 0 0 0 0 0 0 0 0 0 0 0 0 0 0 
0 0 0 0 0 0 0 0 25 11 23 24 0 0 0 0 0 0 0 0 19 11 15 26 0 0 0 0 0 0 0 0 28 24 30 11 0 0 0 0 0 0 0 0 20 14 21 17 0 0 0 0 30 10 22 11 0 0 0 0 
0 0 0 0 25 10 14 11 28 29 12 12 14 20 15 29 27 30 14 14 17 29 14 16 12 13 11 30 0 0 0 0 27 29 11 25 15 20 17 28 30 14 14 23 0 0 0 0 25 15 20 27 18 23 24 12 0 0 0 0 
0 0 0 0 12 24 28 30 28 27 26 21 11 16 23 28 25 26 24 28 0 0 0 0 0 0 0 0 19 15 24 29 10 23 23 16 24 18 26 18 0 0 0 0 0 0 0 0 30 24 10 21 0 0 0 0 0 0 0 0 
0 0 0 0 0 0 0 0 0 0 0 0 0 0 0 0 0 0 0 0 0 0 0 0 0 0 0 0 0 0 0 0 0 0 0 0 0 0 0 0 0 0 0 0 0 0 0 0 0 0 0 0 0 0 0 0 12 24 30 27 
22 26 16 17 0 0 0 0 0 0 0 0 0 0 0 0 0 0 0 0 0 0 0 0 0 0 0 0 0 0 0 0 0 0 0 0 0 0 0 0 0 0 0 0 0 0 0 0 0 0 0 0 0 0 0 0 0 0 0 0 
0 0 0 0 0 0 0 0 0 0 0 0 0 0 0 0 0 0 0 0 0 0 0 0 0 0 0 0 0 0 0 0 29 30 13 21 27 11 29 17 0 0 0 0 0 0 0 0 0 0 0 0 0 0 0 0 0 0 0 0 
0 0 0 0 0 0 0 0 22 15 15 15 0 0 0 0 20 22 12 13 0 0 0 0 20 13 11 21 0 0 0 0 25 16 25 27 0 0 0 0 21 14 18 13 21 15 13 16 30 25 24 10 0 0 0 0 0 0 0 0 
0 0 0 0 11 29 20 23 18 21 13 19 0 0 0 0 19 22 13 28 25 16 25 15 0 0 0 0 21 24 19 12 30 13 23 19 10 29 24 19 0 0 0 0 18 25 30 26 26 22 30 29 0 0 0 0 0 0 0 0 
0 0 0 0 0 0 0 0 0 0 0 0 0 0 0 0 0 0 0 0 0 0 0 0 0 0 0 0 0 0 0 0 0 0 0 0 0 0 0 0 0 0 0 0 0 0 0 0 0 0 0 0 0 0 0 0 10 15 20 25 
15 18 25 16 0 0 0 0 0 0 0 0 0 0 0 0 0 0 0 0 0 0 0 0 0 0 0 0 0 0 0 0 0 0 0 0 0 0 0 0 0 0 0 0 0 0 0 0 0 0 0 0 0 0 0 0 0 0 0 0 
0 0 0 0 23 29 17 13 15 14 12 11 22 14 29 11 26 10 12 17 10 16 23 13 19 26 18 18 21 23 18 11 28 14 18 16 11 15 13 13 23 29 27 21 18 18 17 19 20 13 26 24 19 23 22 29 0 0 0 0 
0 0 0 0 12 25 24 12 11 21 17 10 15 11 17 25 20 29 28 28 21 21 20 13 16 11 23 29 29 10 17 29 30 22 13 28 21 27 29 21 21 15 23 26 27 12 19 15 15 22 19 14 15 13 27 20 0 0 0 0 
0 0 0 0 0 0 0 0 0 0 0 0 0 0 0 0 0 0 0 0 0 0 0 0 0 0 0 0 0 0 0 0 0 0 0 0 0 0 0 0 0 0 0 0 0 0 0 0 11 27 17 20 0 0 0 0 0 0 0 0 
0 0 0 0 0 0 0 0 0 0 0 0 0 0 0 0 0 0 0 0 0 0 0 0 0 0 0 0 0 0 0 0 0 0 0 0 0 0 0 0 0 0 0 0 0 0 0 0 0 0 0 0 0 0 0 0 18 17 15 16 
14 12 15 11 0 0 0 0 0 0 0 0 0 0 0 0 0 0 0 0 0 0 0 0 0 0 0 0 0 0 0 0 0 0 0 0 0 0 0 0 0 0 0 0 0 0 0 0 0 0 0 0 0 0 0 0 0 0 0 0 
0 0 0 0 21 30 20 13 0 0 0 0 27 29 23 15 0 0 0 0 18 21 15 21 0 0 0 0 27 30 21 23 0 0 0 0 17 15 11 25 21 15 18 27 0 0 0 0 14 27 12 21 17 25 12 13 0 0 0 0 
0 0 0 0 0 0 0 0 18 27 27 29 0 0 0 0 12 26 10 16 26 30 27 28 30 20 14 14 24 29 16 23 13 25 20 24 0 0 0 0 0 0 0 0 0 0 0 0 20 28 19 24 24 15 14 16 0 0 0 0 
0 0 0 0 11 16 19 30 0 0 0 0 17 20 30 23 0 0 0 0 0 0 0 0 0 0 0 0 0 0 0 0 0 0 0 0 0 0 0 0 0 0 0 0 19 27 27 30 0 0 0 0 18 30 11 14 0 0 0 0 
0 0 0 0 0 0 0 0 0 0 0 0 0 0 0 0 0 0 0 0 0 0 0 0 0 0 0 0 0 0 0 0 0 0 0 0 0 0 0 0 0 0 0 0 0 0 0 0 0 0 0 0 0 0 0 0 29 10 30 12 
20 29 16 21 0 0 0 0 0 0 0 0 0 0 0 0 0 0 0 0 0 0 0 0 0 0 0 0 0 0 0 0 0 0 0 0 0 0 0 0 0 0 0 0 0 0 0 0 0 0 0 0 0 0 0 0 0 0 0 0 
0 0 0 0 0 0 0 0 19 12 25 14 30 30 19 11 0 0 0 0 12 30 28 25 0 0 0 0 18 30 23 26 0 0 0 0 15 22 19 25 17 22 27 20 26 28 24 15 0 0 0 0 25 27 19 14 0 0 0 0 
0 0 0 0 22 10 21 27 0 0 0 0 11 17 24 19 0 0 0 0 0 0 0 0 24 12 19 11 23 29 10 12 0 0 0 0 16 19 13 28 25 25 30 15 25 14 13 24 19 28 27 23 0 0 0 0 0 0 0 0 
0 0 0 0 0 0 0 0 0 0 0 0 18 30 10 26 0 0 0 0 0 0 0 0 0 0 0 0 0 0 0 0 0 0 0 0 0 0 0 0 0 0 0 0 0 0 0 0 28 13 25 11 0 0 0 0 0 0 0 0 
0 0 0 0 0 0 0 0 0 0 0 0 0 0 0 0 0 0 0 0 0 0 0 0 0 0 0 0 0 0 0 0 0 0 0 0 0 0 0 0 0 0 0 0 0 0 0 0 0 0 0 0 0 0 0 0 25 21 29 30 
25 24 26 27 0 0 0 0 0 0 0 0 0 0 0 0 0 0 0 0 0 0 0 0 0 0 0 0 0 0 0 0 0 0 0 0 0 0 0 0 0 0 0 0 0 0 0 0 0 0 0 0 0 0 0 0 0 0 0 0 
0 0 0 0 0 0 0 0 0 0 0 0 15 21 13 11 0 0 0 0 0 0 0 0 0 0 0 0 13 21 21 25 0 0 0 0 0 0 0 0 14 11 24 22 0 0 0 0 0 0 0 0 27 15 30 13 0 0 0 0 
0 0 0 0 0 0 0 0 11 23 13 18 0 0 0 0 19 25 27 18 0 0 0 0 0 0 0 0 17 13 15 25 13 26 25 30 0 0 0 0 0 0 0 0 19 16 14 23 0 0 0 0 0 0 0 0 0 0 0 0 
0 0 0 0 16 28 28 15 0 0 0 0 22 15 17 23 0 0 0 0 0 0 0 0 0 0 0 0 0 0 0 0 0 0 0 0 0 0 0 0 0 0 0 0 0 0 0 0 28 25 21 23 0 0 0 0 0 0 0 0 
0 0 0 0 0 0 0 0 0 0 0 0 0 0 0 0 0 0 0 0 0 0 0 0 0 0 0 0 0 0 0 0 0 0 0 0 0 0 0 0 0 0 0 0 0 0 0 0 0 0 0 0 0 0 0 0 22 14 15 19 
21 14 17 23 0 0 0 0 0 0 0 0 0 0 0 0 0 0 0 0 0 0 0 0 0 0 0 0 0 0 0 0 0 0 0 0 0 0 0 0 0 0 0 0 0 0 0 0 0 0 0 0 0 0 0 0 0 0 0 0 
0 0 0 0 24 20 28 15 29 20 23 25 18 16 11 20 12 26 25 17 14 18 21 16 11 18 28 16 16 21 21 26 11 17 21 16 18 25 26 19 12 26 17 14 14 17 13 14 0 0 0 0 0 0 0 0 0 0 0 0 
0 0 0 0 26 12 25 20 26 26 14 23 19 30 21 20 29 28 20 17 25 22 20 27 15 12 15 23 0 0 0 0 19 16 19 13 13 11 15 17 21 30 17 20 22 22 21 10 12 11 21 18 16 18 14 25 0 0 0 0 
0 0 0 0 0 0 0 0 0 0 0 0 0 0 0 0 24 21 27 12 0 0 0 0 0 0 0 0 0 0 0 0 12 24 15 23 0 0 0 0 22 13 26 22 0 0 0 0 29 26 23 24 0 0 0 0 0 0 0 0 
0 0 0 0 0 0 0 0 0 0 0 0 0 0 0 0 0 0 0 0 0 0 0 0 0 0 0 0 0 0 0 0 0 0 0 0 0 0 0 0 0 0 0 0 0 0 0 0 0 0 0 0 0 0 0 0 24 26 16 14 
18 26 20 24 0 0 0 0 0 0 0 0 0 0 0 0 0 0 0 0 0 0 0 0 0 0 0 0 0 0 0 0 0 0 0 0 0 0 0 0 0 0 0 0 0 0 0 0 0 0 0 0 0 0 0 0 0 0 0 0 
0 0 0 0 18 18 17 23 0 0 0 0 17 30 14 16 0 0 0 0 0 0 0 0 19 17 22 11 0 0 0 0 0 0 0 0 0 0 0 0 0 0 0 0 0 0 0 0 0 0 0 0 30 24 11 12 0 0 0 0 
0 0 0 0 0 0 0 0 0 0 0 0 24 10 26 23 17 21 13 11 0 0 0 0 0 0 0 0 29 20 20 26 0 0 0 0 27 12 26 26 0 0 0 0 21 12 13 16 0 0 0 0 0 0 0 0 0 0 0 0 
0 0 0 0 20 27 18 25 12 29 26 12 26 19 11 15 0 0 0 0 13 14 27 25 19 18 30 24 27 21 12 19 22 16 27 30 23 25 10 23 20 26 19 25 11 10 10 21 0 0 0 0 23 30 21 17 0 0 0 0 
0 0 0 0 0 0 0 0 0 0 0 0 0 0 0 0 0 0 0 0 0 0 0 0 0 0 0 0 0 0 0 0 0 0 0 0 0 0 0 0 0 0 0 0 0 0 0 0 0 0 0 0 0 0 0 0 20 28 30 25 
19 13 26 29 0 0 0 0 0 0 0 0 0 0 0 0 0 0 0 0 0 0 0 0 0 0 0 0 0 0 0 0 0 0 0 0 0 0 0 0 0 0 0 0 0 0 0 0 0 0 0 0 0 0 0 0 0 0 0 0 
0 0 0 0 30 30 17 18 0 0 0 0 0 0 0 0 13 28 21 10 12 23 24 12 29 27 27 30 0 0 0 0 0 0 0 0 16 27 13 19 0 0 0 0 21 29 11 24 22 16 13 29 0 0 0 0 0 0 0 0 
0 0 0 0 29 10 20 24 0 0 0 0 18 16 23 20 30 19 15 27 23 28 22 28 0 0 0 0 0 0 0 0 0 0 0 0 0 0 0 0 16 30 16 18 22 13 27 19 13 14 10 24 0 0 0 0 0 0 0 0 
0 0 0 0 15 13 19 11 13 16 13 15 16 16 24 23 0 0 0 0 21 27 10 28 0 0 0 0 23 21 15 15 18 19 12 19 26 17 12 24 0 0 0 0 24 11 29 28 0 0 0 0 0 0 0 0 0 0 0 0 
0 0 0 0 0 0 0 0 0 0 0 0 0 0 0 0 0 0 0 0 0 0 0 0 0 0 0 0 0 0 0 0 0 0 0 0 0 0 0 0 0 0 0 0 0 0 0 0 0 0 0 0 0 0 0 0 27 12 24 16 
26 20 14 11 0 0 0 0 0 0 0 0 0 0 0 0 0 0 0 0 0 0 0 0 0 0 0 0 0 0 0 0 0 0 0 0 0 0 0 0 0 0 0 0 0 0 0 0 0 0 0 0 0 0 0 0 0 0 0 0 
0 0 0 0 0 0 0 0 21 30 17 19 10 27 30 12 0 0 0 0 0 0 0 0 26 22 25 11 0 0 0 0 0 0 0 0 0 0 0 0 0 0 0 0 0 0 0 0 0 0 0 0 0 0 0 0 0 0 0 0 
0 0 0 0 15 14 29 28 20 17 29 18 30 24 23 14 0 0 0 0 16 11 19 13 0 0 0 0 21 18 15 13 15 10 18 11 24 13 29 24 0 0 0 0 0 0 0 0 14 30 23 25 12 22 18 30 0 0 0 0 
0 0 0 0 14 30 27 11 25 23 21 11 15 23 19 19 27 25 11 27 0 0 0 0 28 18 27 25 26 17 16 20 14 21 17 22 20 21 29 21 0 0 0 0 22 16 24 15 26 19 19 25 0 0 0 0 0 0 0 0 
0 0 0 0 0 0 0 0 0 0 0 0 0 0 0 0 0 0 0 0 0 0 0 0 0 0 0 0 0 0 0 0 0 0 0 0 0 0 0 0 0 0 0 0 0 0 0 0 0 0 0 0 0 0 0 0 27 27 10 29 
26 11 25 19 0 0 0 0 0 0 0 0 0 0 0 0 0 0 0 0 0 0 0 0 0 0 0 0 0 0 0 0 0 0 0 0 0 0 0 0 0 0 0 0 0 0 0 0 0 0 0 0 0 0 0 0 0 0 0 0 
0 0 0 0 15 12 15 16 0 0 0 0 0 0 0 0 0 0 0 0 23 20 20 16 0 0 0 0 0 0 0 0 27 15 20 27 0 0 0 0 0 0 0 0 30 17 12 22 0 0 0 0 0 0 0 0 0 0 0 0 
0 0 0 0 0 0 0 0 0 0 0 0 0 0 0 0 0 0 0 0 0 0 0 0 0 0 0 0 0 0 0 0 10 29 10 28 16 30 14 21 0 0 0 0 0 0 0 0 24 19 10 16 0 0 0 0 0 0 0 0 
0 0 0 0 19 18 25 30 22 19 19 29 0 0 0 0 0 0 0 0 0 0 0 0 11 27 17 10 0 0 0 0 16 12 17 25 30 21 21 16 20 26 29 20 0 0 0 0 20 21 19 26 0 0 0 0 0 0 0 0 
0 0 0 0 0 0 0 0 0 0 0 0 0 0 0 0 0 0 0 0 0 0 0 0 0 0 0 0 0 0 0 0 0 0 0 0 0 0 0 0 0 0 0 0 0 0 0 0 0 0 0 0 0 0 0 0 22 18 12 18 
27 14 17 16 0 0 0 0 0 0 0 0 0 0 0 0 0 0 0 0 0 0 0 0 0 0 0 0 0 0 0 0 0 0 0 0 0 0 0 0 0 0 0 0 0 0 0 0 0 0 0 0 0 0 0 0 0 0 0 0 
0 0 0 0 17 17 22 29 0 0 0 0 22 30 28 24 22 28 20 22 0 0 0 0 15 27 16 14 25 30 23 16 0 0 0 0 0 0 0 0 0 0 0 0 0 0 0 0 24 24 10 26 0 0 0 0 0 0 0 0 
0 0 0 0 0 0 0 0 14 28 23 29 0 0 0 0 16 13 28 24 0 0 0 0 15 25 25 12 0 0 0 0 0 0 0 0 0 0 0 0 0 0 0 0 0 0 0 0 24 12 27 15 26 24 22 27 0 0 0 0 
0 0 0 0 0 0 0 0 0 0 0 0 13 10 18 19 0 0 0 0 0 0 0 0 0 0 0 0 0 0 0 0 12 11 14 24 11 17 16 13 11 26 15 12 0 0 0 0 0 0 0 0 0 0 0 0 0 0 0 0 
0 0 0 0 0 0 0 0 0 0 0 0 0 0 0 0 0 0 0 0 0 0 0 0 0 0 0 0 0 0 0 0 0 0 0 0 0 0 0 0 0 0 0 0 0 0 0 0 0 0 0 0 0 0 0 0 13 24 18 18 
26 29 11 17 0 0 0 0 0 0 0 0 0 0 0 0 0 0 0 0 0 0 0 0 0 0 0 0 0 0 0 0 0 0 0 0 0 0 0 0 0 0 0 0 0 0 0 0 0 0 0 0 0 0 0 0 0 0 0 0 
0 0 0 0 0 0 0 0 12 15 21 21 0 0 0 0 0 0 0 0 27 18 24 27 0 0 0 0 0 0 0 0 0 0 0 0 0 0 0 0 0 0 0 0 0 0 0 0 23 18 26 24 0 0 0 0 0 0 0 0 
0 0 0 0 0 0 0 0 0 0 0 0 0 0 0 0 11 14 27 10 0 0 0 0 24 27 25 16 0 0 0 0 0 0 0 0 0 0 0 0 11 27 16 28 22 13 21 12 23 24 21 28 0 0 0 0 0 0 0 0 
0 0 0 0 0 0 0 0 0 0 0 0 23 26 27 22 0 0 0 0 0 0 0 0 21 25 29 18 0 0 0 0 0 0 0 0 27 10 22 24 21 13 28 14 28 29 18 18 0 0 0 0 21 11 17 28 0 0 0 0 
0 0 0 0 0 0 0 0 0 0 0 0 0 0 0 0 0 0 0 0 0 0 0 0 0 0 0 0 0 0 0 0 0 0 0 0 0 0 0 0 0 0 0 0 0 0 0 0 0 0 0 0 0 0 0 0 14 24 11 23 
11 13 24 13 0 0 0 0 0 0 0 0 0 0 0 0 0 0 0 0 0 0 0 0 0 0 0 0 0 0 0 0 0 0 0 0 0 0 0 0 0 0 0 0 0 0 0 0 0 0 0 0 0 0 0 0 0 0 0 0 
0 0 0 0 0 0 0 0 0 0 0 0 0 0 0 0 0 0 0 0 0 0 0 0 0 0 0 0 0 0 0 0 24 17 25 24 11 28 24 21 0 0 0 0 0 0 0 0 0 0 0 0 0 0 0 0 0 0 0 0 
0 0 0 0 30 27 21 29 0 0 0 0 25 23 26 30 26 12 14 23 10 27 14 27 21 16 10 10 0 0 0 0 0 0 0 0 27 30 24 18 28 16 21 17 0 0 0 0 0 0 0 0 0 0 0 0 0 0 0 0 
0 0 0 0 0 0 0 0 0 0 0 0 0 0 0 0 0 0 0 0 13 28 13 19 0 0 0 0 0 0 0 0 0 0 0 0 15 20 23 19 23 20 25 18 16 26 29 21 15 13 22 20 0 0 0 0 0 0 0 0 
0 0 0 0 0 0 0 0 0 0 0 0 0 0 0 0 0 0 0 0 0 0 0 0 0 0 0 0 0 0 0 0 0 0 0 0 0 0 0 0 0 0 0 0 0 0 0 0 0 0 0 0 0 0 0 0 12 15 13 14 
20 21 14 14 0 0 0 0 0 0 0 0 0 0 0 0 0 0 0 0 0 0 0 0 0 0 0 0 0 0 0 0 0 0 0 0 0 0 0 0 0 0 0 0 0 0 0 0 0 0 0 0 0 0 0 0 0 0 0 0 
0 0 0 0 0 0 0 0 0 0 0 0 0 0 0 0 13 21 13 14 0 0 0 0 0 0 0 0 0 0 0 0 0 0 0 0 0 0 0 0 0 0 0 0 0 0 0 0 0 0 0 0 0 0 0 0 0 0 0 0 
0 0 0 0 0 0 0 0 22 29 22 11 26 30 20 11 12 24 27 17 25 13 12 28 0 0 0 0 21 27 18 28 0 0 0 0 0 0 0 0 20 12 30 24 22 15 24 25 22 12 26 26 18 19 10 18 0 0 0 0 
0 0 0 0 10 18 27 30 0 0 0 0 0 0 0 0 0 0 0 0 12 15 10 17 0 0 0 0 0 0 0 0 0 0 0 0 29 27 27 24 23 13 14 14 0 0 0 0 27 23 17 21 0 0 0 0 0 0 0 0 
0 0 0 0 0 0 0 0 0 0 0 0 0 0 0 0 0 0 0 0 0 0 0 0 0 0 0 0 0 0 0 0 0 0 0 0 0 0 0 0 0 0 0 0 0 0 0 0 0 0 0 0 0 0 0 0 22 28 12 28 
19 23 18 12 0 0 0 0 0 0 0 0 0 0 0 0 0 0 0 0 0 0 0 0 0 0 0 0 0 0 0 0 0 0 0 0 0 0 0 0 0 0 0 0 0 0 0 0 0 0 0 0 0 0 0 0 0 0 0 0 
0 0 0 0 17 29 30 10 27 11 13 28 14 17 30 21 10 26 14 18 11 24 20 19 27 11 28 17 23 18 11 26 18 10 30 13 17 11 21 27 17 15 18 28 0 0 0 0 15 27 19 11 16 11 18 11 0 0 0 0 
0 0 0 0 14 26 18 11 26 16 18 26 27 19 16 30 29 29 12 15 14 26 11 28 18 15 13 16 30 25 19 27 16 21 10 19 18 14 14 18 27 13 18 20 19 27 28 26 19 24 16 29 17 15 28 22 0 0 0 0 
0 0 0 0 15 26 13 30 0 0 0 0 0 0 0 0 23 24 14 25 28 28 15 10 17 27 24 14 0 0 0 0 0 0 0 0 0 0 0 0 0 0 0 0 0 0 0 0 27 30 26 26 0 0 0 0 0 0 0 0 
0 0 0 0 0 0 0 0 0 0 0 0 0 0 0 0 0 0 0 0 0 0 0 0 0 0 0 0 0 0 0 0 0 0 0 0 0 0 0 0 0 0 0 0 0 0 0 0 0 0 0 0 0 0 0 0 22 21 15 10 
29 15 25 25 0 0 0 0 0 0 0 0 0 0 0 0 0 0 0 0 0 0 0 0 0 0 0 0 0 0 0 0 0 0 0 0 0 0 0 0 0 0 0 0 0 0 0 0 0 0 0 0 0 0 0 0 0 0 0 0 
0 0 0 0 25 21 19 24 0 0 0 0 10 12 24 28 28 19 15 13 25 22 14 21 12 28 22 12 19 24 13 21 16 21 28 16 20 12 19 26 21 24 14 21 30 13 27 28 0 0 0 0 17 19 27 16 0 0 0 0 
0 0 0 0 15 12 18 23 0 0 0 0 0 0 0 0 0 0 0 0 28 14 30 22 26 14 25 26 30 11 15 15 0 0 0 0 20 13 13 10 19 15 21 21 27 27 13 13 11 15 17 30 0 0 0 0 0 0 0 0 
0 0 0 0 14 21 21 22 14 19 22 26 22 12 29 12 20 10 30 15 21 23 26 24 30 23 24 23 25 10 14 20 10 22 15 11 27 23 29 26 25 10 19 14 14 18 18 25 17 14 10 15 21 12 27 11 0 0 0 0 
0 0 0 0 0 0 0 0 0 0 0 0 0 0 0 0 0 0 0 0 0 0 0 0 0 0 0 0 0 0 0 0 0 0 0 0 0 0 0 0 0 0 0 0 0 0 0 0 0 0 0 0 0 0 0 0 20 24 11 25 
10 25 22 27 0 0 0 0 0 0 0 0 0 0 0 0 0 0 0 0 0 0 0 0 0 0 0 0 0 0 0 0 0 0 0 0 0 0 0 0 0 0 0 0 0 0 0 0 0 0 0 0 0 0 0 0 0 0 0 0 
0 0 0 0 0 0 0 0 0 0 0 0 0 0 0 0 10 28 29 18 0 0 0 0 10 28 18 12 24 23 29 30 0 0 0 0 0 0 0 0 0 0 0 0 19 29 21 30 16 23 28 29 0 0 0 0 0 0 0 0 
0 0 0 0 25 10 10 23 22 15 20 18 21 20 24 21 17 19 21 24 24 22 23 25 0 0 0 0 13 30 25 17 20 26 10 17 17 13 30 29 30 17 22 16 24 29 19 21 17 19 29 26 16 29 20 28 0 0 0 0 
0 0 0 0 0 0 0 0 16 25 19 21 0 0 0 0 0 0 0 0 0 0 0 0 0 0 0 0 0 0 0 0 0 0 0 0 29 25 24 29 0 0 0 0 0 0 0 0 0 0 0 0 0 0 0 0 0 0 0 0 
0 0 0 0 0 0 0 0 0 0 0 0 0 0 0 0 0 0 0 0 0 0 0 0 0 0 0 0 0 0 0 0 0 0 0 0 0 0 0 0 0 0 0 0 0 0 0 0 0 0 0 0 0 0 0 0 20 24 18 14 
26 18 15 28 0 0 0 0 0 0 0 0 0 0 0 0 0 0 0 0 0 0 0 0 0 0 0 0 0 0 0 0 0 0 0 0 0 0 0 0 0 0 0 0 0 0 0 0 0 0 0 0 0 0 0 0 0 0 0 0 
0 0 0 0 0 0 0 0 0 0 0 0 0 0 0 0 0 0 0 0 23 18 11 17 0 0 0 0 0 0 0 0 0 0 0 0 0 0 0 0 24 19 17 13 0 0 0 0 0 0 0 0 0 0 0 0 0 0 0 0 
0 0 0 0 19 10 30 12 0 0 0 0 29 11 29 18 10 10 15 29 0 0 0 0 26 10 25 18 0 0 0 0 0 0 0 0 0 0 0 0 25 13 27 14 29 13 23 26 0 0 0 0 0 0 0 0 0 0 0 0 
0 0 0 0 12 21 27 13 30 18 14 14 17 17 26 10 26 10 13 30 16 11 26 17 22 11 30 28 24 29 27 30 25 19 25 13 14 27 23 24 24 19 27 18 27 15 22 25 30 16 11 18 21 25 23 20 0 0 0 0 
0 0 0 0 0 0 0 0 0 0 0 0 0 0 0 0 0 0 0 0 0 0 0 0 0 0 0 0 0 0 0 0 0 0 0 0 0 0 0 0 0 0 0 0 0 0 0 0 0 0 0 0 0 0 0 0 15 20 28 12 
14 25 21 16 0 0 0 0 0 0 0 0 0 0 0 0 0 0 0 0 0 0 0 0 0 0 0 0 0 0 0 0 0 0 0 0 0 0 0 0 0 0 0 0 0 0 0 0 0 0 0 0 0 0 0 0 0 0 0 0 
0 0 0 0 10 26 15 26 10 10 14 10 25 10 10 24 24 15 25 30 0 0 0 0 28 11 13 12 22 26 18 11 0 0 0 0 0 0 0 0 30 26 16 30 21 28 30 21 0 0 0 0 0 0 0 0 0 0 0 0 
0 0 0 0 26 25 14 20 18 15 29 11 11 18 18 11 0 0 0 0 21 23 16 30 15 18 12 12 23 14 10 21 26 26 14 21 13 24 28 23 26 16 14 26 28 26 23 11 22 12 28 16 0 0 0 0 0 0 0 0 
0 0 0 0 10 29 30 24 20 10 18 16 28 14 21 19 0 0 0 0 0 0 0 0 18 24 21 27 0 0 0 0 0 0 0 0 22 15 27 26 30 25 30 30 27 11 18 25 0 0 0 0 0 0 0 0 0 0 0 0 
0 0 0 0 0 0 0 0 0 0 0 0 0 0 0 0 0 0 0 0 0 0 0 0 0 0 0 0 0 0 0 0 0 0 0 0 0 0 0 0 0 0 0 0 0 0 0 0 0 0 0 0 0 0 0 0 23 12 14 30 
30 20 12 10 0 0 0 0 0 0 0 0 0 0 0 0 0 0 0 0 0 0 0 0 0 0 0 0 0 0 0 0 0 0 0 0 0 0 0 0 0 0 0 0 0 0 0 0 0 0 0 0 0 0 0 0 0 0 0 0 
0 0 0 0 0 0 0 0 0 0 0 0 0 0 0 0 0 0 0 0 0 0 0 0 0 0 0 0 0 0 0 0 0 0 0 0 0 0 0 0 14 20 10 16 30 24 11 16 0 0 0 0 0 0 0 0 0 0 0 0 
0 0 0 0 0 0 0 0 22 22 20 12 28 19 24 19 12 10 22 12 22 17 27 13 26 13 25 10 23 11 26 30 22 15 17 29 22 14 11 25 15 27 11 18 14 27 10 15 0 0 0 0 26 18 13 14 0 0 0 0 
0 0 0 0 0 0 0 0 19 14 13 30 22 27 17 14 0 0 0 0 28 21 11 10 0 0 0 0 30 15 17 18 22 11 16 21 0 0 0 0 19 27 14 25 25 16 13 13 25 22 11 27 20 17 30 27 0 0 0 0 
0 0 0 0 0 0 0 0 0 0 0 0 0 0 0 0 0 0 0 0 0 0 0 0 0 0 0 0 0 0 0 0 0 0 0 0 0 0 0 0 0 0 0 0 0 0 0 0 0 0 0 0 0 0 0 0 23 23 28 10 
11 21 21 21 0 0 0 0 0 0 0 0 0 0 0 0 0 0 0 0 0 0 0 0 0 0 0 0 0 0 0 0 0 0 0 0 0 0 0 0 0 0 0 0 0 0 0 0 0 0 0 0 0 0 0 0 0 0 0 0 
0 0 0 0 0 0 0 0 14 22 25 20 11 14 15 24 11 16 20 28 16 30 17 27 26 13 26 17 28 30 13 29 26 15 22 19 27 17 24 29 21 25 16 27 26 23 28 22 29 24 11 25 25 24 14 21 0 0 0 0 
0 0 0 0 0 0 0 0 26 30 15 28 29 26 10 11 12 20 28 20 30 20 16 29 16 13 28 14 14 18 12 15 15 25 23 15 30 18 15 20 27 17 18 22 30 23 18 30 19 20 14 20 17 30 20 12 0 0 0 0 
0 0 0 0 0 0 0 0 0 0 0 0 0 0 0 0 18 29 29 11 0 0 0 0 0 0 0 0 0 0 0 0 0 0 0 0 0 0 0 0 0 0 0 0 0 0 0 0 0 0 0 0 0 0 0 0 0 0 0 0 
0 0 0 0 0 0 0 0 0 0 0 0 0 0 0 0 0 0 0 0 0 0 0 0 0 0 0 0 0 0 0 0 0 0 0 0 0 0 0 0 0 0 0 0 0 0 0 0 0 0 0 0 0 0 0 0 27 27 12 14 
12 24 19 13 0 0 0 0 0 0 0 0 0 0 0 0 0 0 0 0 0 0 0 0 0 0 0 0 0 0 0 0 0 0 0 0 0 0 0 0 0 0 0 0 0 0 0 0 0 0 0 0 0 0 0 0 0 0 0 0 
0 0 0 0 0 0 0 0 0 0 0 0 0 0 0 0 0 0 0 0 0 0 0 0 28 11 20 10 0 0 0 0 0 0 0 0 30 27 18 23 0 0 0 0 11 26 13 30 0 0 0 0 0 0 0 0 0 0 0 0 
0 0 0 0 21 21 19 21 17 15 15 24 22 15 15 25 24 21 13 17 0 0 0 0 0 0 0 0 0 0 0 0 17 21 19 29 22 29 15 25 0 0 0 0 17 15 24 23 0 0 0 0 24 23 16 19 0 0 0 0 
0 0 0 0 0 0 0 0 0 0 0 0 0 0 0 0 0 0 0 0 0 0 0 0 0 0 0 0 0 0 0 0 0 0 0 0 0 0 0 0 0 0 0 0 0 0 0 0 0 0 0 0 23 25 20 11 0 0 0 0 
0 0 0 0 0 0 0 0 0 0 0 0 0 0 0 0 0 0 0 0 0 0 0 0 0 0 0 0 0 0 0 0 0 0 0 0 0 0 0 0 0 0 0 0 0 0 0 0 0 0 0 0 0 0 0 0 17 16 20 13 
11 29 12 17 0 0 0 0 0 0 0 0 0 0 0 0 0 0 0 0 0 0 0 0 0 0 0 0 0 0 0 0 0 0 0 0 0 0 0 0 0 0 0 0 0 0 0 0 0 0 0 0 0 0 0 0 0 0 0 0 
0 0 0 0 18 22 11 10 26 18 23 30 0 0 0 0 13 15 30 21 15 12 20 15 23 23 18 15 0 0 0 0 28 26 25 20 0 0 0 0 24 12 24 27 14 23 12 12 17 24 19 18 13 30 14 13 0 0 0 0 
0 0 0 0 22 17 15 23 15 30 17 22 0 0 0 0 29 28 13 27 30 30 15 20 10 30 29 15 17 24 20 13 19 24 17 25 13 22 15 17 0 0 0 0 20 28 25 29 26 17 30 26 0 0 0 0 0 0 0 0 
0 0 0 0 14 22 23 21 0 0 0 0 0 0 0 0 13 14 18 21 20 12 18 26 20 11 19 21 28 25 27 19 0 0 0 0 25 28 17 14 15 28 15 30 0 0 0 0 10 18 17 27 24 22 23 14 0 0 0 0 
0 0 0 0 0 0 0 0 0 0 0 0 0 0 0 0 0 0 0 0 0 0 0 0 0 0 0 0 0 0 0 0 0 0 0 0 0 0 0 0 0 0 0 0 0 0 0 0 0 0 0 0 0 0 0 0 13 15 14 10 
13 14 12 20 0 0 0 0 0 0 0 0 0 0 0 0 0 0 0 0 0 0 0 0 0 0 0 0 0 0 0 0 0 0 0 0 0 0 0 0 0 0 0 0 0 0 0 0 0 0 0 0 0 0 0 0 0 0 0 0 
0 0 0 0 0 0 0 0 27 29 20 13 0 0 0 0 28 24 11 28 18 28 29 20 0 0 0 0 0 0 0 0 14 22 20 29 27 22 14 10 0 0 0 0 20 26 28 27 15 10 15 15 17 21 13 28 0 0 0 0 
0 0 0 0 20 21 23 18 19 13 17 27 30 29 18 10 23 14 30 11 18 26 12 19 26 15 23 10 18 14 24 13 14 10 25 29 12 22 10 12 20 27 14 22 14 28 29 18 0 0 0 0 20 10 16 23 0 0 0 0 
0 0 0 0 12 12 27 11 15 11 12 29 28 15 14 18 28 26 14 10 21 21 19 20 16 29 30 17 10 30 21 26 19 10 12 27 17 13 28 21 19 16 24 27 29 19 29 29 11 19 14 25 13 29 18 12 0 0 0 0 
0 0 0 0 0 0 0 0 0 0 0 0 0 0 0 0 0 0 0 0 0 0 0 0 0 0 0 0 0 0 0 0 0 0 0 0 0 0 0 0 0 0 0 0 0 0 0 0 0 0 0 0 0 0 0 0 25 25 25 28 
19 14 25 26 0 0 0 0 0 0 0 0 0 0 0 0 0 0 0 0 0 0 0 0 0 0 0 0 0 0 0 0 0 0 0 0 0 0 0 0 0 0 0 0 0 0 0 0 0 0 0 0 0 0 0 0 0 0 0 0 
0 0 0 0 11 14 21 22 16 13 12 30 0 0 0 0 21 16 16 12 22 14 22 11 16 12 16 15 14 28 21 23 10 28 10 27 14 16 12 27 24 24 26 22 0 0 0 0 26 15 24 20 19 23 20 13 0 0 0 0 
0 0 0 0 22 18 24 12 25 12 17 28 15 22 11 25 15 15 20 14 14 15 14 23 10 23 13 29 0 0 0 0 0 0 0 0 18 26 14 30 16 30 24 29 30 30 19 26 17 12 11 26 26 21 18 23 0 0 0 0 
0 0 0 0 0 0 0 0 10 22 23 23 0 0 0 0 0 0 0 0 0 0 0 0 10 25 17 23 10 26 17 25 0 0 0 0 26 15 29 14 29 22 13 20 0 0 0 0 28 15 28 20 0 0 0 0 0 0 0 0 
0 0 0 0 0 0 0 0 0 0 0 0 0 0 0 0 0 0 0 0 0 0 0 0 0 0 0 0 0 0 0 0 0 0 0 0 0 0 0 0 0 0 0 0 0 0 0 0 0 0 0 0 0 0 0 0 21 19 19 29 
14 23 27 23 0 0 0 0 0 0 0 0 0 0 0 0 0 0 0 0 0 0 0 0 0 0 0 0 0 0 0 0 0 0 0 0 0 0 0 0 0 0 0 0 0 0 0 0 0 0 0 0 0 0 0 0 0 0 0 0 
0 0 0 0 0 0 0 0 14 20 17 17 21 25 25 22 15 15 13 30 0 0 0 0 0 0 0 0 0 0 0 0 0 0 0 0 0 0 0 0 0 0 0 0 23 12 28 15 0 0 0 0 27 12 18 23 0 0 0 0 
0 0 0 0 27 23 20 25 0 0 0 0 0 0 0 0 0 0 0 0 0 0 0 0 0 0 0 0 0 0 0 0 11 25 30 12 29 22 17 16 0 0 0 0 0 0 0 0 0 0 0 0 0 0 0 0 0 0 0 0 
0 0 0 0 10 18 15 29 21 14 15 30 0 0 0 0 0 0 0 0 0 0 0 0 0 0 0 0 16 10 19 22 0 0 0 0 0 0 0 0 0 0 0 0 0 0 0 0 30 10 28 12 0 0 0 0 0 0 0 0 
0 0 0 0 0 0 0 0 0 0 0 0 0 0 0 0 0 0 0 0 0 0 0 0 0 0 0 0 0 0 0 0 0 0 0 0 0 0 0 0 0 0 0 0 0 0 0 0 0 0 0 0 0 0 0 0 17 11 17 29 
12 16 19 17 0 0 0 0 0 0 0 0 0 0 0 0 0 0 0 0 0 0 0 0 0 0 0 0 0 0 0 0 0 0 0 0 0 0 0 0 0 0 0 0 0 0 0 0 0 0 0 0 0 0 0 0 0 0 0 0 
0 0 0 0 0 0 0 0 0 0 0 0 26 26 12 18 0 0 0 0 0 0 0 0 28 19 28 19 18 27 15 17 27 10 29 10 0 0 0 0 24 14 18 29 0 0 0 0 0 0 0 0 0 0 0 0 0 0 0 0 
0 0 0 0 16 18 20 16 24 11 25 20 21 17 25 13 20 16 27 24 12 13 15 19 0 0 0 0 15 28 14 30 30 27 27 22 29 12 22 15 15 30 29 30 18 14 20 25 25 18 14 17 14 12 11 19 0 0 0 0 
0 0 0 0 0 0 0 0 0 0 0 0 23 25 21 15 0 0 0 0 15 24 14 26 0 0 0 0 0 0 0 0 14 22 21 25 0 0 0 0 0 0 0 0 0 0 0 0 0 0 0 0 10 13 12 19 0 0 0 0 
0 0 0 0 0 0 0 0 0 0 0 0 0 0 0 0 0 0 0 0 0 0 0 0 0 0 0 0 0 0 0 0 0 0 0 0 0 0 0 0 0 0 0 0 0 0 0 0 0 0 0 0 0 0 0 0 12 22 17 10 
16 17 28 14 0 0 0 0 0 0 0 0 0 0 0 0 0 0 0 0 0 0 0 0 0 0 0 0 0 0 0 0 0 0 0 0 0 0 0 0 0 0 0 0 0 0 0 0 0 0 0 0 0 0 0 0 0 0 0 0 
0 0 0 0 14 17 24 23 23 20 12 14 30 12 30 27 25 20 21 27 0 0 0 0 20 26 12 28 20 21 27 30 16 19 17 26 13 20 30 22 18 17 11 19 27 25 14 24 23 11 22 13 12 24 30 26 0 0 0 0 
0 0 0 0 30 29 27 26 19 30 22 24 24 11 21 28 30 12 17 15 28 19 25 19 19 18 27 20 18 22 15 13 19 11 26 26 21 12 21 19 19 18 15 11 17 28 15 14 27 14 10 15 19 29 10 10 0 0 0 0 
0 0 0 0 0 0 0 0 0 0 0 0 0 0 0 0 0 0 0 0 0 0 0 0 0 0 0 0 0 0 0 0 0 0 0 0 0 0 0 0 13 11 24 19 10 22 16 14 0 0 0 0 0 0 0 0 0 0 0 0 
0 0 0 0 0 0 0 0 0 0 0 0 0 0 0 0 0 0 0 0 0 0 0 0 0 0 0 0 0 0 0 0 0 0 0 0 0 0 0 0 0 0 0 0 0 0 0 0 0 0 0 0 0 0 0 0 15 20 16 13 
24 11 17 27 0 0 0 0 0 0 0 0 0 0 0 0 0 0 0 0 0 0 0 0 0 0 0 0 0 0 0 0 0 0 0 0 0 0 0 0 0 0 0 0 0 0 0 0 0 0 0 0 0 0 0 0 0 0 0 0 
0 0 0 0 0 0 0 0 0 0 0 0 0 0 0 0 22 27 25 20 0 0 0 0 0 0 0 0 0 0 0 0 0 0 0 0 0 0 0 0 0 0 0 0 29 19 29 27 0 0 0 0 25 19 17 25 0 0 0 0 
0 0 0 0 0 0 0 0 0 0 0 0 28 17 30 24 0 0 0 0 14 23 22 24 0 0 0 0 0 0 0 0 0 0 0 0 17 11 25 16 0 0 0 0 29 22 21 18 23 24 14 19 24 28 11 30 0 0 0 0 
0 0 0 0 20 30 12 30 11 15 23 15 12 19 26 21 18 15 27 16 0 0 0 0 10 23 29 17 11 18 20 18 0 0 0 0 0 0 0 0 27 19 21 10 13 17 21 20 0 0 0 0 0 0 0 0 0 0 0 0 
0 0 0 0 0 0 0 0 0 0 0 0 0 0 0 0 0 0 0 0 0 0 0 0 0 0 0 0 0 0 0 0 0 0 0 0 0 0 0 0 0 0 0 0 0 0 0 0 0 0 0 0 0 0 0 0 12 16 30 22 
16 18 15 25 0 0 0 0 0 0 0 0 0 0 0 0 0 0 0 0 0 0 0 0 0 0 0 0 0 0 0 0 0 0 0 0 0 0 0 0 0 0 0 0 0 0 0 0 0 0 0 0 0 0 0 0 0 0 0 0 
0 0 0 0 25 15 15 21 21 21 10 11 24 17 17 15 21 18 13 24 0 0 0 0 14 28 22 13 0 0 0 0 21 12 20 10 29 16 11 12 12 21 24 10 24 25 21 19 12 18 30 12 29 30 21 19 0 0 0 0 
0 0 0 0 24 18 11 30 13 15 12 24 12 23 15 15 12 15 15 12 10 27 23 27 12 16 21 22 21 14 17 28 29 20 26 16 13 18 21 27 0 0 0 0 12 30 13 25 26 14 12 18 13 25 20 12 0 0 0 0 
0 0 0 0 27 17 22 27 25 10 22 30 15 25 21 25 13 30 24 18 10 28 24 20 15 26 18 21 10 29 26 26 28 10 30 20 19 17 24 27 14 27 30 15 26 26 13 13 11 17 19 28 19 11 30 16 0 0 0 0 
0 0 0 0 0 0 0 0 0 0 0 0 0 0 0 0 0 0 0 0 0 0 0 0 0 0 0 0 0 0 0 0 0 0 0 0 0 0 0 0 0 0 0 0 0 0 0 0 0 0 0 0 0 0 0 0 13 18 12 28
---------------------
 
Processing cost   (0 -- non-optional machine)
Rows: sequential for each operation of each part; Columns: correspond to machine number
12 14 15 16 0 0 0 0 0 0 0 0 0 0 0 0 0 0 0 0 0 0 0 0 0 0 0 0 0 0 0 0 0 0 0 0 0 0 0 0 0 0 0 0 0 0 0 0 0 0 0 0 0 0 0 0 0 0 0 0 
0 0 0 0 12 18 15 20 0 0 0 0 0 0 0 0 0 0 0 0 16 18 12 13 0 0 0 0 0 0 0 0 18 15 14 12 18 10 18 10 18 10 20 12 18 15 15 19 14 10 15 14 0 0 0 0 0 0 0 0 
0 0 0 0 19 13 13 19 19 17 17 15 12 17 10 14 16 11 14 10 17 16 14 17 0 0 0 0 16 18 18 18 16 17 10 15 12 11 15 10 20 13 14 16 15 19 17 15 10 19 13 11 18 10 11 14 0 0 0 0 
0 0 0 0 0 0 0 0 10 17 20 19 15 14 14 20 11 18 14 19 12 12 10 18 12 14 18 11 0 0 0 0 20 15 15 14 10 15 13 12 17 16 16 15 20 18 10 12 11 10 17 16 11 18 11 19 0 0 0 0 
0 0 0 0 0 0 0 0 0 0 0 0 0 0 0 0 0 0 0 0 0 0 0 0 0 0 0 0 0 0 0 0 0 0 0 0 0 0 0 0 0 0 0 0 0 0 0 0 0 0 0 0 0 0 0 0 19 20 20 15 
16 19 14 19 0 0 0 0 0 0 0 0 0 0 0 0 0 0 0 0 0 0 0 0 0 0 0 0 0 0 0 0 0 0 0 0 0 0 0 0 0 0 0 0 0 0 0 0 0 0 0 0 0 0 0 0 0 0 0 0 
0 0 0 0 15 11 12 19 12 18 12 13 0 0 0 0 20 14 10 19 0 0 0 0 0 0 0 0 18 20 10 20 14 17 19 13 0 0 0 0 0 0 0 0 15 16 13 10 17 10 12 14 18 17 16 14 0 0 0 0 
0 0 0 0 17 11 15 20 16 17 12 20 20 16 16 18 16 10 16 20 18 20 12 15 14 18 17 11 12 20 12 18 19 20 11 13 16 11 13 10 0 0 0 0 16 20 13 10 20 18 14 16 20 14 17 14 0 0 0 0 
0 0 0 0 16 17 19 11 0 0 0 0 0 0 0 0 14 14 12 10 10 10 10 10 11 18 13 16 10 18 15 16 12 19 15 18 16 15 10 17 14 20 13 20 0 0 0 0 16 10 14 20 0 0 0 0 0 0 0 0 
0 0 0 0 0 0 0 0 0 0 0 0 0 0 0 0 0 0 0 0 0 0 0 0 0 0 0 0 0 0 0 0 0 0 0 0 0 0 0 0 0 0 0 0 0 0 0 0 0 0 0 0 0 0 0 0 16 16 14 20 
15 17 13 10 0 0 0 0 0 0 0 0 0 0 0 0 0 0 0 0 0 0 0 0 0 0 0 0 0 0 0 0 0 0 0 0 0 0 0 0 0 0 0 0 0 0 0 0 0 0 0 0 0 0 0 0 0 0 0 0 
0 0 0 0 0 0 0 0 11 18 12 12 18 14 15 17 12 10 16 17 17 16 12 14 13 15 12 17 20 12 15 10 15 13 15 12 0 0 0 0 10 19 12 18 20 19 12 11 0 0 0 0 12 11 18 16 0 0 0 0 
0 0 0 0 0 0 0 0 0 0 0 0 0 0 0 0 0 0 0 0 0 0 0 0 0 0 0 0 11 20 19 12 0 0 0 0 16 12 12 18 0 0 0 0 0 0 0 0 18 12 18 10 0 0 0 0 0 0 0 0 
0 0 0 0 16 17 15 19 12 16 13 10 0 0 0 0 0 0 0 0 0 0 0 0 11 13 19 12 14 13 12 18 13 19 17 17 14 18 19 14 0 0 0 0 12 14 11 18 0 0 0 0 17 19 17 12 0 0 0 0 
0 0 0 0 0 0 0 0 0 0 0 0 0 0 0 0 0 0 0 0 0 0 0 0 0 0 0 0 0 0 0 0 0 0 0 0 0 0 0 0 0 0 0 0 0 0 0 0 0 0 0 0 0 0 0 0 20 11 18 11 
19 14 14 14 0 0 0 0 0 0 0 0 0 0 0 0 0 0 0 0 0 0 0 0 0 0 0 0 0 0 0 0 0 0 0 0 0 0 0 0 0 0 0 0 0 0 0 0 0 0 0 0 0 0 0 0 0 0 0 0 
0 0 0 0 0 0 0 0 0 0 0 0 0 0 0 0 19 12 10 10 0 0 0 0 0 0 0 0 0 0 0 0 0 0 0 0 0 0 0 0 0 0 0 0 0 0 0 0 0 0 0 0 0 0 0 0 0 0 0 0 
0 0 0 0 0 0 0 0 0 0 0 0 0 0 0 0 17 16 19 11 0 0 0 0 0 0 0 0 0 0 0 0 0 0 0 0 17 14 16 13 15 16 13 16 0 0 0 0 12 12 11 16 18 17 11 10 0 0 0 0 
0 0 0 0 17 14 15 14 0 0 0 0 16 10 15 20 0 0 0 0 14 10 10 17 0 0 0 0 16 12 19 19 0 0 0 0 12 10 11 11 19 11 20 19 13 19 12 17 13 15 20 12 0 0 0 0 0 0 0 0 
0 0 0 0 0 0 0 0 0 0 0 0 0 0 0 0 0 0 0 0 0 0 0 0 0 0 0 0 0 0 0 0 0 0 0 0 0 0 0 0 0 0 0 0 0 0 0 0 0 0 0 0 0 0 0 0 20 16 16 12 
15 16 12 15 0 0 0 0 0 0 0 0 0 0 0 0 0 0 0 0 0 0 0 0 0 0 0 0 0 0 0 0 0 0 0 0 0 0 0 0 0 0 0 0 0 0 0 0 0 0 0 0 0 0 0 0 0 0 0 0 
0 0 0 0 20 18 13 14 19 11 19 10 0 0 0 0 0 0 0 0 18 18 13 15 12 19 16 17 18 19 19 17 17 19 15 13 15 17 18 11 13 12 10 16 19 10 10 20 0 0 0 0 0 0 0 0 0 0 0 0 
0 0 0 0 19 20 14 15 0 0 0 0 0 0 0 0 0 0 0 0 0 0 0 0 0 0 0 0 0 0 0 0 12 12 10 20 0 0 0 0 0 0 0 0 0 0 0 0 0 0 0 0 0 0 0 0 0 0 0 0 
0 0 0 0 0 0 0 0 0 0 0 0 18 10 11 14 18 17 12 11 0 0 0 0 14 10 10 11 0 0 0 0 14 17 16 10 20 11 10 13 0 0 0 0 14 15 14 14 17 14 19 12 11 18 14 20 0 0 0 0 
0 0 0 0 0 0 0 0 0 0 0 0 0 0 0 0 0 0 0 0 0 0 0 0 0 0 0 0 0 0 0 0 0 0 0 0 0 0 0 0 0 0 0 0 0 0 0 0 0 0 0 0 0 0 0 0 20 11 11 12 
19 18 17 16 0 0 0 0 0 0 0 0 0 0 0 0 0 0 0 0 0 0 0 0 0 0 0 0 0 0 0 0 0 0 0 0 0 0 0 0 0 0 0 0 0 0 0 0 0 0 0 0 0 0 0 0 0 0 0 0 
0 0 0 0 18 19 15 10 11 12 17 10 18 15 13 14 14 12 19 12 17 16 13 20 0 0 0 0 16 14 10 16 18 16 17 14 10 17 17 17 15 16 19 17 18 10 20 11 20 16 13 19 20 11 19 12 0 0 0 0 
0 0 0 0 20 17 13 10 16 11 19 19 11 19 13 14 17 14 12 15 10 18 20 11 0 0 0 0 11 10 20 17 18 10 19 18 0 0 0 0 0 0 0 0 0 0 0 0 14 16 11 18 17 10 19 15 0 0 0 0 
0 0 0 0 0 0 0 0 0 0 0 0 15 16 14 17 0 0 0 0 12 15 15 15 10 17 19 16 0 0 0 0 15 12 12 11 14 17 11 18 20 10 16 12 0 0 0 0 0 0 0 0 0 0 0 0 0 0 0 0 
0 0 0 0 0 0 0 0 0 0 0 0 0 0 0 0 0 0 0 0 0 0 0 0 0 0 0 0 0 0 0 0 0 0 0 0 0 0 0 0 0 0 0 0 0 0 0 0 0 0 0 0 0 0 0 0 18 19 14 10 
12 13 11 11 0 0 0 0 0 0 0 0 0 0 0 0 0 0 0 0 0 0 0 0 0 0 0 0 0 0 0 0 0 0 0 0 0 0 0 0 0 0 0 0 0 0 0 0 0 0 0 0 0 0 0 0 0 0 0 0 
0 0 0 0 0 0 0 0 20 16 10 16 0 0 0 0 16 17 17 17 20 12 19 19 15 18 19 18 20 15 18 11 11 15 18 12 0 0 0 0 0 0 0 0 0 0 0 0 12 11 16 11 16 11 19 15 0 0 0 0 
0 0 0 0 0 0 0 0 0 0 0 0 20 18 17 18 18 15 12 14 0 0 0 0 0 0 0 0 0 0 0 0 0 0 0 0 0 0 0 0 0 0 0 0 14 17 13 13 11 11 18 20 19 11 12 19 0 0 0 0 
0 0 0 0 13 16 13 12 18 18 13 12 14 18 14 16 12 11 20 11 16 11 20 19 16 20 12 16 0 0 0 0 19 13 10 14 11 18 16 18 0 0 0 0 18 10 16 11 10 12 16 13 15 10 14 10 0 0 0 0 
0 0 0 0 0 0 0 0 0 0 0 0 0 0 0 0 0 0 0 0 0 0 0 0 0 0 0 0 0 0 0 0 0 0 0 0 0 0 0 0 0 0 0 0 0 0 0 0 0 0 0 0 0 0 0 0 11 12 12 13 
13 10 13 18 0 0 0 0 0 0 0 0 0 0 0 0 0 0 0 0 0 0 0 0 0 0 0 0 0 0 0 0 0 0 0 0 0 0 0 0 0 0 0 0 0 0 0 0 0 0 0 0 0 0 0 0 0 0 0 0 
0 0 0 0 17 18 17 15 0 0 0 0 14 12 17 20 0 0 0 0 14 15 16 13 0 0 0 0 17 15 20 13 17 10 19 10 0 0 0 0 0 0 0 0 12 20 19 17 0 0 0 0 0 0 0 0 0 0 0 0 
0 0 0 0 0 0 0 0 0 0 0 0 0 0 0 0 0 0 0 0 0 0 0 0 0 0 0 0 10 20 10 17 0 0 0 0 0 0 0 0 0 0 0 0 0 0 0 0 0 0 0 0 14 15 18 17 0 0 0 0 
0 0 0 0 0 0 0 0 0 0 0 0 12 16 20 16 10 16 14 12 0 0 0 0 0 0 0 0 0 0 0 0 0 0 0 0 0 0 0 0 0 0 0 0 0 0 0 0 0 0 0 0 0 0 0 0 0 0 0 0 
0 0 0 0 0 0 0 0 0 0 0 0 0 0 0 0 0 0 0 0 0 0 0 0 0 0 0 0 0 0 0 0 0 0 0 0 0 0 0 0 0 0 0 0 0 0 0 0 0 0 0 0 0 0 0 0 10 10 20 13 
17 16 18 16 0 0 0 0 0 0 0 0 0 0 0 0 0 0 0 0 0 0 0 0 0 0 0 0 0 0 0 0 0 0 0 0 0 0 0 0 0 0 0 0 0 0 0 0 0 0 0 0 0 0 0 0 0 0 0 0 
0 0 0 0 0 0 0 0 16 17 10 14 15 14 14 12 20 16 18 14 0 0 0 0 10 10 16 17 10 20 18 20 14 11 20 13 0 0 0 0 0 0 0 0 11 12 17 10 0 0 0 0 0 0 0 0 0 0 0 0 
0 0 0 0 10 12 12 19 0 0 0 0 0 0 0 0 14 19 10 10 0 0 0 0 12 12 15 14 13 10 10 18 11 11 15 12 0 0 0 0 0 0 0 0 0 0 0 0 0 0 0 0 0 0 0 0 0 0 0 0 
0 0 0 0 0 0 0 0 0 0 0 0 0 0 0 0 0 0 0 0 0 0 0 0 0 0 0 0 12 17 18 15 0 0 0 0 18 12 13 15 0 0 0 0 0 0 0 0 0 0 0 0 0 0 0 0 0 0 0 0 
0 0 0 0 0 0 0 0 0 0 0 0 0 0 0 0 0 0 0 0 0 0 0 0 0 0 0 0 0 0 0 0 0 0 0 0 0 0 0 0 0 0 0 0 0 0 0 0 0 0 0 0 0 0 0 0 19 11 13 16 
12 18 13 20 0 0 0 0 0 0 0 0 0 0 0 0 0 0 0 0 0 0 0 0 0 0 0 0 0 0 0 0 0 0 0 0 0 0 0 0 0 0 0 0 0 0 0 0 0 0 0 0 0 0 0 0 0 0 0 0 
0 0 0 0 0 0 0 0 13 17 19 20 0 0 0 0 0 0 0 0 17 10 11 15 19 16 18 20 0 0 0 0 0 0 0 0 14 13 10 10 0 0 0 0 13 13 20 10 17 14 13 17 0 0 0 0 0 0 0 0 
0 0 0 0 0 0 0 0 17 13 10 17 13 17 20 17 10 20 14 16 13 20 14 13 10 13 17 20 18 14 20 17 11 19 16 16 13 19 13 18 14 14 13 15 18 18 10 20 13 12 12 12 12 10 11 13 0 0 0 0 
0 0 0 0 0 0 0 0 0 0 0 0 0 0 0 0 19 14 19 12 19 19 19 13 0 0 0 0 19 13 11 10 13 14 18 17 0 0 0 0 0 0 0 0 13 12 17 14 0 0 0 0 0 0 0 0 0 0 0 0 
0 0 0 0 0 0 0 0 0 0 0 0 0 0 0 0 0 0 0 0 0 0 0 0 0 0 0 0 0 0 0 0 0 0 0 0 0 0 0 0 0 0 0 0 0 0 0 0 0 0 0 0 0 0 0 0 15 11 16 13 
12 14 10 19 0 0 0 0 0 0 0 0 0 0 0 0 0 0 0 0 0 0 0 0 0 0 0 0 0 0 0 0 0 0 0 0 0 0 0 0 0 0 0 0 0 0 0 0 0 0 0 0 0 0 0 0 0 0 0 0 
0 0 0 0 19 11 13 15 0 0 0 0 0 0 0 0 10 10 17 14 0 0 0 0 20 12 15 14 14 12 15 14 0 0 0 0 15 19 14 12 20 12 18 11 0 0 0 0 0 0 0 0 15 15 15 14 0 0 0 0 
0 0 0 0 0 0 0 0 0 0 0 0 0 0 0 0 11 19 19 15 0 0 0 0 0 0 0 0 0 0 0 0 0 0 0 0 19 15 16 10 18 15 16 20 0 0 0 0 0 0 0 0 0 0 0 0 0 0 0 0 
0 0 0 0 0 0 0 0 0 0 0 0 19 17 13 17 0 0 0 0 15 14 11 12 19 19 12 18 0 0 0 0 0 0 0 0 0 0 0 0 0 0 0 0 0 0 0 0 0 0 0 0 14 15 17 12 0 0 0 0 
0 0 0 0 0 0 0 0 0 0 0 0 0 0 0 0 0 0 0 0 0 0 0 0 0 0 0 0 0 0 0 0 0 0 0 0 0 0 0 0 0 0 0 0 0 0 0 0 0 0 0 0 0 0 0 0 17 10 19 16 
11 13 12 10 0 0 0 0 0 0 0 0 0 0 0 0 0 0 0 0 0 0 0 0 0 0 0 0 0 0 0 0 0 0 0 0 0 0 0 0 0 0 0 0 0 0 0 0 0 0 0 0 0 0 0 0 0 0 0 0 
0 0 0 0 14 18 15 12 14 16 14 20 11 15 15 16 16 19 19 15 11 12 16 15 11 13 11 17 16 15 13 19 20 12 13 10 14 17 15 10 20 18 13 14 16 18 17 17 17 15 18 13 10 13 14 20 0 0 0 0 
0 0 0 0 10 15 10 10 0 0 0 0 0 0 0 0 12 12 17 13 10 15 14 15 20 14 15 17 20 16 16 10 0 0 0 0 19 11 14 13 0 0 0 0 15 10 17 16 15 10 17 11 13 12 18 17 0 0 0 0 
0 0 0 0 13 19 16 13 12 17 10 19 18 13 17 17 0 0 0 0 18 16 13 11 15 16 20 11 18 10 11 11 16 17 10 16 20 17 13 11 11 14 20 17 14 10 12 18 14 18 17 17 12 19 14 12 0 0 0 0 
0 0 0 0 0 0 0 0 0 0 0 0 0 0 0 0 0 0 0 0 0 0 0 0 0 0 0 0 0 0 0 0 0 0 0 0 0 0 0 0 0 0 0 0 0 0 0 0 0 0 0 0 0 0 0 0 12 15 11 10 
17 20 18 14 0 0 0 0 0 0 0 0 0 0 0 0 0 0 0 0 0 0 0 0 0 0 0 0 0 0 0 0 0 0 0 0 0 0 0 0 0 0 0 0 0 0 0 0 0 0 0 0 0 0 0 0 0 0 0 0 
0 0 0 0 0 0 0 0 19 18 18 18 0 0 0 0 0 0 0 0 0 0 0 0 0 0 0 0 0 0 0 0 0 0 0 0 0 0 0 0 0 0 0 0 13 16 19 11 0 0 0 0 0 0 0 0 0 0 0 0 
0 0 0 0 0 0 0 0 16 17 12 10 0 0 0 0 12 17 15 16 14 15 11 18 0 0 0 0 0 0 0 0 18 20 11 13 0 0 0 0 11 13 19 20 14 12 20 18 0 0 0 0 14 16 15 15 0 0 0 0 
0 0 0 0 19 13 20 10 17 17 16 19 11 15 19 19 12 20 18 13 15 10 18 13 12 12 17 10 19 15 19 19 19 11 16 13 11 18 17 14 12 10 14 20 14 17 20 20 10 10 11 13 10 12 11 18 0 0 0 0 
0 0 0 0 0 0 0 0 0 0 0 0 0 0 0 0 0 0 0 0 0 0 0 0 0 0 0 0 0 0 0 0 0 0 0 0 0 0 0 0 0 0 0 0 0 0 0 0 0 0 0 0 0 0 0 0 18 16 14 18 
11 10 11 16 0 0 0 0 0 0 0 0 0 0 0 0 0 0 0 0 0 0 0 0 0 0 0 0 0 0 0 0 0 0 0 0 0 0 0 0 0 0 0 0 0 0 0 0 0 0 0 0 0 0 0 0 0 0 0 0 
0 0 0 0 15 17 18 17 0 0 0 0 15 14 20 11 19 12 14 20 13 18 12 17 18 16 18 14 14 17 18 17 0 0 0 0 19 12 16 20 17 19 10 16 12 15 13 20 20 14 13 13 20 19 15 18 0 0 0 0 
0 0 0 0 0 0 0 0 0 0 0 0 12 15 14 16 0 0 0 0 0 0 0 0 0 0 0 0 0 0 0 0 0 0 0 0 0 0 0 0 0 0 0 0 0 0 0 0 0 0 0 0 15 12 16 17 0 0 0 0 
0 0 0 0 15 13 20 10 0 0 0 0 0 0 0 0 15 13 10 16 0 0 0 0 16 16 16 12 0 0 0 0 0 0 0 0 15 15 11 13 19 16 10 17 0 0 0 0 0 0 0 0 0 0 0 0 0 0 0 0 
0 0 0 0 0 0 0 0 0 0 0 0 0 0 0 0 0 0 0 0 0 0 0 0 0 0 0 0 0 0 0 0 0 0 0 0 0 0 0 0 0 0 0 0 0 0 0 0 0 0 0 0 0 0 0 0 16 17 18 16 
14 16 20 20 0 0 0 0 0 0 0 0 0 0 0 0 0 0 0 0 0 0 0 0 0 0 0 0 0 0 0 0 0 0 0 0 0 0 0 0 0 0 0 0 0 0 0 0 0 0 0 0 0 0 0 0 0 0 0 0 
0 0 0 0 15 20 14 20 10 13 14 18 20 12 11 13 0 0 0 0 13 15 12 19 17 14 16 16 15 17 10 14 16 16 18 20 18 14 17 15 17 14 14 19 12 18 15 13 12 20 16 12 0 0 0 0 0 0 0 0 
0 0 0 0 0 0 0 0 0 0 0 0 0 0 0 0 0 0 0 0 0 0 0 0 0 0 0 0 19 11 15 15 0 0 0 0 0 0 0 0 0 0 0 0 0 0 0 0 0 0 0 0 0 0 0 0 0 0 0 0 
0 0 0 0 0 0 0 0 0 0 0 0 0 0 0 0 0 0 0 0 0 0 0 0 0 0 0 0 19 17 13 17 0 0 0 0 0 0 0 0 0 0 0 0 0 0 0 0 0 0 0 0 0 0 0 0 0 0 0 0 
0 0 0 0 0 0 0 0 0 0 0 0 0 0 0 0 0 0 0 0 0 0 0 0 0 0 0 0 0 0 0 0 0 0 0 0 0 0 0 0 0 0 0 0 0 0 0 0 0 0 0 0 0 0 0 0 17 18 14 14 
12 20 17 17 0 0 0 0 0 0 0 0 0 0 0 0 0 0 0 0 0 0 0 0 0 0 0 0 0 0 0 0 0 0 0 0 0 0 0 0 0 0 0 0 0 0 0 0 0 0 0 0 0 0 0 0 0 0 0 0 
0 0 0 0 13 10 15 11 0 0 0 0 19 12 11 14 0 0 0 0 12 18 15 17 17 20 15 11 0 0 0 0 17 13 13 17 12 12 13 13 18 14 16 10 19 19 17 20 0 0 0 0 16 17 15 13 0 0 0 0 
0 0 0 0 0 0 0 0 0 0 0 0 0 0 0 0 0 0 0 0 0 0 0 0 0 0 0 0 0 0 0 0 0 0 0 0 0 0 0 0 0 0 0 0 0 0 0 0 20 13 10 14 0 0 0 0 0 0 0 0 
0 0 0 0 16 20 20 13 15 18 13 15 0 0 0 0 0 0 0 0 11 16 20 17 14 20 12 17 0 0 0 0 15 16 11 15 13 17 10 16 0 0 0 0 17 10 20 13 17 20 17 14 15 17 13 19 0 0 0 0 
0 0 0 0 0 0 0 0 0 0 0 0 0 0 0 0 0 0 0 0 0 0 0 0 0 0 0 0 0 0 0 0 0 0 0 0 0 0 0 0 0 0 0 0 0 0 0 0 0 0 0 0 0 0 0 0 17 19 13 16 
12 19 10 10 0 0 0 0 0 0 0 0 0 0 0 0 0 0 0 0 0 0 0 0 0 0 0 0 0 0 0 0 0 0 0 0 0 0 0 0 0 0 0 0 0 0 0 0 0 0 0 0 0 0 0 0 0 0 0 0 
0 0 0 0 0 0 0 0 16 17 18 16 12 11 14 13 10 15 14 13 19 18 10 18 16 14 16 14 20 19 15 11 15 19 16 16 0 0 0 0 14 13 18 15 12 15 19 13 12 13 10 12 0 0 0 0 0 0 0 0 
0 0 0 0 17 16 14 15 17 17 20 17 16 14 15 13 16 19 12 18 14 11 18 15 12 17 14 12 14 11 17 20 0 0 0 0 0 0 0 0 10 15 13 17 13 20 12 20 0 0 0 0 0 0 0 0 0 0 0 0 
0 0 0 0 0 0 0 0 0 0 0 0 0 0 0 0 19 12 18 12 0 0 0 0 17 19 11 12 15 15 10 20 0 0 0 0 0 0 0 0 17 18 20 15 15 18 13 10 20 13 17 13 0 0 0 0 0 0 0 0 
0 0 0 0 0 0 0 0 0 0 0 0 0 0 0 0 0 0 0 0 0 0 0 0 0 0 0 0 0 0 0 0 0 0 0 0 0 0 0 0 0 0 0 0 0 0 0 0 0 0 0 0 0 0 0 0 18 14 11 10 
18 19 16 14 0 0 0 0 0 0 0 0 0 0 0 0 0 0 0 0 0 0 0 0 0 0 0 0 0 0 0 0 0 0 0 0 0 0 0 0 0 0 0 0 0 0 0 0 0 0 0 0 0 0 0 0 0 0 0 0 
0 0 0 0 0 0 0 0 18 16 18 12 0 0 0 0 0 0 0 0 10 20 10 15 10 17 15 13 0 0 0 0 0 0 0 0 0 0 0 0 19 18 11 17 0 0 0 0 0 0 0 0 0 0 0 0 0 0 0 0 
0 0 0 0 16 14 18 16 12 11 18 19 0 0 0 0 12 11 18 17 16 20 10 15 14 17 18 10 0 0 0 0 0 0 0 0 11 12 15 14 0 0 0 0 17 13 11 12 19 11 17 13 0 0 0 0 0 0 0 0 
0 0 0 0 0 0 0 0 0 0 0 0 20 15 14 18 0 0 0 0 17 19 20 12 0 0 0 0 0 0 0 0 0 0 0 0 0 0 0 0 17 16 15 20 20 18 19 19 0 0 0 0 0 0 0 0 0 0 0 0 
0 0 0 0 0 0 0 0 0 0 0 0 0 0 0 0 0 0 0 0 0 0 0 0 0 0 0 0 0 0 0 0 0 0 0 0 0 0 0 0 0 0 0 0 0 0 0 0 0 0 0 0 0 0 0 0 18 12 18 14 
14 18 13 11 0 0 0 0 0 0 0 0 0 0 0 0 0 0 0 0 0 0 0 0 0 0 0 0 0 0 0 0 0 0 0 0 0 0 0 0 0 0 0 0 0 0 0 0 0 0 0 0 0 0 0 0 0 0 0 0 
0 0 0 0 0 0 0 0 0 0 0 0 19 12 16 13 16 10 20 19 0 0 0 0 15 17 13 20 18 18 12 10 19 11 19 11 14 18 12 14 16 13 15 12 0 0 0 0 20 13 19 12 10 20 11 10 0 0 0 0 
0 0 0 0 10 15 15 19 15 18 17 20 19 20 19 12 17 13 19 12 19 17 17 20 20 10 13 11 12 20 17 11 17 10 17 10 0 0 0 0 12 11 15 18 16 20 14 16 14 18 17 13 15 11 19 19 0 0 0 0 
0 0 0 0 0 0 0 0 20 14 19 17 0 0 0 0 0 0 0 0 0 0 0 0 0 0 0 0 0 0 0 0 0 0 0 0 0 0 0 0 0 0 0 0 0 0 0 0 20 10 18 16 0 0 0 0 0 0 0 0 
0 0 0 0 0 0 0 0 0 0 0 0 0 0 0 0 0 0 0 0 0 0 0 0 0 0 0 0 0 0 0 0 0 0 0 0 0 0 0 0 0 0 0 0 0 0 0 0 0 0 0 0 0 0 0 0 11 18 14 14 
15 16 19 14 0 0 0 0 0 0 0 0 0 0 0 0 0 0 0 0 0 0 0 0 0 0 0 0 0 0 0 0 0 0 0 0 0 0 0 0 0 0 0 0 0 0 0 0 0 0 0 0 0 0 0 0 0 0 0 0 
0 0 0 0 0 0 0 0 12 19 20 15 0 0 0 0 0 0 0 0 15 20 13 18 0 0 0 0 0 0 0 0 15 20 18 18 0 0 0 0 0 0 0 0 19 20 11 14 0 0 0 0 11 11 10 19 0 0 0 0 
0 0 0 0 13 19 15 17 18 13 18 14 10 16 16 11 13 11 18 17 14 14 14 19 19 15 13 13 0 0 0 0 10 11 11 10 10 14 10 14 20 10 19 12 0 0 0 0 10 13 15 18 11 17 10 20 0 0 0 0 
0 0 0 0 12 11 14 13 20 19 17 18 17 13 15 16 15 13 11 16 0 0 0 0 0 0 0 0 20 14 11 15 16 14 20 13 16 12 12 20 0 0 0 0 0 0 0 0 15 12 15 10 0 0 0 0 0 0 0 0 
0 0 0 0 0 0 0 0 0 0 0 0 0 0 0 0 0 0 0 0 0 0 0 0 0 0 0 0 0 0 0 0 0 0 0 0 0 0 0 0 0 0 0 0 0 0 0 0 0 0 0 0 0 0 0 0 15 18 14 19 
10 13 19 18 0 0 0 0 0 0 0 0 0 0 0 0 0 0 0 0 0 0 0 0 0 0 0 0 0 0 0 0 0 0 0 0 0 0 0 0 0 0 0 0 0 0 0 0 0 0 0 0 0 0 0 0 0 0 0 0 
0 0 0 0 0 0 0 0 0 0 0 0 0 0 0 0 0 0 0 0 0 0 0 0 0 0 0 0 0 0 0 0 19 18 11 15 19 10 11 18 0 0 0 0 0 0 0 0 0 0 0 0 0 0 0 0 0 0 0 0 
0 0 0 0 0 0 0 0 13 11 14 18 0 0 0 0 19 16 18 15 0 0 0 0 10 11 11 15 0 0 0 0 13 11 14 17 0 0 0 0 17 20 13 15 10 16 11 19 18 12 17 15 0 0 0 0 0 0 0 0 
0 0 0 0 10 14 10 11 11 12 12 11 0 0 0 0 16 20 11 10 18 13 14 15 0 0 0 0 17 17 20 14 15 10 20 12 14 18 11 19 0 0 0 0 13 10 16 11 14 14 15 14 0 0 0 0 0 0 0 0 
0 0 0 0 0 0 0 0 0 0 0 0 0 0 0 0 0 0 0 0 0 0 0 0 0 0 0 0 0 0 0 0 0 0 0 0 0 0 0 0 0 0 0 0 0 0 0 0 0 0 0 0 0 0 0 0 12 12 15 14 
13 20 18 11 0 0 0 0 0 0 0 0 0 0 0 0 0 0 0 0 0 0 0 0 0 0 0 0 0 0 0 0 0 0 0 0 0 0 0 0 0 0 0 0 0 0 0 0 0 0 0 0 0 0 0 0 0 0 0 0 
0 0 0 0 13 10 11 10 12 16 17 17 14 16 13 14 15 20 15 20 17 13 15 10 18 14 13 10 15 14 14 19 11 10 15 14 15 17 14 14 15 11 19 20 20 18 10 15 15 18 16 12 10 14 13 10 0 0 0 0 
0 0 0 0 17 19 12 16 14 20 16 15 12 18 16 12 12 12 16 19 12 13 17 17 12 11 10 14 12 15 18 18 15 18 10 17 10 17 19 12 16 16 12 14 10 13 12 18 14 16 17 17 11 10 19 11 0 0 0 0 
0 0 0 0 0 0 0 0 0 0 0 0 0 0 0 0 0 0 0 0 0 0 0 0 0 0 0 0 0 0 0 0 0 0 0 0 0 0 0 0 0 0 0 0 0 0 0 0 17 11 17 16 0 0 0 0 0 0 0 0 
0 0 0 0 0 0 0 0 0 0 0 0 0 0 0 0 0 0 0 0 0 0 0 0 0 0 0 0 0 0 0 0 0 0 0 0 0 0 0 0 0 0 0 0 0 0 0 0 0 0 0 0 0 0 0 0 18 10 16 15 
19 17 13 15 0 0 0 0 0 0 0 0 0 0 0 0 0 0 0 0 0 0 0 0 0 0 0 0 0 0 0 0 0 0 0 0 0 0 0 0 0 0 0 0 0 0 0 0 0 0 0 0 0 0 0 0 0 0 0 0 
0 0 0 0 15 19 10 11 0 0 0 0 18 11 20 19 0 0 0 0 13 12 15 10 0 0 0 0 16 12 18 19 0 0 0 0 18 17 10 17 14 20 11 12 0 0 0 0 13 10 11 15 17 17 11 12 0 0 0 0 
0 0 0 0 0 0 0 0 16 12 14 15 0 0 0 0 11 14 12 20 17 19 17 15 14 13 20 13 16 18 11 12 12 19 16 17 0 0 0 0 0 0 0 0 0 0 0 0 14 10 17 18 14 19 16 16 0 0 0 0 
0 0 0 0 16 19 18 18 0 0 0 0 18 11 10 14 0 0 0 0 0 0 0 0 0 0 0 0 0 0 0 0 0 0 0 0 0 0 0 0 0 0 0 0 18 16 14 10 0 0 0 0 11 16 13 14 0 0 0 0 
0 0 0 0 0 0 0 0 0 0 0 0 0 0 0 0 0 0 0 0 0 0 0 0 0 0 0 0 0 0 0 0 0 0 0 0 0 0 0 0 0 0 0 0 0 0 0 0 0 0 0 0 0 0 0 0 20 16 13 19 
20 11 10 10 0 0 0 0 0 0 0 0 0 0 0 0 0 0 0 0 0 0 0 0 0 0 0 0 0 0 0 0 0 0 0 0 0 0 0 0 0 0 0 0 0 0 0 0 0 0 0 0 0 0 0 0 0 0 0 0 
0 0 0 0 0 0 0 0 16 20 12 19 17 20 13 18 0 0 0 0 16 10 19 12 0 0 0 0 16 13 19 11 0 0 0 0 14 10 20 17 20 12 11 11 17 12 17 12 0 0 0 0 11 11 18 12 0 0 0 0 
0 0 0 0 16 14 19 20 0 0 0 0 12 17 15 19 0 0 0 0 0 0 0 0 14 16 16 11 11 13 15 15 0 0 0 0 12 10 20 11 13 19 16 19 17 14 16 16 20 18 16 18 0 0 0 0 0 0 0 0 
0 0 0 0 0 0 0 0 0 0 0 0 10 12 10 11 0 0 0 0 0 0 0 0 0 0 0 0 0 0 0 0 0 0 0 0 0 0 0 0 0 0 0 0 0 0 0 0 11 13 12 16 0 0 0 0 0 0 0 0 
0 0 0 0 0 0 0 0 0 0 0 0 0 0 0 0 0 0 0 0 0 0 0 0 0 0 0 0 0 0 0 0 0 0 0 0 0 0 0 0 0 0 0 0 0 0 0 0 0 0 0 0 0 0 0 0 12 19 13 20 
13 16 14 12 0 0 0 0 0 0 0 0 0 0 0 0 0 0 0 0 0 0 0 0 0 0 0 0 0 0 0 0 0 0 0 0 0 0 0 0 0 0 0 0 0 0 0 0 0 0 0 0 0 0 0 0 0 0 0 0 
0 0 0 0 0 0 0 0 0 0 0 0 20 19 10 17 0 0 0 0 0 0 0 0 0 0 0 0 18 13 19 10 0 0 0 0 0 0 0 0 19 17 13 11 0 0 0 0 0 0 0 0 14 19 19 13 0 0 0 0 
0 0 0 0 0 0 0 0 13 15 12 20 0 0 0 0 16 18 12 20 0 0 0 0 0 0 0 0 17 18 16 20 10 20 10 15 0 0 0 0 0 0 0 0 16 13 16 11 0 0 0 0 0 0 0 0 0 0 0 0 
0 0 0 0 10 17 10 19 0 0 0 0 10 17 19 11 0 0 0 0 0 0 0 0 0 0 0 0 0 0 0 0 0 0 0 0 0 0 0 0 0 0 0 0 0 0 0 0 14 19 18 20 0 0 0 0 0 0 0 0 
0 0 0 0 0 0 0 0 0 0 0 0 0 0 0 0 0 0 0 0 0 0 0 0 0 0 0 0 0 0 0 0 0 0 0 0 0 0 0 0 0 0 0 0 0 0 0 0 0 0 0 0 0 0 0 0 12 18 20 20 
15 19 11 19 0 0 0 0 0 0 0 0 0 0 0 0 0 0 0 0 0 0 0 0 0 0 0 0 0 0 0 0 0 0 0 0 0 0 0 0 0 0 0 0 0 0 0 0 0 0 0 0 0 0 0 0 0 0 0 0 
0 0 0 0 15 17 18 13 19 17 17 19 18 11 14 20 12 12 14 14 12 15 17 14 16 13 18 12 12 11 19 20 15 15 13 16 18 14 19 10 19 19 10 10 11 13 15 16 0 0 0 0 0 0 0 0 0 0 0 0 
0 0 0 0 12 13 11 18 13 20 10 20 15 17 18 10 19 11 10 18 11 15 17 15 12 13 13 14 0 0 0 0 13 10 10 16 18 10 10 16 20 19 15 19 12 13 13 11 17 11 14 11 17 15 16 20 0 0 0 0 
0 0 0 0 0 0 0 0 0 0 0 0 0 0 0 0 10 15 14 19 0 0 0 0 0 0 0 0 0 0 0 0 14 11 10 12 0 0 0 0 14 20 19 20 0 0 0 0 18 17 18 13 0 0 0 0 0 0 0 0 
0 0 0 0 0 0 0 0 0 0 0 0 0 0 0 0 0 0 0 0 0 0 0 0 0 0 0 0 0 0 0 0 0 0 0 0 0 0 0 0 0 0 0 0 0 0 0 0 0 0 0 0 0 0 0 0 14 11 20 10 
15 15 17 10 0 0 0 0 0 0 0 0 0 0 0 0 0 0 0 0 0 0 0 0 0 0 0 0 0 0 0 0 0 0 0 0 0 0 0 0 0 0 0 0 0 0 0 0 0 0 0 0 0 0 0 0 0 0 0 0 
0 0 0 0 17 20 11 17 0 0 0 0 15 20 13 10 0 0 0 0 0 0 0 0 19 15 18 16 0 0 0 0 0 0 0 0 0 0 0 0 0 0 0 0 0 0 0 0 0 0 0 0 13 18 17 19 0 0 0 0 
0 0 0 0 0 0 0 0 0 0 0 0 20 10 12 19 20 10 15 13 0 0 0 0 0 0 0 0 12 15 20 19 0 0 0 0 13 17 17 19 0 0 0 0 18 13 15 12 0 0 0 0 0 0 0 0 0 0 0 0 
0 0 0 0 18 17 10 10 17 13 18 10 19 19 19 20 0 0 0 0 13 12 14 18 16 16 14 12 13 16 17 18 17 12 10 13 16 16 18 12 18 14 12 18 18 17 18 12 0 0 0 0 18 12 17 11 0 0 0 0 
0 0 0 0 0 0 0 0 0 0 0 0 0 0 0 0 0 0 0 0 0 0 0 0 0 0 0 0 0 0 0 0 0 0 0 0 0 0 0 0 0 0 0 0 0 0 0 0 0 0 0 0 0 0 0 0 18 18 12 16 
14 19 11 12 0 0 0 0 0 0 0 0 0 0 0 0 0 0 0 0 0 0 0 0 0 0 0 0 0 0 0 0 0 0 0 0 0 0 0 0 0 0 0 0 0 0 0 0 0 0 0 0 0 0 0 0 0 0 0 0 
0 0 0 0 17 11 11 17 0 0 0 0 0 0 0 0 13 13 20 20 20 19 13 13 14 20 15 10 0 0 0 0 0 0 0 0 14 12 17 13 0 0 0 0 13 14 19 10 17 20 16 14 0 0 0 0 0 0 0 0 
0 0 0 0 13 17 10 13 0 0 0 0 20 18 14 18 12 13 12 15 10 16 16 19 0 0 0 0 0 0 0 0 0 0 0 0 0 0 0 0 13 17 17 12 13 15 18 14 12 17 17 10 0 0 0 0 0 0 0 0 
0 0 0 0 20 10 16 11 18 20 13 20 11 20 11 17 0 0 0 0 15 12 10 11 0 0 0 0 10 11 20 13 14 15 12 16 18 17 20 17 0 0 0 0 19 15 17 19 0 0 0 0 0 0 0 0 0 0 0 0 
0 0 0 0 0 0 0 0 0 0 0 0 0 0 0 0 0 0 0 0 0 0 0 0 0 0 0 0 0 0 0 0 0 0 0 0 0 0 0 0 0 0 0 0 0 0 0 0 0 0 0 0 0 0 0 0 10 10 19 10 
11 19 13 13 0 0 0 0 0 0 0 0 0 0 0 0 0 0 0 0 0 0 0 0 0 0 0 0 0 0 0 0 0 0 0 0 0 0 0 0 0 0 0 0 0 0 0 0 0 0 0 0 0 0 0 0 0 0 0 0 
0 0 0 0 0 0 0 0 10 15 14 13 11 17 16 20 0 0 0 0 0 0 0 0 13 20 14 15 0 0 0 0 0 0 0 0 0 0 0 0 0 0 0 0 0 0 0 0 0 0 0 0 0 0 0 0 0 0 0 0 
0 0 0 0 20 17 18 10 18 16 12 13 12 14 14 18 0 0 0 0 13 18 19 13 0 0 0 0 13 17 12 15 12 10 17 12 12 15 12 16 0 0 0 0 0 0 0 0 17 14 20 10 13 10 19 12 0 0 0 0 
0 0 0 0 12 10 10 12 10 17 14 18 14 15 16 12 17 19 12 13 0 0 0 0 10 12 10 15 10 15 12 20 12 11 17 10 18 16 11 17 0 0 0 0 13 10 19 13 16 14 18 12 0 0 0 0 0 0 0 0 
0 0 0 0 0 0 0 0 0 0 0 0 0 0 0 0 0 0 0 0 0 0 0 0 0 0 0 0 0 0 0 0 0 0 0 0 0 0 0 0 0 0 0 0 0 0 0 0 0 0 0 0 0 0 0 0 12 16 13 12 
16 16 18 17 0 0 0 0 0 0 0 0 0 0 0 0 0 0 0 0 0 0 0 0 0 0 0 0 0 0 0 0 0 0 0 0 0 0 0 0 0 0 0 0 0 0 0 0 0 0 0 0 0 0 0 0 0 0 0 0 
0 0 0 0 19 17 14 16 0 0 0 0 0 0 0 0 0 0 0 0 12 14 19 16 0 0 0 0 0 0 0 0 20 12 13 18 0 0 0 0 0 0 0 0 17 12 12 10 0 0 0 0 0 0 0 0 0 0 0 0 
0 0 0 0 0 0 0 0 0 0 0 0 0 0 0 0 0 0 0 0 0 0 0 0 0 0 0 0 0 0 0 0 10 18 13 15 10 13 14 12 0 0 0 0 0 0 0 0 15 14 10 20 0 0 0 0 0 0 0 0 
0 0 0 0 18 12 14 10 12 11 11 12 0 0 0 0 0 0 0 0 0 0 0 0 19 11 11 15 0 0 0 0 18 14 11 19 17 11 18 14 16 18 10 11 0 0 0 0 14 17 20 18 0 0 0 0 0 0 0 0 
0 0 0 0 0 0 0 0 0 0 0 0 0 0 0 0 0 0 0 0 0 0 0 0 0 0 0 0 0 0 0 0 0 0 0 0 0 0 0 0 0 0 0 0 0 0 0 0 0 0 0 0 0 0 0 0 10 19 17 18 
11 20 12 14 0 0 0 0 0 0 0 0 0 0 0 0 0 0 0 0 0 0 0 0 0 0 0 0 0 0 0 0 0 0 0 0 0 0 0 0 0 0 0 0 0 0 0 0 0 0 0 0 0 0 0 0 0 0 0 0 
0 0 0 0 12 12 15 10 0 0 0 0 14 13 14 10 16 17 13 13 0 0 0 0 12 16 10 13 18 20 18 10 0 0 0 0 0 0 0 0 0 0 0 0 0 0 0 0 13 18 18 13 0 0 0 0 0 0 0 0 
0 0 0 0 0 0 0 0 15 11 17 19 0 0 0 0 10 15 19 18 0 0 0 0 18 11 19 20 0 0 0 0 0 0 0 0 0 0 0 0 0 0 0 0 0 0 0 0 15 20 16 19 19 19 11 14 0 0 0 0 
0 0 0 0 0 0 0 0 0 0 0 0 18 18 17 17 0 0 0 0 0 0 0 0 0 0 0 0 0 0 0 0 17 20 11 11 18 20 19 13 16 19 10 14 0 0 0 0 0 0 0 0 0 0 0 0 0 0 0 0 
0 0 0 0 0 0 0 0 0 0 0 0 0 0 0 0 0 0 0 0 0 0 0 0 0 0 0 0 0 0 0 0 0 0 0 0 0 0 0 0 0 0 0 0 0 0 0 0 0 0 0 0 0 0 0 0 14 13 15 16 
11 16 12 13 0 0 0 0 0 0 0 0 0 0 0 0 0 0 0 0 0 0 0 0 0 0 0 0 0 0 0 0 0 0 0 0 0 0 0 0 0 0 0 0 0 0 0 0 0 0 0 0 0 0 0 0 0 0 0 0 
0 0 0 0 0 0 0 0 11 17 20 14 0 0 0 0 0 0 0 0 10 18 18 16 0 0 0 0 0 0 0 0 0 0 0 0 0 0 0 0 0 0 0 0 0 0 0 0 14 11 19 17 0 0 0 0 0 0 0 0 
0 0 0 0 0 0 0 0 0 0 0 0 0 0 0 0 13 11 20 20 0 0 0 0 10 16 17 10 0 0 0 0 0 0 0 0 0 0 0 0 18 13 10 16 20 12 19 19 13 14 19 13 0 0 0 0 0 0 0 0 
0 0 0 0 0 0 0 0 0 0 0 0 16 19 10 11 0 0 0 0 0 0 0 0 13 18 11 10 0 0 0 0 0 0 0 0 13 13 19 12 16 20 16 16 13 17 11 11 0 0 0 0 13 11 15 10 0 0 0 0 
0 0 0 0 0 0 0 0 0 0 0 0 0 0 0 0 0 0 0 0 0 0 0 0 0 0 0 0 0 0 0 0 0 0 0 0 0 0 0 0 0 0 0 0 0 0 0 0 0 0 0 0 0 0 0 0 18 18 10 11 
17 17 19 18 0 0 0 0 0 0 0 0 0 0 0 0 0 0 0 0 0 0 0 0 0 0 0 0 0 0 0 0 0 0 0 0 0 0 0 0 0 0 0 0 0 0 0 0 0 0 0 0 0 0 0 0 0 0 0 0 
0 0 0 0 0 0 0 0 0 0 0 0 0 0 0 0 0 0 0 0 0 0 0 0 0 0 0 0 0 0 0 0 12 17 15 10 13 16 15 16 0 0 0 0 0 0 0 0 0 0 0 0 0 0 0 0 0 0 0 0 
0 0 0 0 20 20 18 10 0 0 0 0 11 14 14 20 17 17 13 18 17 13 11 11 19 11 20 11 0 0 0 0 0 0 0 0 12 14 10 13 20 18 20 14 0 0 0 0 0 0 0 0 0 0 0 0 0 0 0 0 
0 0 0 0 0 0 0 0 0 0 0 0 0 0 0 0 0 0 0 0 14 20 13 16 0 0 0 0 0 0 0 0 0 0 0 0 11 18 10 12 16 16 20 13 17 16 20 17 16 19 18 18 0 0 0 0 0 0 0 0 
0 0 0 0 0 0 0 0 0 0 0 0 0 0 0 0 0 0 0 0 0 0 0 0 0 0 0 0 0 0 0 0 0 0 0 0 0 0 0 0 0 0 0 0 0 0 0 0 0 0 0 0 0 0 0 0 16 10 11 14 
14 12 19 16 0 0 0 0 0 0 0 0 0 0 0 0 0 0 0 0 0 0 0 0 0 0 0 0 0 0 0 0 0 0 0 0 0 0 0 0 0 0 0 0 0 0 0 0 0 0 0 0 0 0 0 0 0 0 0 0 
0 0 0 0 0 0 0 0 0 0 0 0 0 0 0 0 10 16 15 12 0 0 0 0 0 0 0 0 0 0 0 0 0 0 0 0 0 0 0 0 0 0 0 0 0 0 0 0 0 0 0 0 0 0 0 0 0 0 0 0 
0 0 0 0 0 0 0 0 15 16 18 10 14 10 14 15 17 20 19 17 12 16 15 16 0 0 0 0 12 11 10 10 0 0 0 0 0 0 0 0 15 14 14 12 12 16 20 19 19 12 11 13 19 19 17 19 0 0 0 0 
0 0 0 0 16 13 20 17 0 0 0 0 0 0 0 0 0 0 0 0 20 10 20 20 0 0 0 0 0 0 0 0 0 0 0 0 11 18 19 10 11 18 18 16 0 0 0 0 20 10 12 12 0 0 0 0 0 0 0 0 
0 0 0 0 0 0 0 0 0 0 0 0 0 0 0 0 0 0 0 0 0 0 0 0 0 0 0 0 0 0 0 0 0 0 0 0 0 0 0 0 0 0 0 0 0 0 0 0 0 0 0 0 0 0 0 0 12 12 11 13 
15 15 18 18 0 0 0 0 0 0 0 0 0 0 0 0 0 0 0 0 0 0 0 0 0 0 0 0 0 0 0 0 0 0 0 0 0 0 0 0 0 0 0 0 0 0 0 0 0 0 0 0 0 0 0 0 0 0 0 0 
0 0 0 0 19 20 20 12 14 19 10 15 12 17 16 11 20 19 19 14 11 18 19 11 19 11 15 19 16 17 15 14 19 14 19 17 18 12 18 14 16 18 20 18 0 0 0 0 18 10 16 17 17 15 13 17 0 0 0 0 
0 0 0 0 19 13 16 16 17 10 18 17 19 14 19 12 10 19 20 17 18 19 15 15 19 12 14 15 20 10 12 14 18 15 13 18 15 12 18 17 17 18 20 10 13 10 11 13 17 12 19 17 13 19 14 12 0 0 0 0 
0 0 0 0 15 17 10 12 0 0 0 0 0 0 0 0 17 20 18 11 20 14 12 20 18 11 15 20 0 0 0 0 0 0 0 0 0 0 0 0 0 0 0 0 0 0 0 0 19 15 16 10 0 0 0 0 0 0 0 0 
0 0 0 0 0 0 0 0 0 0 0 0 0 0 0 0 0 0 0 0 0 0 0 0 0 0 0 0 0 0 0 0 0 0 0 0 0 0 0 0 0 0 0 0 0 0 0 0 0 0 0 0 0 0 0 0 17 11 12 12 
14 11 14 11 0 0 0 0 0 0 0 0 0 0 0 0 0 0 0 0 0 0 0 0 0 0 0 0 0 0 0 0 0 0 0 0 0 0 0 0 0 0 0 0 0 0 0 0 0 0 0 0 0 0 0 0 0 0 0 0 
0 0 0 0 14 14 20 16 0 0 0 0 20 18 11 11 12 14 10 20 20 16 14 20 17 20 19 11 18 10 16 10 20 18 18 20 17 16 17 14 18 19 20 16 10 13 13 11 0 0 0 0 14 15 16 11 0 0 0 0 
0 0 0 0 19 13 10 10 0 0 0 0 0 0 0 0 0 0 0 0 11 12 13 19 14 20 18 13 13 17 19 13 0 0 0 0 11 20 13 13 19 19 19 17 16 11 19 19 17 17 12 10 0 0 0 0 0 0 0 0 
0 0 0 0 19 20 12 11 13 16 17 15 16 17 14 19 14 15 19 11 17 14 11 15 15 13 13 13 11 17 17 19 10 20 12 19 16 17 20 19 18 17 14 17 19 12 13 12 17 17 19 18 20 15 19 14 0 0 0 0 
0 0 0 0 0 0 0 0 0 0 0 0 0 0 0 0 0 0 0 0 0 0 0 0 0 0 0 0 0 0 0 0 0 0 0 0 0 0 0 0 0 0 0 0 0 0 0 0 0 0 0 0 0 0 0 0 20 16 18 19 
11 17 12 13 0 0 0 0 0 0 0 0 0 0 0 0 0 0 0 0 0 0 0 0 0 0 0 0 0 0 0 0 0 0 0 0 0 0 0 0 0 0 0 0 0 0 0 0 0 0 0 0 0 0 0 0 0 0 0 0 
0 0 0 0 0 0 0 0 0 0 0 0 0 0 0 0 18 10 18 19 0 0 0 0 17 19 19 13 10 10 18 12 0 0 0 0 0 0 0 0 0 0 0 0 17 19 11 17 18 15 17 14 0 0 0 0 0 0 0 0 
0 0 0 0 18 14 20 18 17 14 17 20 12 15 17 17 14 17 19 14 16 14 16 11 0 0 0 0 10 15 18 10 15 15 11 15 13 18 16 15 12 19 11 17 11 10 19 20 16 20 12 19 13 17 15 14 0 0 0 0 
0 0 0 0 0 0 0 0 18 16 20 16 0 0 0 0 0 0 0 0 0 0 0 0 0 0 0 0 0 0 0 0 0 0 0 0 20 11 16 13 0 0 0 0 0 0 0 0 0 0 0 0 0 0 0 0 0 0 0 0 
0 0 0 0 0 0 0 0 0 0 0 0 0 0 0 0 0 0 0 0 0 0 0 0 0 0 0 0 0 0 0 0 0 0 0 0 0 0 0 0 0 0 0 0 0 0 0 0 0 0 0 0 0 0 0 0 11 14 20 12 
10 20 17 11 0 0 0 0 0 0 0 0 0 0 0 0 0 0 0 0 0 0 0 0 0 0 0 0 0 0 0 0 0 0 0 0 0 0 0 0 0 0 0 0 0 0 0 0 0 0 0 0 0 0 0 0 0 0 0 0 
0 0 0 0 0 0 0 0 0 0 0 0 0 0 0 0 0 0 0 0 18 20 18 17 0 0 0 0 0 0 0 0 0 0 0 0 0 0 0 0 17 12 17 10 0 0 0 0 0 0 0 0 0 0 0 0 0 0 0 0 
0 0 0 0 11 19 16 20 0 0 0 0 16 10 10 14 16 20 17 12 0 0 0 0 15 16 19 17 0 0 0 0 0 0 0 0 0 0 0 0 11 12 17 18 16 18 15 15 0 0 0 0 0 0 0 0 0 0 0 0 
0 0 0 0 12 15 18 16 13 14 11 14 19 10 17 13 18 13 12 16 14 20 14 15 12 12 19 14 20 15 17 20 11 13 11 12 11 19 20 13 10 19 15 14 16 13 17 12 15 13 16 13 19 16 16 10 0 0 0 0 
0 0 0 0 0 0 0 0 0 0 0 0 0 0 0 0 0 0 0 0 0 0 0 0 0 0 0 0 0 0 0 0 0 0 0 0 0 0 0 0 0 0 0 0 0 0 0 0 0 0 0 0 0 0 0 0 18 17 19 11 
18 10 15 17 0 0 0 0 0 0 0 0 0 0 0 0 0 0 0 0 0 0 0 0 0 0 0 0 0 0 0 0 0 0 0 0 0 0 0 0 0 0 0 0 0 0 0 0 0 0 0 0 0 0 0 0 0 0 0 0 
0 0 0 0 13 16 11 13 18 17 16 11 19 12 15 14 12 16 18 16 0 0 0 0 20 16 16 20 14 17 17 12 0 0 0 0 0 0 0 0 12 17 17 16 13 18 11 16 0 0 0 0 0 0 0 0 0 0 0 0 
0 0 0 0 19 13 13 16 18 16 20 19 17 18 20 18 0 0 0 0 14 16 11 19 16 20 20 15 20 11 13 18 17 18 20 10 18 20 13 19 17 20 18 16 20 11 18 14 14 19 13 11 0 0 0 0 0 0 0 0 
0 0 0 0 15 20 10 10 19 18 14 14 10 20 13 11 0 0 0 0 0 0 0 0 18 11 15 10 0 0 0 0 0 0 0 0 14 13 19 15 14 16 10 19 10 19 10 12 0 0 0 0 0 0 0 0 0 0 0 0 
0 0 0 0 0 0 0 0 0 0 0 0 0 0 0 0 0 0 0 0 0 0 0 0 0 0 0 0 0 0 0 0 0 0 0 0 0 0 0 0 0 0 0 0 0 0 0 0 0 0 0 0 0 0 0 0 10 19 20 15 
10 20 15 16 0 0 0 0 0 0 0 0 0 0 0 0 0 0 0 0 0 0 0 0 0 0 0 0 0 0 0 0 0 0 0 0 0 0 0 0 0 0 0 0 0 0 0 0 0 0 0 0 0 0 0 0 0 0 0 0 
0 0 0 0 0 0 0 0 0 0 0 0 0 0 0 0 0 0 0 0 0 0 0 0 0 0 0 0 0 0 0 0 0 0 0 0 0 0 0 0 14 16 16 19 10 14 12 17 0 0 0 0 0 0 0 0 0 0 0 0 
0 0 0 0 0 0 0 0 14 11 20 16 14 12 11 15 13 19 15 19 10 14 16 11 12 20 10 19 12 13 11 17 17 19 14 11 19 16 18 11 14 15 19 11 19 11 12 14 0 0 0 0 18 13 11 18 0 0 0 0 
0 0 0 0 0 0 0 0 17 16 19 11 14 12 16 15 0 0 0 0 19 13 12 16 0 0 0 0 16 19 15 16 17 14 19 17 0 0 0 0 20 10 11 19 16 18 11 20 11 19 11 18 14 11 15 14 0 0 0 0 
0 0 0 0 0 0 0 0 0 0 0 0 0 0 0 0 0 0 0 0 0 0 0 0 0 0 0 0 0 0 0 0 0 0 0 0 0 0 0 0 0 0 0 0 0 0 0 0 0 0 0 0 0 0 0 0 20 20 19 10 
16 17 15 18 0 0 0 0 0 0 0 0 0 0 0 0 0 0 0 0 0 0 0 0 0 0 0 0 0 0 0 0 0 0 0 0 0 0 0 0 0 0 0 0 0 0 0 0 0 0 0 0 0 0 0 0 0 0 0 0 
0 0 0 0 0 0 0 0 20 20 19 11 10 12 12 18 19 14 19 19 13 10 19 17 10 19 17 11 15 15 16 11 16 18 20 16 17 16 17 20 19 12 14 18 12 19 17 16 17 18 14 16 18 13 14 19 0 0 0 0 
0 0 0 0 0 0 0 0 13 16 17 19 16 13 18 16 14 20 10 11 13 19 19 20 19 19 17 17 15 11 11 19 13 18 17 18 12 13 13 16 15 12 16 20 14 13 12 10 15 16 19 14 19 18 18 19 0 0 0 0 
0 0 0 0 0 0 0 0 0 0 0 0 0 0 0 0 16 17 20 20 0 0 0 0 0 0 0 0 0 0 0 0 0 0 0 0 0 0 0 0 0 0 0 0 0 0 0 0 0 0 0 0 0 0 0 0 0 0 0 0 
0 0 0 0 0 0 0 0 0 0 0 0 0 0 0 0 0 0 0 0 0 0 0 0 0 0 0 0 0 0 0 0 0 0 0 0 0 0 0 0 0 0 0 0 0 0 0 0 0 0 0 0 0 0 0 0 20 19 20 14 
13 18 16 20 0 0 0 0 0 0 0 0 0 0 0 0 0 0 0 0 0 0 0 0 0 0 0 0 0 0 0 0 0 0 0 0 0 0 0 0 0 0 0 0 0 0 0 0 0 0 0 0 0 0 0 0 0 0 0 0 
0 0 0 0 0 0 0 0 0 0 0 0 0 0 0 0 0 0 0 0 0 0 0 0 13 16 15 16 0 0 0 0 0 0 0 0 17 17 18 17 0 0 0 0 18 11 18 11 0 0 0 0 0 0 0 0 0 0 0 0 
0 0 0 0 15 13 11 11 10 16 13 18 18 10 19 20 18 11 11 16 0 0 0 0 0 0 0 0 0 0 0 0 18 20 10 19 10 12 19 19 0 0 0 0 19 20 15 10 0 0 0 0 10 15 16 17 0 0 0 0 
0 0 0 0 0 0 0 0 0 0 0 0 0 0 0 0 0 0 0 0 0 0 0 0 0 0 0 0 0 0 0 0 0 0 0 0 0 0 0 0 0 0 0 0 0 0 0 0 0 0 0 0 17 20 17 14 0 0 0 0 
0 0 0 0 0 0 0 0 0 0 0 0 0 0 0 0 0 0 0 0 0 0 0 0 0 0 0 0 0 0 0 0 0 0 0 0 0 0 0 0 0 0 0 0 0 0 0 0 0 0 0 0 0 0 0 0 13 12 17 20 
20 19 19 17 0 0 0 0 0 0 0 0 0 0 0 0 0 0 0 0 0 0 0 0 0 0 0 0 0 0 0 0 0 0 0 0 0 0 0 0 0 0 0 0 0 0 0 0 0 0 0 0 0 0 0 0 0 0 0 0 
0 0 0 0 15 17 10 10 14 11 14 13 0 0 0 0 11 17 15 14 14 14 14 18 11 17 12 18 0 0 0 0 17 17 11 13 0 0 0 0 19 18 18 11 19 12 13 14 19 20 10 19 19 14 14 16 0 0 0 0 
0 0 0 0 16 10 17 12 13 11 20 11 0 0 0 0 10 13 10 14 12 10 20 16 11 10 10 20 17 16 20 12 17 11 13 18 20 18 17 12 0 0 0 0 17 11 18 16 19 10 11 16 0 0 0 0 0 0 0 0 
0 0 0 0 12 12 19 19 0 0 0 0 0 0 0 0 13 12 12 11 17 10 11 17 16 10 15 17 10 20 12 14 0 0 0 0 18 17 13 12 10 17 18 13 0 0 0 0 13 10 10 13 10 14 19 17 0 0 0 0 
0 0 0 0 0 0 0 0 0 0 0 0 0 0 0 0 0 0 0 0 0 0 0 0 0 0 0 0 0 0 0 0 0 0 0 0 0 0 0 0 0 0 0 0 0 0 0 0 0 0 0 0 0 0 0 0 19 10 12 17 
18 11 15 19 0 0 0 0 0 0 0 0 0 0 0 0 0 0 0 0 0 0 0 0 0 0 0 0 0 0 0 0 0 0 0 0 0 0 0 0 0 0 0 0 0 0 0 0 0 0 0 0 0 0 0 0 0 0 0 0 
0 0 0 0 0 0 0 0 12 18 20 17 0 0 0 0 11 16 17 13 17 16 18 20 0 0 0 0 0 0 0 0 18 13 12 14 16 11 17 19 0 0 0 0 13 19 20 15 13 17 12 16 12 14 16 16 0 0 0 0 
0 0 0 0 19 16 14 19 14 19 17 13 12 15 20 20 12 18 17 13 16 14 14 17 16 19 17 11 14 14 11 14 12 15 18 10 17 19 11 11 19 11 19 18 11 15 17 10 0 0 0 0 10 11 14 12 0 0 0 0 
0 0 0 0 19 16 20 14 14 18 13 20 19 18 13 11 14 13 19 12 16 11 12 15 12 12 14 16 16 16 15 13 14 20 20 20 18 16 15 16 13 12 10 11 15 20 12 12 11 15 14 10 19 14 15 18 0 0 0 0 
0 0 0 0 0 0 0 0 0 0 0 0 0 0 0 0 0 0 0 0 0 0 0 0 0 0 0 0 0 0 0 0 0 0 0 0 0 0 0 0 0 0 0 0 0 0 0 0 0 0 0 0 0 0 0 0 16 14 13 19 
16 14 17 19 0 0 0 0 0 0 0 0 0 0 0 0 0 0 0 0 0 0 0 0 0 0 0 0 0 0 0 0 0 0 0 0 0 0 0 0 0 0 0 0 0 0 0 0 0 0 0 0 0 0 0 0 0 0 0 0 
0 0 0 0 18 15 15 10 19 15 12 10 0 0 0 0 16 10 10 19 10 15 15 13 10 13 18 19 11 15 15 11 14 14 12 18 15 17 14 13 18 20 14 19 0 0 0 0 12 15 16 17 17 17 12 17 0 0 0 0 
0 0 0 0 15 14 20 12 15 11 14 20 20 11 15 11 13 10 12 19 15 18 12 13 14 13 19 19 0 0 0 0 0 0 0 0 10 10 19 10 12 18 13 11 13 13 14 13 13 20 15 15 12 14 20 18 0 0 0 0 
0 0 0 0 0 0 0 0 17 11 18 11 0 0 0 0 0 0 0 0 0 0 0 0 17 20 10 13 18 13 13 14 0 0 0 0 17 14 12 14 11 15 16 19 0 0 0 0 20 11 20 16 0 0 0 0 0 0 0 0 
0 0 0 0 0 0 0 0 0 0 0 0 0 0 0 0 0 0 0 0 0 0 0 0 0 0 0 0 0 0 0 0 0 0 0 0 0 0 0 0 0 0 0 0 0 0 0 0 0 0 0 0 0 0 0 0 14 19 12 12 
17 20 10 18 0 0 0 0 0 0 0 0 0 0 0 0 0 0 0 0 0 0 0 0 0 0 0 0 0 0 0 0 0 0 0 0 0 0 0 0 0 0 0 0 0 0 0 0 0 0 0 0 0 0 0 0 0 0 0 0 
0 0 0 0 0 0 0 0 12 20 19 17 16 13 20 11 14 20 17 17 0 0 0 0 0 0 0 0 0 0 0 0 0 0 0 0 0 0 0 0 0 0 0 0 14 18 18 20 0 0 0 0 11 13 11 16 0 0 0 0 
0 0 0 0 12 17 11 14 0 0 0 0 0 0 0 0 0 0 0 0 0 0 0 0 0 0 0 0 0 0 0 0 10 14 14 20 13 12 16 17 0 0 0 0 0 0 0 0 0 0 0 0 0 0 0 0 0 0 0 0 
0 0 0 0 13 16 11 17 15 17 13 19 0 0 0 0 0 0 0 0 0 0 0 0 0 0 0 0 18 12 20 12 0 0 0 0 0 0 0 0 0 0 0 0 0 0 0 0 16 13 16 12 0 0 0 0 0 0 0 0 
0 0 0 0 0 0 0 0 0 0 0 0 0 0 0 0 0 0 0 0 0 0 0 0 0 0 0 0 0 0 0 0 0 0 0 0 0 0 0 0 0 0 0 0 0 0 0 0 0 0 0 0 0 0 0 0 16 11 14 18 
17 13 20 18 0 0 0 0 0 0 0 0 0 0 0 0 0 0 0 0 0 0 0 0 0 0 0 0 0 0 0 0 0 0 0 0 0 0 0 0 0 0 0 0 0 0 0 0 0 0 0 0 0 0 0 0 0 0 0 0 
0 0 0 0 0 0 0 0 0 0 0 0 20 15 18 18 0 0 0 0 0 0 0 0 19 15 16 11 15 20 11 17 18 13 11 12 0 0 0 0 17 16 15 12 0 0 0 0 0 0 0 0 0 0 0 0 0 0 0 0 
0 0 0 0 14 11 19 12 11 15 17 19 18 14 10 12 12 18 18 12 13 17 13 17 0 0 0 0 19 12 16 10 16 15 17 14 11 17 19 10 17 18 19 10 16 16 19 15 10 13 12 18 13 12 15 19 0 0 0 0 
0 0 0 0 0 0 0 0 0 0 0 0 16 17 18 18 0 0 0 0 14 15 18 11 0 0 0 0 0 0 0 0 17 11 18 12 0 0 0 0 0 0 0 0 0 0 0 0 0 0 0 0 10 10 11 19 0 0 0 0 
0 0 0 0 0 0 0 0 0 0 0 0 0 0 0 0 0 0 0 0 0 0 0 0 0 0 0 0 0 0 0 0 0 0 0 0 0 0 0 0 0 0 0 0 0 0 0 0 0 0 0 0 0 0 0 0 16 12 18 16 
20 16 18 10 0 0 0 0 0 0 0 0 0 0 0 0 0 0 0 0 0 0 0 0 0 0 0 0 0 0 0 0 0 0 0 0 0 0 0 0 0 0 0 0 0 0 0 0 0 0 0 0 0 0 0 0 0 0 0 0 
0 0 0 0 18 17 20 12 13 12 11 10 20 15 15 19 19 19 15 18 0 0 0 0 12 15 18 19 19 19 19 19 14 11 17 10 20 14 11 13 10 12 13 19 10 19 17 15 16 19 16 18 16 20 17 19 0 0 0 0 
0 0 0 0 13 12 14 14 14 18 15 13 18 11 13 16 16 18 20 13 20 14 19 14 11 14 19 11 15 13 12 11 12 15 14 14 17 13 10 19 12 10 18 16 19 20 17 16 16 14 14 15 17 12 20 16 0 0 0 0 
0 0 0 0 0 0 0 0 0 0 0 0 0 0 0 0 0 0 0 0 0 0 0 0 0 0 0 0 0 0 0 0 0 0 0 0 0 0 0 0 19 13 17 17 19 10 12 17 0 0 0 0 0 0 0 0 0 0 0 0 
0 0 0 0 0 0 0 0 0 0 0 0 0 0 0 0 0 0 0 0 0 0 0 0 0 0 0 0 0 0 0 0 0 0 0 0 0 0 0 0 0 0 0 0 0 0 0 0 0 0 0 0 0 0 0 0 10 10 14 18 
20 11 18 19 0 0 0 0 0 0 0 0 0 0 0 0 0 0 0 0 0 0 0 0 0 0 0 0 0 0 0 0 0 0 0 0 0 0 0 0 0 0 0 0 0 0 0 0 0 0 0 0 0 0 0 0 0 0 0 0 
0 0 0 0 0 0 0 0 0 0 0 0 0 0 0 0 20 13 11 18 0 0 0 0 0 0 0 0 0 0 0 0 0 0 0 0 0 0 0 0 0 0 0 0 13 19 15 13 0 0 0 0 20 13 10 11 0 0 0 0 
0 0 0 0 0 0 0 0 0 0 0 0 15 18 11 15 0 0 0 0 20 10 18 15 0 0 0 0 0 0 0 0 0 0 0 0 17 11 13 16 0 0 0 0 12 10 19 10 13 11 14 12 13 15 17 15 0 0 0 0 
0 0 0 0 13 12 19 16 10 13 13 19 19 20 15 15 18 15 19 13 0 0 0 0 12 20 17 10 19 19 18 13 0 0 0 0 0 0 0 0 17 20 10 14 20 11 15 14 0 0 0 0 0 0 0 0 0 0 0 0 
0 0 0 0 0 0 0 0 0 0 0 0 0 0 0 0 0 0 0 0 0 0 0 0 0 0 0 0 0 0 0 0 0 0 0 0 0 0 0 0 0 0 0 0 0 0 0 0 0 0 0 0 0 0 0 0 15 20 16 12 
19 19 16 19 0 0 0 0 0 0 0 0 0 0 0 0 0 0 0 0 0 0 0 0 0 0 0 0 0 0 0 0 0 0 0 0 0 0 0 0 0 0 0 0 0 0 0 0 0 0 0 0 0 0 0 0 0 0 0 0 
0 0 0 0 15 16 19 15 16 18 19 20 11 19 17 12 14 19 17 10 0 0 0 0 14 19 13 15 0 0 0 0 10 20 19 12 10 14 14 11 10 12 13 20 12 11 13 19 18 17 11 20 12 20 18 19 0 0 0 0 
0 0 0 0 11 18 11 10 11 20 19 19 10 11 10 20 18 19 13 15 17 16 14 11 14 13 16 13 12 10 15 18 10 11 15 19 19 18 12 19 0 0 0 0 10 17 11 13 12 17 16 14 10 19 17 18 0 0 0 0 
0 0 0 0 11 19 12 14 19 16 10 14 12 17 15 18 10 20 20 18 19 14 16 20 14 15 20 18 13 15 19 13 10 20 13 18 13 12 17 10 16 14 13 18 15 10 18 11 16 14 10 20 12 18 17 15 0 0 0 0 
0 0 0 0 0 0 0 0 0 0 0 0 0 0 0 0 0 0 0 0 0 0 0 0 0 0 0 0 0 0 0 0 0 0 0 0 0 0 0 0 0 0 0 0 0 0 0 0 0 0 0 0 0 0 0 0 13 12 12 18
---------------------
 
Distance between cells
Rows and Columns: correspond to cell number
0 180 477 331 278 146 364 353 448 143 337 299 195 226 114 382 163 208 251 437 
180 0 455 244 95 425 132 260 207 75 86 340 416 174 80 87 244 391 234 51 
477 455 0 453 473 374 482 70 306 468 215 368 374 117 136 89 430 287 133 175 
331 244 453 0 413 336 198 250 67 132 488 290 486 241 329 104 175 381 312 212 
278 95 473 413 0 460 195 361 82 460 154 220 250 483 479 453 108 419 326 430 
146 425 374 336 460 0 438 295 486 326 473 426 387 424 128 143 190 449 304 340 
364 132 482 198 195 438 0 309 180 411 440 409 388 310 384 315 438 213 393 262 
353 260 70 250 361 295 309 0 395 332 136 64 410 66 60 264 486 58 298 138 
448 207 306 67 82 486 180 395 0 263 402 243 427 140 382 164 404 328 205 57 
143 75 468 132 460 326 411 332 263 0 366 254 465 171 227 370 407 188 346 297 
337 86 215 488 154 473 440 136 402 366 0 177 319 167 259 367 327 391 335 435 
299 340 368 290 220 426 409 64 243 254 177 0 435 289 143 76 82 267 139 323 
195 416 374 486 250 387 388 410 427 465 319 435 0 455 107 352 264 269 438 148 
226 174 117 241 483 424 310 66 140 171 167 289 455 0 162 370 481 378 195 341 
114 80 136 329 479 128 384 60 382 227 259 143 107 162 0 276 381 50 110 95 
382 87 89 104 453 143 315 264 164 370 367 76 352 370 276 0 267 159 205 219 
163 244 430 175 108 190 438 486 404 407 327 82 264 481 381 267 0 237 315 195 
208 391 287 381 419 449 213 58 328 188 391 267 269 378 50 159 237 0 324 104 
251 234 133 312 326 304 393 298 205 346 335 139 438 195 110 205 315 324 0 337 
437 51 175 212 430 340 262 138 57 297 435 323 148 341 95 219 195 104 337 0
---------------------
 
Distribution of machines in cells   (1 -- if machine m is distributed in cell u;0 -- else) 
Rows: correspond to cell number; Columns: correspond to machine number
0 0 0 0 0 1 0 0 0 0 0 0 0 0 0 0 0 0 0 0 0 0 0 0 0 0 0 0 0 0 0 0 1 0 0 1 0 0 0 0 0 0 0 0 0 0 0 0 0 0 0 0 0 0 0 0 0 0 0 0 
1 0 0 0 0 0 0 0 0 0 0 0 0 0 0 0 0 0 0 0 0 0 0 0 0 0 0 0 0 0 0 0 0 0 1 0 0 0 0 0 0 0 0 0 0 0 0 0 0 0 0 0 0 0 0 0 0 0 0 0 
0 0 0 0 0 0 0 0 0 1 0 0 0 0 0 0 0 0 0 0 0 0 0 0 0 1 0 0 0 0 0 0 0 0 0 0 0 0 0 0 0 0 0 0 0 0 0 0 0 0 1 0 0 0 0 0 0 0 0 0 
0 0 0 0 0 0 0 0 0 0 0 0 0 0 0 0 0 0 0 0 0 0 0 0 1 0 1 0 0 0 0 0 0 0 0 0 0 0 0 0 0 0 0 0 0 0 0 0 0 0 0 0 0 0 0 0 0 0 0 0 
0 0 0 0 0 0 0 0 0 0 1 0 0 0 0 0 0 0 0 0 0 0 0 0 0 0 0 0 0 0 0 0 0 0 0 0 0 0 0 0 0 0 0 0 0 1 0 1 0 0 0 0 0 0 0 0 0 0 0 0 
0 0 0 0 0 0 0 0 0 0 0 0 0 1 0 0 0 0 0 0 0 0 0 0 0 0 0 0 0 0 0 0 0 0 0 0 0 0 0 0 0 0 1 0 0 0 0 0 0 1 0 0 0 0 0 0 0 0 0 0 
0 0 0 1 0 0 0 0 0 0 0 0 0 0 0 0 1 0 0 0 0 0 0 0 0 0 0 0 0 0 0 0 0 0 0 0 0 0 0 0 0 0 0 0 0 0 0 0 0 0 0 0 0 0 0 0 0 0 0 0 
0 1 0 0 0 0 0 0 0 0 0 0 1 0 0 0 0 0 0 0 0 0 0 0 0 0 0 0 1 0 0 1 0 0 0 0 0 0 0 0 0 0 0 0 0 0 0 0 0 0 0 0 0 0 0 0 0 0 0 0 
0 0 0 0 0 0 0 0 0 0 0 0 0 0 0 0 0 0 0 0 0 0 0 0 0 0 0 0 0 0 0 0 0 0 0 0 0 1 0 0 0 0 0 0 0 0 0 0 0 0 0 0 0 0 0 0 0 1 1 0 
0 0 0 0 1 0 0 0 0 0 0 0 0 0 0 0 0 0 0 0 0 0 0 0 0 0 0 0 0 0 0 0 0 0 0 0 0 0 0 0 0 0 0 0 0 0 0 0 1 0 0 0 0 1 1 0 0 0 0 0 
0 0 0 0 0 0 0 0 0 0 0 0 0 0 0 1 0 0 0 0 0 0 0 0 0 0 0 1 0 0 0 0 0 0 0 0 0 0 0 0 0 0 0 0 0 0 0 0 0 0 0 1 0 0 0 0 0 0 0 0 
0 0 0 0 0 0 0 0 0 0 0 0 0 0 0 0 0 1 0 0 0 0 0 1 0 0 0 0 0 0 0 0 0 0 0 0 1 0 1 0 0 0 0 0 1 0 0 0 0 0 0 0 0 0 0 0 0 0 0 0 
0 0 0 0 0 0 0 0 0 0 0 0 0 0 0 0 0 0 0 0 1 1 0 0 0 0 0 0 0 0 0 0 0 1 0 0 0 0 0 1 1 0 0 0 0 0 0 0 0 0 0 0 0 0 0 0 0 0 0 0 
0 0 0 0 0 0 0 0 0 0 0 0 0 0 0 0 0 0 0 0 0 0 0 0 0 0 0 0 0 1 0 0 0 0 0 0 0 0 0 0 0 0 0 0 0 0 0 0 0 0 0 0 1 0 0 0 0 0 0 0 
0 0 1 0 0 0 0 0 0 0 0 0 0 0 0 0 0 0 0 0 0 0 1 0 0 0 0 0 0 0 0 0 0 0 0 0 0 0 0 0 0 1 0 0 0 0 0 0 0 0 0 0 0 0 0 0 0 0 0 1 
0 0 0 0 0 0 0 0 1 0 0 0 0 0 0 0 0 0 0 0 0 0 0 0 0 0 0 0 0 0 0 0 0 0 0 0 0 0 0 0 0 0 0 0 0 0 0 0 0 0 0 0 0 0 0 0 1 0 0 0 
0 0 0 0 0 0 0 0 0 0 0 0 0 0 0 0 0 0 0 0 0 0 0 0 0 0 0 0 0 0 1 0 0 0 0 0 0 0 0 0 0 0 0 1 0 0 0 0 0 0 0 0 0 0 0 1 0 0 0 0 
0 0 0 0 0 0 1 0 0 0 0 0 0 0 0 0 0 0 0 1 0 0 0 0 0 0 0 0 0 0 0 0 0 0 0 0 0 0 0 0 0 0 0 0 0 0 0 0 0 0 0 0 0 0 0 0 0 0 0 0 
0 0 0 0 0 0 0 1 0 0 0 0 0 0 1 0 0 0 0 0 0 0 0 0 0 0 0 0 0 0 0 0 0 0 0 0 0 0 0 0 0 0 0 0 0 0 0 0 0 0 0 0 0 0 0 0 0 0 0 0 
0 0 0 0 0 0 0 0 0 0 0 1 0 0 0 0 0 0 1 0 0 0 0 0 0 0 0 0 0 0 0 0 0 0 0 0 0 0 0 0 0 0 0 0 0 0 1 0 0 0 0 0 0 0 0 0 0 0 0 0
---------------------
 
