Adaption from Behnke54

Number of operations for each part
5 5 5 5 5 5 5 5 5 5 5 5 5 5 5 5 5 5 5 5 5 5 5 5 5 5 5 5 5 5 5 5 5 5 5 5 5 5 5 5 5 5 5 5 5 5 5 5 5 5
---------------------
 
Processing time   (0 -- non-optional machine)
Rows: sequential for each operation of each part; Columns: correspond to machine number
21 20 14 14 0 0 0 0 0 0 0 0 0 0 0 0 0 0 0 0 0 0 0 0 0 0 0 0 0 0 0 0 0 0 0 0 0 0 0 0 0 0 0 0 0 0 0 0 0 0 0 0 0 0 0 0 0 0 0 0 
0 0 0 0 13 26 28 26 10 10 24 12 30 21 14 15 12 12 12 14 28 23 30 12 17 11 23 13 19 25 27 30 21 18 28 21 18 26 15 12 29 20 19 23 0 0 0 0 0 0 0 0 21 15 29 27 0 0 0 0 
0 0 0 0 23 26 24 17 19 28 30 26 29 10 24 16 11 23 28 22 10 22 13 13 11 26 10 22 20 10 10 20 25 23 22 10 13 15 18 13 28 28 23 16 28 27 28 21 21 21 26 23 17 28 15 27 0 0 0 0 
0 0 0 0 11 14 30 28 16 24 12 23 15 29 10 27 23 26 14 25 30 28 20 28 12 14 24 20 30 23 30 26 27 22 20 23 21 22 27 23 18 10 18 30 20 29 30 13 17 27 24 22 29 13 15 28 0 0 0 0 
0 0 0 0 0 0 0 0 0 0 0 0 0 0 0 0 0 0 0 0 0 0 0 0 0 0 0 0 0 0 0 0 0 0 0 0 0 0 0 0 0 0 0 0 0 0 0 0 0 0 0 0 0 0 0 0 27 27 20 25 
13 22 28 30 0 0 0 0 0 0 0 0 0 0 0 0 0 0 0 0 0 0 0 0 0 0 0 0 0 0 0 0 0 0 0 0 0 0 0 0 0 0 0 0 0 0 0 0 0 0 0 0 0 0 0 0 0 0 0 0 
0 0 0 0 0 0 0 0 20 21 22 10 0 0 0 0 29 30 25 29 28 28 12 25 12 10 23 28 15 16 20 11 30 24 29 10 29 27 14 24 21 10 10 24 0 0 0 0 0 0 0 0 0 0 0 0 0 0 0 0 
0 0 0 0 0 0 0 0 16 14 14 14 25 28 29 18 16 10 19 23 0 0 0 0 0 0 0 0 0 0 0 0 0 0 0 0 21 10 26 29 16 26 25 25 27 18 10 14 19 18 27 25 0 0 0 0 0 0 0 0 
0 0 0 0 0 0 0 0 0 0 0 0 0 0 0 0 0 0 0 0 15 10 11 22 0 0 0 0 15 11 10 12 0 0 0 0 21 19 18 22 0 0 0 0 0 0 0 0 0 0 0 0 0 0 0 0 0 0 0 0 
0 0 0 0 0 0 0 0 0 0 0 0 0 0 0 0 0 0 0 0 0 0 0 0 0 0 0 0 0 0 0 0 0 0 0 0 0 0 0 0 0 0 0 0 0 0 0 0 0 0 0 0 0 0 0 0 26 17 12 21 
16 19 24 11 0 0 0 0 0 0 0 0 0 0 0 0 0 0 0 0 0 0 0 0 0 0 0 0 0 0 0 0 0 0 0 0 0 0 0 0 0 0 0 0 0 0 0 0 0 0 0 0 0 0 0 0 0 0 0 0 
0 0 0 0 24 20 28 12 18 12 14 29 13 27 27 22 24 15 10 27 12 12 21 23 27 29 22 18 26 13 22 14 16 18 29 17 29 12 19 15 26 19 15 13 28 30 11 15 16 19 23 30 11 30 10 18 0 0 0 0 
0 0 0 0 15 16 19 21 21 16 19 29 19 25 26 14 13 14 28 27 22 19 23 28 26 25 24 28 0 0 0 0 19 25 27 11 13 12 10 14 0 0 0 0 17 18 15 30 0 0 0 0 0 0 0 0 0 0 0 0 
0 0 0 0 26 29 30 28 0 0 0 0 17 11 16 24 15 23 15 26 0 0 0 0 21 16 12 23 11 20 23 17 17 30 17 11 12 19 30 15 16 17 16 29 28 29 24 30 0 0 0 0 14 19 23 29 0 0 0 0 
0 0 0 0 0 0 0 0 0 0 0 0 0 0 0 0 0 0 0 0 0 0 0 0 0 0 0 0 0 0 0 0 0 0 0 0 0 0 0 0 0 0 0 0 0 0 0 0 0 0 0 0 0 0 0 0 24 18 29 26 
27 29 23 11 0 0 0 0 0 0 0 0 0 0 0 0 0 0 0 0 0 0 0 0 0 0 0 0 0 0 0 0 0 0 0 0 0 0 0 0 0 0 0 0 0 0 0 0 0 0 0 0 0 0 0 0 0 0 0 0 
0 0 0 0 0 0 0 0 0 0 0 0 0 0 0 0 0 0 0 0 0 0 0 0 0 0 0 0 0 0 0 0 0 0 0 0 0 0 0 0 15 19 18 24 0 0 0 0 0 0 0 0 0 0 0 0 0 0 0 0 
0 0 0 0 0 0 0 0 18 13 16 22 0 0 0 0 10 10 21 11 27 13 29 13 0 0 0 0 0 0 0 0 12 20 25 29 14 12 10 14 0 0 0 0 0 0 0 0 0 0 0 0 0 0 0 0 0 0 0 0 
0 0 0 0 23 30 24 10 19 24 13 26 20 19 26 26 16 25 12 30 21 14 23 25 20 11 24 14 26 13 20 23 27 22 24 12 0 0 0 0 12 20 20 24 28 26 16 20 22 21 19 13 14 21 20 21 0 0 0 0 
0 0 0 0 0 0 0 0 0 0 0 0 0 0 0 0 0 0 0 0 0 0 0 0 0 0 0 0 0 0 0 0 0 0 0 0 0 0 0 0 0 0 0 0 0 0 0 0 0 0 0 0 0 0 0 0 21 23 24 17 
26 10 27 11 0 0 0 0 0 0 0 0 0 0 0 0 0 0 0 0 0 0 0 0 0 0 0 0 0 0 0 0 0 0 0 0 0 0 0 0 0 0 0 0 0 0 0 0 0 0 0 0 0 0 0 0 0 0 0 0 
0 0 0 0 30 29 28 13 12 11 25 22 25 15 19 12 13 10 16 17 12 17 20 27 17 10 19 11 27 20 28 15 0 0 0 0 14 27 23 24 0 0 0 0 0 0 0 0 25 26 17 30 0 0 0 0 0 0 0 0 
0 0 0 0 15 26 28 26 24 18 12 20 19 13 27 26 0 0 0 0 0 0 0 0 0 0 0 0 0 0 0 0 16 24 16 11 0 0 0 0 10 10 12 26 19 14 13 26 14 11 27 26 27 28 10 30 0 0 0 0 
0 0 0 0 0 0 0 0 19 13 24 27 24 17 29 24 16 13 14 11 0 0 0 0 22 16 30 18 0 0 0 0 0 0 0 0 0 0 0 0 0 0 0 0 0 0 0 0 0 0 0 0 27 30 30 19 0 0 0 0 
0 0 0 0 0 0 0 0 0 0 0 0 0 0 0 0 0 0 0 0 0 0 0 0 0 0 0 0 0 0 0 0 0 0 0 0 0 0 0 0 0 0 0 0 0 0 0 0 0 0 0 0 0 0 0 0 20 20 29 16 
28 17 26 26 0 0 0 0 0 0 0 0 0 0 0 0 0 0 0 0 0 0 0 0 0 0 0 0 0 0 0 0 0 0 0 0 0 0 0 0 0 0 0 0 0 0 0 0 0 0 0 0 0 0 0 0 0 0 0 0 
0 0 0 0 13 21 14 24 24 16 17 20 24 30 12 22 27 25 22 11 0 0 0 0 27 21 29 13 0 0 0 0 27 16 19 30 0 0 0 0 22 29 23 12 0 0 0 0 19 26 11 19 26 14 20 27 0 0 0 0 
0 0 0 0 14 17 22 22 15 20 22 24 15 16 19 22 17 24 14 23 0 0 0 0 15 26 18 27 0 0 0 0 26 29 23 27 0 0 0 0 21 24 29 29 23 14 26 30 0 0 0 0 13 28 28 18 0 0 0 0 
0 0 0 0 0 0 0 0 14 28 22 21 0 0 0 0 22 30 27 22 23 15 29 20 0 0 0 0 10 12 11 26 20 19 13 17 0 0 0 0 12 16 10 16 19 28 15 12 0 0 0 0 0 0 0 0 0 0 0 0 
0 0 0 0 0 0 0 0 0 0 0 0 0 0 0 0 0 0 0 0 0 0 0 0 0 0 0 0 0 0 0 0 0 0 0 0 0 0 0 0 0 0 0 0 0 0 0 0 0 0 0 0 0 0 0 0 25 14 26 18 
17 22 29 21 0 0 0 0 0 0 0 0 0 0 0 0 0 0 0 0 0 0 0 0 0 0 0 0 0 0 0 0 0 0 0 0 0 0 0 0 0 0 0 0 0 0 0 0 0 0 0 0 0 0 0 0 0 0 0 0 
0 0 0 0 26 23 21 29 0 0 0 0 19 29 24 14 0 0 0 0 0 0 0 0 22 28 15 29 30 18 19 23 0 0 0 0 25 25 17 12 24 19 19 29 10 17 29 11 0 0 0 0 29 17 18 20 0 0 0 0 
0 0 0 0 27 21 23 18 0 0 0 0 0 0 0 0 0 0 0 0 0 0 0 0 30 27 28 23 0 0 0 0 0 0 0 0 0 0 0 0 0 0 0 0 0 0 0 0 0 0 0 0 23 27 26 10 0 0 0 0 
0 0 0 0 0 0 0 0 0 0 0 0 18 15 17 13 0 0 0 0 0 0 0 0 0 0 0 0 0 0 0 0 0 0 0 0 0 0 0 0 0 0 0 0 0 0 0 0 0 0 0 0 0 0 0 0 0 0 0 0 
0 0 0 0 0 0 0 0 0 0 0 0 0 0 0 0 0 0 0 0 0 0 0 0 0 0 0 0 0 0 0 0 0 0 0 0 0 0 0 0 0 0 0 0 0 0 0 0 0 0 0 0 0 0 0 0 17 18 17 15 
23 21 13 30 0 0 0 0 0 0 0 0 0 0 0 0 0 0 0 0 0 0 0 0 0 0 0 0 0 0 0 0 0 0 0 0 0 0 0 0 0 0 0 0 0 0 0 0 0 0 0 0 0 0 0 0 0 0 0 0 
0 0 0 0 13 10 26 28 26 28 28 22 11 30 12 25 0 0 0 0 17 11 17 26 24 24 29 28 26 24 24 10 0 0 0 0 14 11 12 22 28 26 29 14 28 21 20 29 24 16 14 22 22 24 16 16 0 0 0 0 
0 0 0 0 19 26 16 23 15 23 11 26 21 25 24 26 16 27 11 20 20 14 17 28 16 16 28 29 19 27 21 20 26 24 14 18 10 11 24 18 25 30 15 12 0 0 0 0 0 0 0 0 22 30 22 28 0 0 0 0 
0 0 0 0 12 20 25 13 0 0 0 0 12 14 29 11 0 0 0 0 13 14 25 25 29 19 22 20 19 30 18 15 24 11 16 24 0 0 0 0 0 0 0 0 0 0 0 0 18 28 15 17 0 0 0 0 0 0 0 0 
0 0 0 0 0 0 0 0 0 0 0 0 0 0 0 0 0 0 0 0 0 0 0 0 0 0 0 0 0 0 0 0 0 0 0 0 0 0 0 0 0 0 0 0 0 0 0 0 0 0 0 0 0 0 0 0 23 17 19 23 
11 21 22 19 0 0 0 0 0 0 0 0 0 0 0 0 0 0 0 0 0 0 0 0 0 0 0 0 0 0 0 0 0 0 0 0 0 0 0 0 0 0 0 0 0 0 0 0 0 0 0 0 0 0 0 0 0 0 0 0 
0 0 0 0 28 12 19 21 0 0 0 0 0 0 0 0 26 14 23 25 26 20 17 11 0 0 0 0 0 0 0 0 26 19 29 26 29 16 17 29 0 0 0 0 13 18 23 21 0 0 0 0 0 0 0 0 0 0 0 0 
0 0 0 0 24 16 14 12 0 0 0 0 0 0 0 0 0 0 0 0 0 0 0 0 0 0 0 0 0 0 0 0 27 13 27 13 0 0 0 0 0 0 0 0 0 0 0 0 0 0 0 0 0 0 0 0 0 0 0 0 
0 0 0 0 0 0 0 0 12 15 12 27 25 22 14 29 0 0 0 0 19 27 25 12 29 21 16 18 14 16 16 28 15 11 19 15 23 11 26 27 16 24 24 21 0 0 0 0 18 10 30 10 15 22 22 22 0 0 0 0 
0 0 0 0 0 0 0 0 0 0 0 0 0 0 0 0 0 0 0 0 0 0 0 0 0 0 0 0 0 0 0 0 0 0 0 0 0 0 0 0 0 0 0 0 0 0 0 0 0 0 0 0 0 0 0 0 20 25 28 20 
13 29 15 25 0 0 0 0 0 0 0 0 0 0 0 0 0 0 0 0 0 0 0 0 0 0 0 0 0 0 0 0 0 0 0 0 0 0 0 0 0 0 0 0 0 0 0 0 0 0 0 0 0 0 0 0 0 0 0 0 
0 0 0 0 18 21 26 25 0 0 0 0 23 16 25 18 20 11 22 25 0 0 0 0 27 11 19 20 28 26 30 11 16 13 28 16 30 28 24 12 28 21 11 19 10 29 16 19 18 15 17 21 29 21 18 17 0 0 0 0 
0 0 0 0 0 0 0 0 0 0 0 0 0 0 0 0 0 0 0 0 0 0 0 0 0 0 0 0 24 18 13 14 0 0 0 0 0 0 0 0 0 0 0 0 0 0 0 0 0 0 0 0 0 0 0 0 0 0 0 0 
0 0 0 0 0 0 0 0 12 24 30 17 18 19 25 25 0 0 0 0 30 29 21 17 0 0 0 0 25 21 18 14 18 21 29 18 11 21 19 25 0 0 0 0 29 21 18 27 18 21 29 24 19 23 29 26 0 0 0 0 
0 0 0 0 0 0 0 0 0 0 0 0 0 0 0 0 0 0 0 0 0 0 0 0 0 0 0 0 0 0 0 0 0 0 0 0 0 0 0 0 0 0 0 0 0 0 0 0 0 0 0 0 0 0 0 0 10 30 22 26 
17 29 14 28 0 0 0 0 0 0 0 0 0 0 0 0 0 0 0 0 0 0 0 0 0 0 0 0 0 0 0 0 0 0 0 0 0 0 0 0 0 0 0 0 0 0 0 0 0 0 0 0 0 0 0 0 0 0 0 0 
0 0 0 0 0 0 0 0 0 0 0 0 20 27 29 17 0 0 0 0 0 0 0 0 0 0 0 0 0 0 0 0 27 19 16 27 12 18 27 23 0 0 0 0 0 0 0 0 0 0 0 0 16 23 17 29 0 0 0 0 
0 0 0 0 29 24 11 16 0 0 0 0 29 24 19 10 17 11 23 25 17 20 12 13 21 17 18 12 0 0 0 0 0 0 0 0 0 0 0 0 24 23 17 27 0 0 0 0 0 0 0 0 0 0 0 0 0 0 0 0 
0 0 0 0 0 0 0 0 15 17 20 22 25 29 28 14 25 29 29 18 14 30 13 12 0 0 0 0 27 24 13 18 0 0 0 0 0 0 0 0 0 0 0 0 10 22 25 26 16 30 15 19 25 25 17 22 0 0 0 0 
0 0 0 0 0 0 0 0 0 0 0 0 0 0 0 0 0 0 0 0 0 0 0 0 0 0 0 0 0 0 0 0 0 0 0 0 0 0 0 0 0 0 0 0 0 0 0 0 0 0 0 0 0 0 0 0 22 18 12 24 
19 26 21 10 0 0 0 0 0 0 0 0 0 0 0 0 0 0 0 0 0 0 0 0 0 0 0 0 0 0 0 0 0 0 0 0 0 0 0 0 0 0 0 0 0 0 0 0 0 0 0 0 0 0 0 0 0 0 0 0 
0 0 0 0 0 0 0 0 21 12 29 10 20 13 25 18 22 20 16 16 23 26 17 26 29 29 10 25 28 19 22 27 30 14 23 30 20 10 24 17 25 30 27 27 18 17 29 13 0 0 0 0 0 0 0 0 0 0 0 0 
0 0 0 0 12 17 29 16 0 0 0 0 18 28 25 19 0 0 0 0 0 0 0 0 0 0 0 0 13 13 30 20 0 0 0 0 22 24 30 20 0 0 0 0 21 14 22 18 0 0 0 0 13 19 12 24 0 0 0 0 
0 0 0 0 0 0 0 0 30 15 16 26 29 23 27 15 17 28 21 11 0 0 0 0 16 10 22 30 20 12 13 22 0 0 0 0 0 0 0 0 0 0 0 0 13 16 14 27 14 13 10 24 23 12 25 22 0 0 0 0 
0 0 0 0 0 0 0 0 0 0 0 0 0 0 0 0 0 0 0 0 0 0 0 0 0 0 0 0 0 0 0 0 0 0 0 0 0 0 0 0 0 0 0 0 0 0 0 0 0 0 0 0 0 0 0 0 22 10 23 18 
11 12 17 16 0 0 0 0 0 0 0 0 0 0 0 0 0 0 0 0 0 0 0 0 0 0 0 0 0 0 0 0 0 0 0 0 0 0 0 0 0 0 0 0 0 0 0 0 0 0 0 0 0 0 0 0 0 0 0 0 
0 0 0 0 20 16 15 21 19 30 27 30 30 11 20 29 23 27 15 30 0 0 0 0 18 26 20 24 18 29 14 25 20 20 20 25 17 25 25 16 19 19 10 22 15 24 29 23 0 0 0 0 29 14 19 16 0 0 0 0 
0 0 0 0 29 29 14 26 20 26 25 21 0 0 0 0 0 0 0 0 0 0 0 0 0 0 0 0 0 0 0 0 21 14 19 19 12 20 14 26 0 0 0 0 0 0 0 0 24 26 30 30 0 0 0 0 0 0 0 0 
0 0 0 0 22 15 23 18 12 10 10 24 0 0 0 0 11 22 20 18 28 10 15 19 16 23 23 24 0 0 0 0 0 0 0 0 0 0 0 0 26 10 15 21 19 30 12 20 0 0 0 0 30 14 14 12 0 0 0 0 
0 0 0 0 0 0 0 0 0 0 0 0 0 0 0 0 0 0 0 0 0 0 0 0 0 0 0 0 0 0 0 0 0 0 0 0 0 0 0 0 0 0 0 0 0 0 0 0 0 0 0 0 0 0 0 0 28 10 29 20 
29 18 27 13 0 0 0 0 0 0 0 0 0 0 0 0 0 0 0 0 0 0 0 0 0 0 0 0 0 0 0 0 0 0 0 0 0 0 0 0 0 0 0 0 0 0 0 0 0 0 0 0 0 0 0 0 0 0 0 0 
0 0 0 0 20 13 12 28 14 17 21 15 0 0 0 0 0 0 0 0 21 19 25 11 0 0 0 0 10 22 14 25 29 17 20 27 25 12 15 17 0 0 0 0 21 22 22 21 29 16 22 22 12 19 29 17 0 0 0 0 
0 0 0 0 0 0 0 0 0 0 0 0 0 0 0 0 0 0 0 0 0 0 0 0 27 20 17 23 0 0 0 0 0 0 0 0 0 0 0 0 25 19 10 26 11 21 30 24 0 0 0 0 21 29 11 13 0 0 0 0 
0 0 0 0 24 24 26 30 28 12 22 18 20 18 16 26 0 0 0 0 25 24 15 29 21 30 10 18 24 30 21 18 12 12 29 27 10 12 20 13 0 0 0 0 22 17 21 17 28 22 12 14 26 12 26 18 0 0 0 0 
0 0 0 0 0 0 0 0 0 0 0 0 0 0 0 0 0 0 0 0 0 0 0 0 0 0 0 0 0 0 0 0 0 0 0 0 0 0 0 0 0 0 0 0 0 0 0 0 0 0 0 0 0 0 0 0 20 13 23 17 
30 30 21 27 0 0 0 0 0 0 0 0 0 0 0 0 0 0 0 0 0 0 0 0 0 0 0 0 0 0 0 0 0 0 0 0 0 0 0 0 0 0 0 0 0 0 0 0 0 0 0 0 0 0 0 0 0 0 0 0 
0 0 0 0 0 0 0 0 0 0 0 0 0 0 0 0 0 0 0 0 20 19 18 15 18 17 16 15 10 24 19 17 0 0 0 0 11 11 24 16 0 0 0 0 0 0 0 0 0 0 0 0 0 0 0 0 0 0 0 0 
0 0 0 0 0 0 0 0 16 12 17 27 0 0 0 0 0 0 0 0 17 24 12 28 0 0 0 0 0 0 0 0 12 13 14 11 0 0 0 0 0 0 0 0 22 27 27 30 0 0 0 0 0 0 0 0 0 0 0 0 
0 0 0 0 16 22 24 18 28 23 26 28 25 28 26 10 17 17 30 12 24 26 12 10 13 23 12 21 30 21 24 17 22 13 22 21 10 25 22 24 23 12 14 25 30 26 23 22 15 27 22 25 17 30 14 10 0 0 0 0 
0 0 0 0 0 0 0 0 0 0 0 0 0 0 0 0 0 0 0 0 0 0 0 0 0 0 0 0 0 0 0 0 0 0 0 0 0 0 0 0 0 0 0 0 0 0 0 0 0 0 0 0 0 0 0 0 24 26 23 23 
28 11 26 25 0 0 0 0 0 0 0 0 0 0 0 0 0 0 0 0 0 0 0 0 0 0 0 0 0 0 0 0 0 0 0 0 0 0 0 0 0 0 0 0 0 0 0 0 0 0 0 0 0 0 0 0 0 0 0 0 
0 0 0 0 30 27 18 26 13 13 11 28 14 13 11 24 14 28 24 13 26 15 17 26 18 22 23 11 22 25 19 17 19 10 29 30 0 0 0 0 22 29 22 13 11 18 10 10 23 19 18 10 12 24 18 21 0 0 0 0 
0 0 0 0 0 0 0 0 0 0 0 0 0 0 0 0 30 15 30 19 30 20 27 17 22 20 15 29 19 13 15 20 27 26 10 23 0 0 0 0 0 0 0 0 0 0 0 0 24 13 26 15 0 0 0 0 0 0 0 0 
0 0 0 0 0 0 0 0 27 28 13 28 0 0 0 0 20 25 25 10 30 10 14 22 17 27 17 25 0 0 0 0 16 19 21 19 0 0 0 0 21 27 16 23 0 0 0 0 0 0 0 0 20 26 23 22 0 0 0 0 
0 0 0 0 0 0 0 0 0 0 0 0 0 0 0 0 0 0 0 0 0 0 0 0 0 0 0 0 0 0 0 0 0 0 0 0 0 0 0 0 0 0 0 0 0 0 0 0 0 0 0 0 0 0 0 0 29 16 19 21 
13 13 27 27 0 0 0 0 0 0 0 0 0 0 0 0 0 0 0 0 0 0 0 0 0 0 0 0 0 0 0 0 0 0 0 0 0 0 0 0 0 0 0 0 0 0 0 0 0 0 0 0 0 0 0 0 0 0 0 0 
0 0 0 0 25 27 20 13 18 24 13 20 15 22 20 20 15 15 19 13 17 13 29 27 0 0 0 0 28 26 20 23 29 13 20 29 0 0 0 0 23 10 23 12 13 18 29 20 11 22 22 22 15 12 27 19 0 0 0 0 
0 0 0 0 0 0 0 0 20 14 13 22 16 16 28 14 0 0 0 0 0 0 0 0 0 0 0 0 0 0 0 0 29 23 12 26 0 0 0 0 0 0 0 0 0 0 0 0 0 0 0 0 0 0 0 0 0 0 0 0 
0 0 0 0 0 0 0 0 0 0 0 0 0 0 0 0 14 15 29 10 0 0 0 0 0 0 0 0 0 0 0 0 0 0 0 0 0 0 0 0 0 0 0 0 0 0 0 0 15 15 24 19 30 18 28 26 0 0 0 0 
0 0 0 0 0 0 0 0 0 0 0 0 0 0 0 0 0 0 0 0 0 0 0 0 0 0 0 0 0 0 0 0 0 0 0 0 0 0 0 0 0 0 0 0 0 0 0 0 0 0 0 0 0 0 0 0 12 16 28 10 
25 28 26 27 0 0 0 0 0 0 0 0 0 0 0 0 0 0 0 0 0 0 0 0 0 0 0 0 0 0 0 0 0 0 0 0 0 0 0 0 0 0 0 0 0 0 0 0 0 0 0 0 0 0 0 0 0 0 0 0 
0 0 0 0 12 25 13 26 30 20 20 17 24 24 24 15 26 22 23 27 18 18 13 15 26 20 25 24 18 29 17 25 24 14 21 18 20 30 29 18 28 25 23 14 14 12 30 16 11 13 27 19 22 25 22 25 0 0 0 0 
0 0 0 0 13 14 15 23 0 0 0 0 0 0 0 0 13 10 15 11 0 0 0 0 0 0 0 0 0 0 0 0 0 0 0 0 11 11 25 24 0 0 0 0 0 0 0 0 0 0 0 0 0 0 0 0 0 0 0 0 
0 0 0 0 18 19 20 10 0 0 0 0 0 0 0 0 0 0 0 0 0 0 0 0 0 0 0 0 26 14 23 17 0 0 0 0 0 0 0 0 23 30 20 24 0 0 0 0 0 0 0 0 0 0 0 0 0 0 0 0 
0 0 0 0 0 0 0 0 0 0 0 0 0 0 0 0 0 0 0 0 0 0 0 0 0 0 0 0 0 0 0 0 0 0 0 0 0 0 0 0 0 0 0 0 0 0 0 0 0 0 0 0 0 0 0 0 19 18 17 11 
15 27 17 14 0 0 0 0 0 0 0 0 0 0 0 0 0 0 0 0 0 0 0 0 0 0 0 0 0 0 0 0 0 0 0 0 0 0 0 0 0 0 0 0 0 0 0 0 0 0 0 0 0 0 0 0 0 0 0 0 
0 0 0 0 16 29 18 22 0 0 0 0 0 0 0 0 23 29 24 23 0 0 0 0 0 0 0 0 12 18 12 10 12 30 17 16 0 0 0 0 0 0 0 0 0 0 0 0 0 0 0 0 20 29 26 25 0 0 0 0 
0 0 0 0 23 10 13 27 19 20 14 22 20 21 11 28 16 17 17 13 28 19 23 24 0 0 0 0 0 0 0 0 0 0 0 0 0 0 0 0 0 0 0 0 23 15 17 15 22 25 27 17 0 0 0 0 0 0 0 0 
0 0 0 0 0 0 0 0 13 19 28 19 0 0 0 0 0 0 0 0 0 0 0 0 0 0 0 0 0 0 0 0 0 0 0 0 0 0 0 0 0 0 0 0 0 0 0 0 0 0 0 0 0 0 0 0 0 0 0 0 
0 0 0 0 0 0 0 0 0 0 0 0 0 0 0 0 0 0 0 0 0 0 0 0 0 0 0 0 0 0 0 0 0 0 0 0 0 0 0 0 0 0 0 0 0 0 0 0 0 0 0 0 0 0 0 0 16 25 10 21 
10 29 13 18 0 0 0 0 0 0 0 0 0 0 0 0 0 0 0 0 0 0 0 0 0 0 0 0 0 0 0 0 0 0 0 0 0 0 0 0 0 0 0 0 0 0 0 0 0 0 0 0 0 0 0 0 0 0 0 0 
0 0 0 0 0 0 0 0 0 0 0 0 0 0 0 0 0 0 0 0 0 0 0 0 19 24 26 13 0 0 0 0 0 0 0 0 0 0 0 0 0 0 0 0 0 0 0 0 0 0 0 0 0 0 0 0 0 0 0 0 
0 0 0 0 13 10 11 25 17 28 28 28 0 0 0 0 19 27 29 13 30 16 21 16 17 17 28 11 15 26 30 24 0 0 0 0 20 10 21 12 23 20 22 26 25 26 18 26 18 10 25 20 0 0 0 0 0 0 0 0 
0 0 0 0 0 0 0 0 0 0 0 0 0 0 0 0 0 0 0 0 0 0 0 0 0 0 0 0 0 0 0 0 0 0 0 0 27 19 20 20 0 0 0 0 0 0 0 0 0 0 0 0 0 0 0 0 0 0 0 0 
0 0 0 0 0 0 0 0 0 0 0 0 0 0 0 0 0 0 0 0 0 0 0 0 0 0 0 0 0 0 0 0 0 0 0 0 0 0 0 0 0 0 0 0 0 0 0 0 0 0 0 0 0 0 0 0 10 18 25 27 
10 20 20 23 0 0 0 0 0 0 0 0 0 0 0 0 0 0 0 0 0 0 0 0 0 0 0 0 0 0 0 0 0 0 0 0 0 0 0 0 0 0 0 0 0 0 0 0 0 0 0 0 0 0 0 0 0 0 0 0 
0 0 0 0 0 0 0 0 0 0 0 0 0 0 0 0 24 10 26 24 0 0 0 0 0 0 0 0 0 0 0 0 0 0 0 0 0 0 0 0 0 0 0 0 0 0 0 0 0 0 0 0 0 0 0 0 0 0 0 0 
0 0 0 0 15 27 12 10 26 16 29 30 26 15 18 28 25 15 11 13 15 26 18 22 10 10 20 21 23 15 13 29 25 24 19 16 13 29 30 24 22 27 26 28 12 29 26 25 30 22 24 13 14 23 15 18 0 0 0 0 
0 0 0 0 0 0 0 0 12 28 25 15 16 28 23 22 0 0 0 0 23 30 12 28 0 0 0 0 0 0 0 0 26 17 28 15 0 0 0 0 0 0 0 0 14 14 25 15 0 0 0 0 14 13 14 14 0 0 0 0 
0 0 0 0 0 0 0 0 0 0 0 0 0 0 0 0 0 0 0 0 0 0 0 0 0 0 0 0 0 0 0 0 0 0 0 0 0 0 0 0 0 0 0 0 0 0 0 0 0 0 0 0 0 0 0 0 10 15 25 16 
23 15 27 15 0 0 0 0 0 0 0 0 0 0 0 0 0 0 0 0 0 0 0 0 0 0 0 0 0 0 0 0 0 0 0 0 0 0 0 0 0 0 0 0 0 0 0 0 0 0 0 0 0 0 0 0 0 0 0 0 
0 0 0 0 10 19 19 25 23 19 12 13 0 0 0 0 0 0 0 0 0 0 0 0 16 22 28 26 15 15 13 24 10 18 15 28 17 22 27 22 0 0 0 0 28 29 27 30 0 0 0 0 15 18 19 10 0 0 0 0 
0 0 0 0 0 0 0 0 17 26 13 28 0 0 0 0 18 22 18 23 18 13 28 17 24 23 18 10 29 11 19 23 11 29 19 24 16 27 16 21 0 0 0 0 26 20 28 12 0 0 0 0 0 0 0 0 0 0 0 0 
0 0 0 0 0 0 0 0 26 17 24 11 0 0 0 0 0 0 0 0 25 11 20 18 16 14 28 16 0 0 0 0 0 0 0 0 0 0 0 0 0 0 0 0 0 0 0 0 0 0 0 0 0 0 0 0 0 0 0 0 
0 0 0 0 0 0 0 0 0 0 0 0 0 0 0 0 0 0 0 0 0 0 0 0 0 0 0 0 0 0 0 0 0 0 0 0 0 0 0 0 0 0 0 0 0 0 0 0 0 0 0 0 0 0 0 0 14 12 20 27 
23 25 21 25 0 0 0 0 0 0 0 0 0 0 0 0 0 0 0 0 0 0 0 0 0 0 0 0 0 0 0 0 0 0 0 0 0 0 0 0 0 0 0 0 0 0 0 0 0 0 0 0 0 0 0 0 0 0 0 0 
0 0 0 0 15 10 18 30 0 0 0 0 22 15 24 25 0 0 0 0 0 0 0 0 18 13 11 19 12 19 15 13 10 24 27 20 26 30 13 13 0 0 0 0 0 0 0 0 0 0 0 0 0 0 0 0 0 0 0 0 
0 0 0 0 0 0 0 0 21 17 12 25 26 24 12 25 21 14 16 15 17 14 26 14 0 0 0 0 20 17 15 22 30 19 29 16 27 19 12 30 0 0 0 0 0 0 0 0 18 15 18 20 27 20 30 24 0 0 0 0 
0 0 0 0 19 15 27 21 30 11 23 28 29 23 15 20 30 27 28 14 22 13 25 20 13 13 27 15 30 11 28 22 26 15 29 29 16 22 18 14 0 0 0 0 0 0 0 0 0 0 0 0 24 12 19 16 0 0 0 0 
0 0 0 0 0 0 0 0 0 0 0 0 0 0 0 0 0 0 0 0 0 0 0 0 0 0 0 0 0 0 0 0 0 0 0 0 0 0 0 0 0 0 0 0 0 0 0 0 0 0 0 0 0 0 0 0 29 16 25 25 
27 19 17 25 0 0 0 0 0 0 0 0 0 0 0 0 0 0 0 0 0 0 0 0 0 0 0 0 0 0 0 0 0 0 0 0 0 0 0 0 0 0 0 0 0 0 0 0 0 0 0 0 0 0 0 0 0 0 0 0 
0 0 0 0 0 0 0 0 0 0 0 0 18 27 24 19 22 24 24 19 13 19 27 23 0 0 0 0 0 0 0 0 0 0 0 0 0 0 0 0 0 0 0 0 16 23 14 20 0 0 0 0 0 0 0 0 0 0 0 0 
0 0 0 0 0 0 0 0 27 30 12 21 26 22 16 19 27 26 24 16 0 0 0 0 12 25 14 19 17 18 12 30 0 0 0 0 18 24 25 20 0 0 0 0 11 20 28 18 19 11 19 19 23 14 18 29 0 0 0 0 
0 0 0 0 0 0 0 0 0 0 0 0 13 29 24 19 17 27 28 23 0 0 0 0 0 0 0 0 0 0 0 0 28 22 20 28 18 19 22 17 0 0 0 0 0 0 0 0 0 0 0 0 0 0 0 0 0 0 0 0 
0 0 0 0 0 0 0 0 0 0 0 0 0 0 0 0 0 0 0 0 0 0 0 0 0 0 0 0 0 0 0 0 0 0 0 0 0 0 0 0 0 0 0 0 0 0 0 0 0 0 0 0 0 0 0 0 28 13 19 11 
28 20 14 14 0 0 0 0 0 0 0 0 0 0 0 0 0 0 0 0 0 0 0 0 0 0 0 0 0 0 0 0 0 0 0 0 0 0 0 0 0 0 0 0 0 0 0 0 0 0 0 0 0 0 0 0 0 0 0 0 
0 0 0 0 20 24 10 27 22 11 16 29 25 21 11 13 13 13 30 27 29 30 28 15 0 0 0 0 25 12 19 21 20 22 13 19 12 20 30 10 20 23 10 10 24 22 26 26 16 25 29 23 29 28 18 18 0 0 0 0 
0 0 0 0 0 0 0 0 0 0 0 0 29 16 20 30 15 12 11 29 0 0 0 0 0 0 0 0 24 19 25 15 12 11 23 26 0 0 0 0 22 26 18 12 0 0 0 0 14 11 28 16 0 0 0 0 0 0 0 0 
0 0 0 0 27 26 17 20 12 13 19 19 0 0 0 0 0 0 0 0 21 27 13 15 12 19 29 25 14 20 16 25 22 26 25 15 22 12 25 14 19 16 24 21 11 28 16 13 11 19 27 16 0 0 0 0 0 0 0 0 
0 0 0 0 0 0 0 0 0 0 0 0 0 0 0 0 0 0 0 0 0 0 0 0 0 0 0 0 0 0 0 0 0 0 0 0 0 0 0 0 0 0 0 0 0 0 0 0 0 0 0 0 0 0 0 0 26 30 13 25 
19 26 12 14 0 0 0 0 0 0 0 0 0 0 0 0 0 0 0 0 0 0 0 0 0 0 0 0 0 0 0 0 0 0 0 0 0 0 0 0 0 0 0 0 0 0 0 0 0 0 0 0 0 0 0 0 0 0 0 0 
0 0 0 0 0 0 0 0 19 16 21 28 0 0 0 0 0 0 0 0 0 0 0 0 0 0 0 0 0 0 0 0 0 0 0 0 0 0 0 0 0 0 0 0 0 0 0 0 0 0 0 0 0 0 0 0 0 0 0 0 
0 0 0 0 12 24 22 21 18 14 11 20 24 13 16 28 12 16 27 25 0 0 0 0 20 28 14 16 0 0 0 0 0 0 0 0 0 0 0 0 11 27 22 30 0 0 0 0 0 0 0 0 0 0 0 0 0 0 0 0 
0 0 0 0 0 0 0 0 12 23 28 14 25 15 21 20 13 14 15 30 16 23 10 10 0 0 0 0 30 17 28 29 24 24 19 16 27 17 28 15 19 26 30 18 0 0 0 0 10 10 26 28 26 13 20 13 0 0 0 0 
0 0 0 0 0 0 0 0 0 0 0 0 0 0 0 0 0 0 0 0 0 0 0 0 0 0 0 0 0 0 0 0 0 0 0 0 0 0 0 0 0 0 0 0 0 0 0 0 0 0 0 0 0 0 0 0 30 13 29 24 
15 29 26 11 0 0 0 0 0 0 0 0 0 0 0 0 0 0 0 0 0 0 0 0 0 0 0 0 0 0 0 0 0 0 0 0 0 0 0 0 0 0 0 0 0 0 0 0 0 0 0 0 0 0 0 0 0 0 0 0 
0 0 0 0 0 0 0 0 0 0 0 0 0 0 0 0 0 0 0 0 0 0 0 0 0 0 0 0 0 0 0 0 0 0 0 0 0 0 0 0 0 0 0 0 18 22 21 14 0 0 0 0 0 0 0 0 0 0 0 0 
0 0 0 0 0 0 0 0 0 0 0 0 29 26 10 16 12 17 14 14 23 18 19 26 28 17 19 17 16 26 26 10 10 14 15 24 15 28 11 22 11 30 25 20 21 14 24 29 0 0 0 0 0 0 0 0 0 0 0 0 
0 0 0 0 0 0 0 0 0 0 0 0 0 0 0 0 0 0 0 0 21 19 27 17 0 0 0 0 0 0 0 0 0 0 0 0 0 0 0 0 0 0 0 0 0 0 0 0 0 0 0 0 0 0 0 0 0 0 0 0 
0 0 0 0 0 0 0 0 0 0 0 0 0 0 0 0 0 0 0 0 0 0 0 0 0 0 0 0 0 0 0 0 0 0 0 0 0 0 0 0 0 0 0 0 0 0 0 0 0 0 0 0 0 0 0 0 19 22 24 13 
17 25 16 20 0 0 0 0 0 0 0 0 0 0 0 0 0 0 0 0 0 0 0 0 0 0 0 0 0 0 0 0 0 0 0 0 0 0 0 0 0 0 0 0 0 0 0 0 0 0 0 0 0 0 0 0 0 0 0 0 
0 0 0 0 10 14 24 25 14 24 20 14 24 18 19 20 14 27 12 25 21 12 12 20 15 10 12 17 28 25 30 22 29 16 14 13 22 10 13 29 0 0 0 0 16 22 12 11 19 30 22 24 25 27 26 10 0 0 0 0 
0 0 0 0 29 20 27 16 0 0 0 0 0 0 0 0 22 13 10 23 20 28 23 14 14 27 12 23 0 0 0 0 29 23 25 21 12 25 16 29 25 20 26 13 18 20 28 23 25 16 23 14 10 12 25 21 0 0 0 0 
0 0 0 0 0 0 0 0 23 18 26 10 0 0 0 0 0 0 0 0 0 0 0 0 0 0 0 0 0 0 0 0 0 0 0 0 0 0 0 0 0 0 0 0 0 0 0 0 0 0 0 0 0 0 0 0 0 0 0 0 
0 0 0 0 0 0 0 0 0 0 0 0 0 0 0 0 0 0 0 0 0 0 0 0 0 0 0 0 0 0 0 0 0 0 0 0 0 0 0 0 0 0 0 0 0 0 0 0 0 0 0 0 0 0 0 0 28 29 15 11 
24 19 15 24 0 0 0 0 0 0 0 0 0 0 0 0 0 0 0 0 0 0 0 0 0 0 0 0 0 0 0 0 0 0 0 0 0 0 0 0 0 0 0 0 0 0 0 0 0 0 0 0 0 0 0 0 0 0 0 0 
0 0 0 0 27 27 30 18 30 16 21 17 10 23 13 27 11 29 28 24 29 10 22 26 14 17 17 22 17 13 14 13 20 16 25 14 30 10 16 18 0 0 0 0 0 0 0 0 30 21 27 15 14 29 11 16 0 0 0 0 
0 0 0 0 0 0 0 0 0 0 0 0 0 0 0 0 15 26 20 18 22 30 21 24 23 29 11 22 23 27 16 23 0 0 0 0 0 0 0 0 0 0 0 0 0 0 0 0 21 23 14 26 0 0 0 0 0 0 0 0 
0 0 0 0 0 0 0 0 17 21 13 25 30 11 16 27 18 14 18 22 20 19 17 12 21 18 11 28 0 0 0 0 0 0 0 0 10 10 30 30 0 0 0 0 14 11 21 24 22 13 20 14 0 0 0 0 0 0 0 0 
0 0 0 0 0 0 0 0 0 0 0 0 0 0 0 0 0 0 0 0 0 0 0 0 0 0 0 0 0 0 0 0 0 0 0 0 0 0 0 0 0 0 0 0 0 0 0 0 0 0 0 0 0 0 0 0 17 10 30 14 
15 26 18 24 0 0 0 0 0 0 0 0 0 0 0 0 0 0 0 0 0 0 0 0 0 0 0 0 0 0 0 0 0 0 0 0 0 0 0 0 0 0 0 0 0 0 0 0 0 0 0 0 0 0 0 0 0 0 0 0 
0 0 0 0 0 0 0 0 0 0 0 0 15 19 29 13 28 29 26 11 26 23 29 29 28 13 20 22 12 21 19 25 24 22 14 11 14 30 18 25 21 14 12 12 11 22 23 18 10 24 29 17 15 19 28 17 0 0 0 0 
0 0 0 0 0 0 0 0 11 29 14 30 21 19 26 25 17 25 27 28 14 21 18 15 0 0 0 0 24 13 18 29 15 25 10 14 0 0 0 0 26 23 27 11 0 0 0 0 27 22 10 23 16 30 11 18 0 0 0 0 
0 0 0 0 0 0 0 0 18 21 25 24 0 0 0 0 14 24 15 24 0 0 0 0 0 0 0 0 0 0 0 0 20 14 20 21 0 0 0 0 0 0 0 0 0 0 0 0 0 0 0 0 0 0 0 0 0 0 0 0 
0 0 0 0 0 0 0 0 0 0 0 0 0 0 0 0 0 0 0 0 0 0 0 0 0 0 0 0 0 0 0 0 0 0 0 0 0 0 0 0 0 0 0 0 0 0 0 0 0 0 0 0 0 0 0 0 27 18 10 13 
14 25 24 14 0 0 0 0 0 0 0 0 0 0 0 0 0 0 0 0 0 0 0 0 0 0 0 0 0 0 0 0 0 0 0 0 0 0 0 0 0 0 0 0 0 0 0 0 0 0 0 0 0 0 0 0 0 0 0 0 
0 0 0 0 0 0 0 0 26 13 10 23 11 22 13 18 0 0 0 0 10 28 16 22 24 19 12 21 22 13 30 18 18 28 13 19 19 16 28 11 0 0 0 0 30 20 27 20 0 0 0 0 0 0 0 0 0 0 0 0 
0 0 0 0 0 0 0 0 0 0 0 0 0 0 0 0 23 27 11 18 12 27 30 10 0 0 0 0 25 13 25 28 0 0 0 0 25 30 20 27 21 22 10 23 0 0 0 0 22 13 20 29 26 12 27 10 0 0 0 0 
0 0 0 0 13 18 19 11 13 26 19 11 0 0 0 0 0 0 0 0 0 0 0 0 0 0 0 0 0 0 0 0 25 24 28 24 0 0 0 0 0 0 0 0 21 21 22 23 15 12 27 28 0 0 0 0 0 0 0 0 
0 0 0 0 0 0 0 0 0 0 0 0 0 0 0 0 0 0 0 0 0 0 0 0 0 0 0 0 0 0 0 0 0 0 0 0 0 0 0 0 0 0 0 0 0 0 0 0 0 0 0 0 0 0 0 0 17 20 15 15 
18 22 29 25 0 0 0 0 0 0 0 0 0 0 0 0 0 0 0 0 0 0 0 0 0 0 0 0 0 0 0 0 0 0 0 0 0 0 0 0 0 0 0 0 0 0 0 0 0 0 0 0 0 0 0 0 0 0 0 0 
0 0 0 0 27 20 30 23 21 28 14 22 14 26 14 27 0 0 0 0 0 0 0 0 0 0 0 0 27 23 10 28 0 0 0 0 0 0 0 0 27 13 19 28 13 29 26 16 0 0 0 0 0 0 0 0 0 0 0 0 
0 0 0 0 20 21 26 17 0 0 0 0 22 20 18 18 0 0 0 0 0 0 0 0 0 0 0 0 0 0 0 0 0 0 0 0 0 0 0 0 0 0 0 0 0 0 0 0 0 0 0 0 20 15 21 20 0 0 0 0 
0 0 0 0 0 0 0 0 0 0 0 0 0 0 0 0 0 0 0 0 0 0 0 0 0 0 0 0 15 30 30 25 0 0 0 0 0 0 0 0 21 15 27 19 0 0 0 0 0 0 0 0 0 0 0 0 0 0 0 0 
0 0 0 0 0 0 0 0 0 0 0 0 0 0 0 0 0 0 0 0 0 0 0 0 0 0 0 0 0 0 0 0 0 0 0 0 0 0 0 0 0 0 0 0 0 0 0 0 0 0 0 0 0 0 0 0 29 27 16 18 
30 19 30 24 0 0 0 0 0 0 0 0 0 0 0 0 0 0 0 0 0 0 0 0 0 0 0 0 0 0 0 0 0 0 0 0 0 0 0 0 0 0 0 0 0 0 0 0 0 0 0 0 0 0 0 0 0 0 0 0 
0 0 0 0 0 0 0 0 0 0 0 0 16 12 20 25 0 0 0 0 0 0 0 0 0 0 0 0 0 0 0 0 12 11 21 13 0 0 0 0 0 0 0 0 0 0 0 0 0 0 0 0 0 0 0 0 0 0 0 0 
0 0 0 0 0 0 0 0 18 11 26 24 0 0 0 0 25 25 18 25 25 18 30 12 0 0 0 0 0 0 0 0 0 0 0 0 0 0 0 0 0 0 0 0 0 0 0 0 0 0 0 0 0 0 0 0 0 0 0 0 
0 0 0 0 0 0 0 0 20 17 13 14 26 12 12 11 0 0 0 0 0 0 0 0 14 28 14 26 14 21 14 30 15 12 30 25 0 0 0 0 18 11 22 13 0 0 0 0 0 0 0 0 0 0 0 0 0 0 0 0 
0 0 0 0 0 0 0 0 0 0 0 0 0 0 0 0 0 0 0 0 0 0 0 0 0 0 0 0 0 0 0 0 0 0 0 0 0 0 0 0 0 0 0 0 0 0 0 0 0 0 0 0 0 0 0 0 30 19 29 22 
17 15 26 13 0 0 0 0 0 0 0 0 0 0 0 0 0 0 0 0 0 0 0 0 0 0 0 0 0 0 0 0 0 0 0 0 0 0 0 0 0 0 0 0 0 0 0 0 0 0 0 0 0 0 0 0 0 0 0 0 
0 0 0 0 0 0 0 0 0 0 0 0 0 0 0 0 0 0 0 0 0 0 0 0 0 0 0 0 0 0 0 0 20 23 19 17 0 0 0 0 28 15 27 24 12 13 21 16 0 0 0 0 0 0 0 0 0 0 0 0 
0 0 0 0 23 15 26 29 30 26 18 17 0 0 0 0 0 0 0 0 0 0 0 0 0 0 0 0 0 0 0 0 26 13 25 11 30 11 15 12 19 16 27 12 17 14 25 26 16 16 23 21 0 0 0 0 0 0 0 0 
0 0 0 0 17 20 17 24 0 0 0 0 24 21 23 26 0 0 0 0 0 0 0 0 10 10 20 14 0 0 0 0 0 0 0 0 10 30 26 27 0 0 0 0 0 0 0 0 0 0 0 0 20 19 16 11 0 0 0 0 
0 0 0 0 0 0 0 0 0 0 0 0 0 0 0 0 0 0 0 0 0 0 0 0 0 0 0 0 0 0 0 0 0 0 0 0 0 0 0 0 0 0 0 0 0 0 0 0 0 0 0 0 0 0 0 0 28 22 13 10 
20 28 13 28 0 0 0 0 0 0 0 0 0 0 0 0 0 0 0 0 0 0 0 0 0 0 0 0 0 0 0 0 0 0 0 0 0 0 0 0 0 0 0 0 0 0 0 0 0 0 0 0 0 0 0 0 0 0 0 0 
0 0 0 0 0 0 0 0 15 26 13 13 28 16 11 22 0 0 0 0 25 21 10 29 26 27 23 14 0 0 0 0 0 0 0 0 28 25 17 29 0 0 0 0 16 21 18 27 27 19 26 13 25 30 10 18 0 0 0 0 
0 0 0 0 0 0 0 0 0 0 0 0 0 0 0 0 0 0 0 0 0 0 0 0 26 17 15 18 0 0 0 0 0 0 0 0 0 0 0 0 0 0 0 0 14 19 16 24 0 0 0 0 0 0 0 0 0 0 0 0 
0 0 0 0 0 0 0 0 0 0 0 0 30 30 29 24 0 0 0 0 25 29 30 26 0 0 0 0 18 24 27 28 27 22 21 25 29 22 18 11 30 22 25 10 15 22 26 21 19 17 19 18 0 0 0 0 0 0 0 0 
0 0 0 0 0 0 0 0 0 0 0 0 0 0 0 0 0 0 0 0 0 0 0 0 0 0 0 0 0 0 0 0 0 0 0 0 0 0 0 0 0 0 0 0 0 0 0 0 0 0 0 0 0 0 0 0 26 20 28 29 
20 23 18 26 0 0 0 0 0 0 0 0 0 0 0 0 0 0 0 0 0 0 0 0 0 0 0 0 0 0 0 0 0 0 0 0 0 0 0 0 0 0 0 0 0 0 0 0 0 0 0 0 0 0 0 0 0 0 0 0 
0 0 0 0 16 16 21 11 0 0 0 0 20 24 13 23 0 0 0 0 0 0 0 0 0 0 0 0 0 0 0 0 0 0 0 0 11 29 19 19 0 0 0 0 0 0 0 0 30 10 16 11 0 0 0 0 0 0 0 0 
0 0 0 0 16 30 28 19 19 30 12 19 23 15 11 18 22 25 25 10 16 18 23 14 25 17 18 11 23 29 27 15 13 22 12 24 26 23 27 28 17 30 20 23 28 20 12 19 26 22 25 18 15 13 19 14 0 0 0 0 
0 0 0 0 0 0 0 0 12 18 20 21 0 0 0 0 26 26 12 20 0 0 0 0 0 0 0 0 0 0 0 0 28 23 25 25 0 0 0 0 0 0 0 0 0 0 0 0 25 27 21 21 22 30 10 15 0 0 0 0 
0 0 0 0 0 0 0 0 0 0 0 0 0 0 0 0 0 0 0 0 0 0 0 0 0 0 0 0 0 0 0 0 0 0 0 0 0 0 0 0 0 0 0 0 0 0 0 0 0 0 0 0 0 0 0 0 30 17 22 11 
15 15 29 21 0 0 0 0 0 0 0 0 0 0 0 0 0 0 0 0 0 0 0 0 0 0 0 0 0 0 0 0 0 0 0 0 0 0 0 0 0 0 0 0 0 0 0 0 0 0 0 0 0 0 0 0 0 0 0 0 
0 0 0 0 10 15 11 20 30 14 16 10 0 0 0 0 15 23 19 19 15 23 27 27 23 12 30 28 27 17 11 24 30 28 29 30 28 18 23 28 20 18 15 14 30 12 13 28 20 16 11 22 14 14 30 29 0 0 0 0 
0 0 0 0 0 0 0 0 0 0 0 0 0 0 0 0 0 0 0 0 0 0 0 0 0 0 0 0 0 0 0 0 0 0 0 0 0 0 0 0 0 0 0 0 0 0 0 0 0 0 0 0 29 17 27 27 0 0 0 0 
0 0 0 0 13 22 20 30 22 27 28 11 25 13 27 21 26 16 21 28 14 13 24 26 22 18 26 30 17 26 29 29 10 11 10 23 23 20 22 29 10 25 28 16 12 14 27 29 17 12 23 20 21 25 30 21 0 0 0 0 
0 0 0 0 0 0 0 0 0 0 0 0 0 0 0 0 0 0 0 0 0 0 0 0 0 0 0 0 0 0 0 0 0 0 0 0 0 0 0 0 0 0 0 0 0 0 0 0 0 0 0 0 0 0 0 0 30 22 30 19 
29 18 15 26 0 0 0 0 0 0 0 0 0 0 0 0 0 0 0 0 0 0 0 0 0 0 0 0 0 0 0 0 0 0 0 0 0 0 0 0 0 0 0 0 0 0 0 0 0 0 0 0 0 0 0 0 0 0 0 0 
0 0 0 0 10 19 18 20 10 15 27 30 26 26 17 14 12 18 22 21 0 0 0 0 0 0 0 0 27 17 17 28 28 21 19 20 0 0 0 0 19 12 14 14 29 20 29 17 18 24 19 25 19 10 23 14 0 0 0 0 
0 0 0 0 27 13 15 15 22 27 11 30 30 26 13 29 21 14 16 17 0 0 0 0 0 0 0 0 16 18 23 24 30 26 22 28 28 14 29 26 30 11 28 24 0 0 0 0 25 29 19 13 0 0 0 0 0 0 0 0 
0 0 0 0 25 22 30 16 24 22 28 19 0 0 0 0 23 26 10 26 28 12 24 20 11 13 17 28 30 17 19 28 0 0 0 0 10 21 17 30 0 0 0 0 0 0 0 0 24 27 27 10 16 29 10 18 0 0 0 0 
0 0 0 0 0 0 0 0 0 0 0 0 0 0 0 0 0 0 0 0 0 0 0 0 0 0 0 0 0 0 0 0 0 0 0 0 0 0 0 0 0 0 0 0 0 0 0 0 0 0 0 0 0 0 0 0 29 18 20 29 
24 11 13 22 0 0 0 0 0 0 0 0 0 0 0 0 0 0 0 0 0 0 0 0 0 0 0 0 0 0 0 0 0 0 0 0 0 0 0 0 0 0 0 0 0 0 0 0 0 0 0 0 0 0 0 0 0 0 0 0 
0 0 0 0 19 17 16 13 0 0 0 0 0 0 0 0 0 0 0 0 26 27 13 15 0 0 0 0 30 12 19 28 0 0 0 0 19 26 17 18 19 14 16 17 16 15 13 18 28 24 26 19 27 20 17 22 0 0 0 0 
0 0 0 0 13 21 10 15 0 0 0 0 0 0 0 0 0 0 0 0 20 13 28 17 10 26 17 28 0 0 0 0 0 0 0 0 0 0 0 0 0 0 0 0 24 15 16 23 0 0 0 0 0 0 0 0 0 0 0 0 
0 0 0 0 0 0 0 0 0 0 0 0 0 0 0 0 0 0 0 0 0 0 0 0 0 0 0 0 0 0 0 0 0 0 0 0 18 13 11 13 0 0 0 0 0 0 0 0 0 0 0 0 11 26 15 21 0 0 0 0 
0 0 0 0 0 0 0 0 0 0 0 0 0 0 0 0 0 0 0 0 0 0 0 0 0 0 0 0 0 0 0 0 0 0 0 0 0 0 0 0 0 0 0 0 0 0 0 0 0 0 0 0 0 0 0 0 11 24 23 10 
10 20 18 30 0 0 0 0 0 0 0 0 0 0 0 0 0 0 0 0 0 0 0 0 0 0 0 0 0 0 0 0 0 0 0 0 0 0 0 0 0 0 0 0 0 0 0 0 0 0 0 0 0 0 0 0 0 0 0 0 
0 0 0 0 15 21 28 10 14 10 15 30 23 20 16 19 0 0 0 0 10 23 15 23 0 0 0 0 11 23 16 24 0 0 0 0 0 0 0 0 26 23 21 13 17 10 17 15 0 0 0 0 0 0 0 0 0 0 0 0 
0 0 0 0 0 0 0 0 0 0 0 0 0 0 0 0 24 16 23 14 0 0 0 0 0 0 0 0 0 0 0 0 0 0 0 0 0 0 0 0 0 0 0 0 0 0 0 0 0 0 0 0 0 0 0 0 0 0 0 0 
0 0 0 0 13 19 16 11 0 0 0 0 0 0 0 0 0 0 0 0 0 0 0 0 0 0 0 0 0 0 0 0 0 0 0 0 0 0 0 0 0 0 0 0 0 0 0 0 25 11 27 25 18 19 13 29 0 0 0 0 
0 0 0 0 0 0 0 0 0 0 0 0 0 0 0 0 0 0 0 0 0 0 0 0 0 0 0 0 0 0 0 0 0 0 0 0 0 0 0 0 0 0 0 0 0 0 0 0 0 0 0 0 0 0 0 0 20 10 11 23 
21 20 30 28 0 0 0 0 0 0 0 0 0 0 0 0 0 0 0 0 0 0 0 0 0 0 0 0 0 0 0 0 0 0 0 0 0 0 0 0 0 0 0 0 0 0 0 0 0 0 0 0 0 0 0 0 0 0 0 0 
0 0 0 0 18 26 29 13 0 0 0 0 29 19 20 15 21 25 22 15 12 25 27 20 23 28 11 19 18 27 27 22 18 22 25 30 18 19 15 25 0 0 0 0 22 13 23 18 17 20 14 13 26 11 28 15 0 0 0 0 
0 0 0 0 0 0 0 0 0 0 0 0 0 0 0 0 18 16 16 25 0 0 0 0 17 21 12 23 0 0 0 0 0 0 0 0 0 0 0 0 0 0 0 0 0 0 0 0 0 0 0 0 30 16 19 18 0 0 0 0 
0 0 0 0 0 0 0 0 26 20 10 19 0 0 0 0 0 0 0 0 0 0 0 0 0 0 0 0 22 23 30 23 19 13 24 14 0 0 0 0 24 12 16 18 0 0 0 0 0 0 0 0 16 26 24 19 0 0 0 0 
0 0 0 0 0 0 0 0 0 0 0 0 0 0 0 0 0 0 0 0 0 0 0 0 0 0 0 0 0 0 0 0 0 0 0 0 0 0 0 0 0 0 0 0 0 0 0 0 0 0 0 0 0 0 0 0 28 17 18 28 
26 23 29 13 0 0 0 0 0 0 0 0 0 0 0 0 0 0 0 0 0 0 0 0 0 0 0 0 0 0 0 0 0 0 0 0 0 0 0 0 0 0 0 0 0 0 0 0 0 0 0 0 0 0 0 0 0 0 0 0 
0 0 0 0 0 0 0 0 0 0 0 0 22 15 22 26 16 25 26 29 0 0 0 0 0 0 0 0 19 28 28 18 15 13 18 29 12 15 20 29 0 0 0 0 30 24 25 17 0 0 0 0 17 23 28 13 0 0 0 0 
0 0 0 0 21 24 30 26 18 23 20 25 23 17 26 15 0 0 0 0 29 27 27 15 19 18 21 22 15 18 25 12 0 0 0 0 27 28 11 18 29 13 11 17 18 24 29 20 0 0 0 0 21 26 29 22 0 0 0 0 
0 0 0 0 23 11 14 12 0 0 0 0 0 0 0 0 13 25 29 19 0 0 0 0 11 12 16 15 0 0 0 0 12 14 14 27 0 0 0 0 0 0 0 0 28 28 13 12 0 0 0 0 23 29 16 16 0 0 0 0 
0 0 0 0 0 0 0 0 0 0 0 0 0 0 0 0 0 0 0 0 0 0 0 0 0 0 0 0 0 0 0 0 0 0 0 0 0 0 0 0 0 0 0 0 0 0 0 0 0 0 0 0 0 0 0 0 11 14 30 28 
19 28 27 24 0 0 0 0 0 0 0 0 0 0 0 0 0 0 0 0 0 0 0 0 0 0 0 0 0 0 0 0 0 0 0 0 0 0 0 0 0 0 0 0 0 0 0 0 0 0 0 0 0 0 0 0 0 0 0 0 
0 0 0 0 0 0 0 0 0 0 0 0 28 24 23 21 26 28 30 19 23 18 22 16 0 0 0 0 19 12 26 21 0 0 0 0 0 0 0 0 0 0 0 0 0 0 0 0 15 28 12 24 18 18 13 15 0 0 0 0 
0 0 0 0 0 0 0 0 0 0 0 0 15 29 24 21 0 0 0 0 0 0 0 0 0 0 0 0 18 27 11 25 21 10 23 15 30 15 14 19 15 12 27 21 0 0 0 0 0 0 0 0 24 25 26 25 0 0 0 0 
0 0 0 0 19 10 30 24 0 0 0 0 0 0 0 0 0 0 0 0 0 0 0 0 0 0 0 0 11 22 20 10 0 0 0 0 0 0 0 0 0 0 0 0 0 0 0 0 0 0 0 0 0 0 0 0 0 0 0 0 
0 0 0 0 0 0 0 0 0 0 0 0 0 0 0 0 0 0 0 0 0 0 0 0 0 0 0 0 0 0 0 0 0 0 0 0 0 0 0 0 0 0 0 0 0 0 0 0 0 0 0 0 0 0 0 0 14 12 17 24 
20 18 29 18 0 0 0 0 0 0 0 0 0 0 0 0 0 0 0 0 0 0 0 0 0 0 0 0 0 0 0 0 0 0 0 0 0 0 0 0 0 0 0 0 0 0 0 0 0 0 0 0 0 0 0 0 0 0 0 0 
0 0 0 0 0 0 0 0 14 18 30 25 0 0 0 0 18 30 27 30 13 26 22 27 0 0 0 0 22 26 15 17 0 0 0 0 12 17 15 18 0 0 0 0 0 0 0 0 0 0 0 0 12 23 20 20 0 0 0 0 
0 0 0 0 0 0 0 0 0 0 0 0 14 15 28 30 29 16 22 23 22 30 25 27 19 27 13 29 0 0 0 0 0 0 0 0 0 0 0 0 29 17 29 26 25 23 21 12 29 25 14 13 0 0 0 0 0 0 0 0 
0 0 0 0 0 0 0 0 15 22 21 15 0 0 0 0 30 15 20 11 0 0 0 0 0 0 0 0 0 0 0 0 15 23 16 15 18 30 10 13 0 0 0 0 0 0 0 0 25 10 17 16 11 27 19 18 0 0 0 0 
0 0 0 0 0 0 0 0 0 0 0 0 0 0 0 0 0 0 0 0 0 0 0 0 0 0 0 0 0 0 0 0 0 0 0 0 0 0 0 0 0 0 0 0 0 0 0 0 0 0 0 0 0 0 0 0 20 18 24 14 
16 30 18 12 0 0 0 0 0 0 0 0 0 0 0 0 0 0 0 0 0 0 0 0 0 0 0 0 0 0 0 0 0 0 0 0 0 0 0 0 0 0 0 0 0 0 0 0 0 0 0 0 0 0 0 0 0 0 0 0 
0 0 0 0 25 13 17 16 25 10 30 17 30 30 29 18 20 26 18 10 25 14 21 17 13 13 19 28 0 0 0 0 0 0 0 0 0 0 0 0 12 24 22 29 29 21 24 14 0 0 0 0 13 28 28 16 0 0 0 0 
0 0 0 0 0 0 0 0 10 20 25 24 29 18 20 12 22 14 24 10 27 24 16 19 18 15 11 12 22 16 16 25 0 0 0 0 0 0 0 0 0 0 0 0 14 22 25 29 26 12 16 26 25 28 14 18 0 0 0 0 
0 0 0 0 0 0 0 0 0 0 0 0 15 25 16 20 22 23 30 25 0 0 0 0 0 0 0 0 0 0 0 0 0 0 0 0 0 0 0 0 0 0 0 0 0 0 0 0 0 0 0 0 0 0 0 0 0 0 0 0 
0 0 0 0 0 0 0 0 0 0 0 0 0 0 0 0 0 0 0 0 0 0 0 0 0 0 0 0 0 0 0 0 0 0 0 0 0 0 0 0 0 0 0 0 0 0 0 0 0 0 0 0 0 0 0 0 26 20 19 26 
16 23 29 14 0 0 0 0 0 0 0 0 0 0 0 0 0 0 0 0 0 0 0 0 0 0 0 0 0 0 0 0 0 0 0 0 0 0 0 0 0 0 0 0 0 0 0 0 0 0 0 0 0 0 0 0 0 0 0 0 
0 0 0 0 16 26 22 18 21 18 12 30 0 0 0 0 17 11 30 30 21 22 10 28 0 0 0 0 15 25 14 25 0 0 0 0 14 17 12 21 11 30 22 21 13 26 14 12 22 25 28 21 0 0 0 0 0 0 0 0 
0 0 0 0 0 0 0 0 29 24 12 24 0 0 0 0 0 0 0 0 21 10 23 10 23 22 16 24 0 0 0 0 0 0 0 0 23 17 17 29 0 0 0 0 0 0 0 0 0 0 0 0 0 0 0 0 0 0 0 0 
0 0 0 0 0 0 0 0 0 0 0 0 27 16 25 23 16 17 20 29 0 0 0 0 20 30 26 20 0 0 0 0 19 25 18 18 0 0 0 0 0 0 0 0 0 0 0 0 10 26 26 24 0 0 0 0 0 0 0 0 
0 0 0 0 0 0 0 0 0 0 0 0 0 0 0 0 0 0 0 0 0 0 0 0 0 0 0 0 0 0 0 0 0 0 0 0 0 0 0 0 0 0 0 0 0 0 0 0 0 0 0 0 0 0 0 0 28 13 21 19 
24 24 13 18 0 0 0 0 0 0 0 0 0 0 0 0 0 0 0 0 0 0 0 0 0 0 0 0 0 0 0 0 0 0 0 0 0 0 0 0 0 0 0 0 0 0 0 0 0 0 0 0 0 0 0 0 0 0 0 0 
0 0 0 0 0 0 0 0 0 0 0 0 0 0 0 0 0 0 0 0 0 0 0 0 29 11 27 10 12 20 17 10 0 0 0 0 0 0 0 0 11 15 23 10 0 0 0 0 27 30 24 19 0 0 0 0 0 0 0 0 
0 0 0 0 30 16 25 14 18 29 21 29 14 16 11 21 23 16 17 13 13 22 22 10 0 0 0 0 25 29 15 20 10 12 22 10 17 27 27 21 25 24 10 18 28 12 23 20 10 15 18 19 0 0 0 0 0 0 0 0 
0 0 0 0 0 0 0 0 25 23 24 15 0 0 0 0 25 12 29 29 0 0 0 0 0 0 0 0 0 0 0 0 0 0 0 0 0 0 0 0 18 10 28 19 0 0 0 0 0 0 0 0 0 0 0 0 0 0 0 0 
0 0 0 0 0 0 0 0 0 0 0 0 0 0 0 0 0 0 0 0 0 0 0 0 0 0 0 0 0 0 0 0 0 0 0 0 0 0 0 0 0 0 0 0 0 0 0 0 0 0 0 0 0 0 0 0 13 18 25 17 
16 29 10 25 0 0 0 0 0 0 0 0 0 0 0 0 0 0 0 0 0 0 0 0 0 0 0 0 0 0 0 0 0 0 0 0 0 0 0 0 0 0 0 0 0 0 0 0 0 0 0 0 0 0 0 0 0 0 0 0 
0 0 0 0 16 22 10 25 0 0 0 0 0 0 0 0 13 12 17 16 14 27 21 21 20 14 20 14 17 21 23 12 24 23 22 12 12 27 13 16 17 23 10 12 13 17 11 12 26 19 27 18 25 22 22 26 0 0 0 0 
0 0 0 0 26 29 16 23 21 25 24 11 12 22 12 22 20 21 26 22 0 0 0 0 20 23 18 15 20 29 14 27 15 12 30 10 28 25 18 27 26 28 16 23 0 0 0 0 28 27 16 10 0 0 0 0 0 0 0 0 
0 0 0 0 10 30 13 27 16 22 17 22 0 0 0 0 0 0 0 0 28 19 11 18 0 0 0 0 10 12 28 30 0 0 0 0 26 27 15 21 0 0 0 0 0 0 0 0 0 0 0 0 0 0 0 0 0 0 0 0 
0 0 0 0 0 0 0 0 0 0 0 0 0 0 0 0 0 0 0 0 0 0 0 0 0 0 0 0 0 0 0 0 0 0 0 0 0 0 0 0 0 0 0 0 0 0 0 0 0 0 0 0 0 0 0 0 21 20 24 16 
18 25 11 22 0 0 0 0 0 0 0 0 0 0 0 0 0 0 0 0 0 0 0 0 0 0 0 0 0 0 0 0 0 0 0 0 0 0 0 0 0 0 0 0 0 0 0 0 0 0 0 0 0 0 0 0 0 0 0 0 
0 0 0 0 0 0 0 0 19 16 30 16 0 0 0 0 11 28 13 29 30 15 26 15 0 0 0 0 0 0 0 0 23 15 23 26 18 24 22 21 10 21 12 23 21 26 26 16 17 25 26 17 10 14 19 12 0 0 0 0 
0 0 0 0 23 11 22 19 25 24 17 22 22 15 16 20 0 0 0 0 26 25 17 26 0 0 0 0 0 0 0 0 15 13 14 21 26 24 23 15 0 0 0 0 0 0 0 0 0 0 0 0 0 0 0 0 0 0 0 0 
0 0 0 0 11 20 19 11 0 0 0 0 25 26 17 20 17 18 13 15 0 0 0 0 0 0 0 0 0 0 0 0 0 0 0 0 26 26 10 24 0 0 0 0 0 0 0 0 0 0 0 0 20 11 14 17 0 0 0 0 
0 0 0 0 0 0 0 0 0 0 0 0 0 0 0 0 0 0 0 0 0 0 0 0 0 0 0 0 0 0 0 0 0 0 0 0 0 0 0 0 0 0 0 0 0 0 0 0 0 0 0 0 0 0 0 0 29 24 15 17 
25 26 20 15 0 0 0 0 0 0 0 0 0 0 0 0 0 0 0 0 0 0 0 0 0 0 0 0 0 0 0 0 0 0 0 0 0 0 0 0 0 0 0 0 0 0 0 0 0 0 0 0 0 0 0 0 0 0 0 0 
0 0 0 0 0 0 0 0 16 28 16 13 0 0 0 0 0 0 0 0 0 0 0 0 0 0 0 0 0 0 0 0 0 0 0 0 14 10 12 11 16 17 13 24 0 0 0 0 0 0 0 0 0 0 0 0 0 0 0 0 
0 0 0 0 0 0 0 0 0 0 0 0 0 0 0 0 0 0 0 0 0 0 0 0 0 0 0 0 25 16 22 13 0 0 0 0 14 13 22 15 0 0 0 0 0 0 0 0 0 0 0 0 15 17 13 29 0 0 0 0 
0 0 0 0 30 13 13 19 22 15 20 21 0 0 0 0 0 0 0 0 0 0 0 0 0 0 0 0 0 0 0 0 30 16 14 18 0 0 0 0 0 0 0 0 0 0 0 0 0 0 0 0 0 0 0 0 0 0 0 0 
0 0 0 0 0 0 0 0 0 0 0 0 0 0 0 0 0 0 0 0 0 0 0 0 0 0 0 0 0 0 0 0 0 0 0 0 0 0 0 0 0 0 0 0 0 0 0 0 0 0 0 0 0 0 0 0 23 22 24 18
---------------------
 
Processing cost   (0 -- non-optional machine)
Rows: sequential for each operation of each part; Columns: correspond to machine number
20 13 13 14 0 0 0 0 0 0 0 0 0 0 0 0 0 0 0 0 0 0 0 0 0 0 0 0 0 0 0 0 0 0 0 0 0 0 0 0 0 0 0 0 0 0 0 0 0 0 0 0 0 0 0 0 0 0 0 0 
0 0 0 0 12 16 15 17 11 14 12 12 14 18 18 10 18 15 16 19 10 12 14 20 18 17 12 18 19 18 13 10 10 18 16 15 19 12 19 19 19 17 14 17 0 0 0 0 0 0 0 0 20 14 17 20 0 0 0 0 
0 0 0 0 16 20 10 15 16 20 16 18 19 16 14 17 16 18 11 17 10 20 14 12 15 15 12 15 16 16 19 14 15 17 13 14 13 13 17 11 15 12 12 17 14 11 11 19 14 19 12 10 20 17 13 13 0 0 0 0 
0 0 0 0 20 18 13 19 17 15 15 12 10 14 12 15 14 15 18 13 11 13 15 20 11 20 12 16 14 18 15 19 14 13 13 16 16 14 19 16 15 14 18 13 18 12 10 15 12 17 17 17 16 12 19 11 0 0 0 0 
0 0 0 0 0 0 0 0 0 0 0 0 0 0 0 0 0 0 0 0 0 0 0 0 0 0 0 0 0 0 0 0 0 0 0 0 0 0 0 0 0 0 0 0 0 0 0 0 0 0 0 0 0 0 0 0 17 15 16 17 
17 17 11 15 0 0 0 0 0 0 0 0 0 0 0 0 0 0 0 0 0 0 0 0 0 0 0 0 0 0 0 0 0 0 0 0 0 0 0 0 0 0 0 0 0 0 0 0 0 0 0 0 0 0 0 0 0 0 0 0 
0 0 0 0 0 0 0 0 13 12 13 10 0 0 0 0 15 10 12 18 15 11 15 13 14 10 13 11 19 15 13 11 10 16 16 19 11 10 20 10 11 13 11 12 0 0 0 0 0 0 0 0 0 0 0 0 0 0 0 0 
0 0 0 0 0 0 0 0 13 18 15 17 16 20 10 19 20 12 15 16 0 0 0 0 0 0 0 0 0 0 0 0 0 0 0 0 20 17 16 11 12 11 16 13 20 11 11 12 12 10 14 12 0 0 0 0 0 0 0 0 
0 0 0 0 0 0 0 0 0 0 0 0 0 0 0 0 0 0 0 0 19 19 12 15 0 0 0 0 14 12 17 11 0 0 0 0 10 10 12 10 0 0 0 0 0 0 0 0 0 0 0 0 0 0 0 0 0 0 0 0 
0 0 0 0 0 0 0 0 0 0 0 0 0 0 0 0 0 0 0 0 0 0 0 0 0 0 0 0 0 0 0 0 0 0 0 0 0 0 0 0 0 0 0 0 0 0 0 0 0 0 0 0 0 0 0 0 14 12 17 19 
18 18 16 10 0 0 0 0 0 0 0 0 0 0 0 0 0 0 0 0 0 0 0 0 0 0 0 0 0 0 0 0 0 0 0 0 0 0 0 0 0 0 0 0 0 0 0 0 0 0 0 0 0 0 0 0 0 0 0 0 
0 0 0 0 17 17 16 12 16 16 15 18 20 10 14 12 17 10 18 20 10 10 10 15 20 19 14 19 19 14 18 11 11 18 15 15 19 13 17 20 12 19 20 19 18 16 12 12 19 11 12 15 14 18 13 13 0 0 0 0 
0 0 0 0 11 10 17 20 18 20 10 16 16 13 19 20 15 11 19 16 15 10 12 16 14 10 19 14 0 0 0 0 17 13 14 11 12 14 16 17 0 0 0 0 20 11 10 17 0 0 0 0 0 0 0 0 0 0 0 0 
0 0 0 0 20 20 20 16 0 0 0 0 18 14 12 13 18 20 17 19 0 0 0 0 18 19 14 16 12 15 13 11 17 12 16 15 18 17 17 17 20 16 13 14 10 15 15 20 0 0 0 0 14 19 19 13 0 0 0 0 
0 0 0 0 0 0 0 0 0 0 0 0 0 0 0 0 0 0 0 0 0 0 0 0 0 0 0 0 0 0 0 0 0 0 0 0 0 0 0 0 0 0 0 0 0 0 0 0 0 0 0 0 0 0 0 0 15 19 19 17 
13 14 17 12 0 0 0 0 0 0 0 0 0 0 0 0 0 0 0 0 0 0 0 0 0 0 0 0 0 0 0 0 0 0 0 0 0 0 0 0 0 0 0 0 0 0 0 0 0 0 0 0 0 0 0 0 0 0 0 0 
0 0 0 0 0 0 0 0 0 0 0 0 0 0 0 0 0 0 0 0 0 0 0 0 0 0 0 0 0 0 0 0 0 0 0 0 0 0 0 0 18 11 13 15 0 0 0 0 0 0 0 0 0 0 0 0 0 0 0 0 
0 0 0 0 0 0 0 0 15 18 20 13 0 0 0 0 16 17 15 15 20 20 13 10 0 0 0 0 0 0 0 0 12 13 13 19 18 12 11 11 0 0 0 0 0 0 0 0 0 0 0 0 0 0 0 0 0 0 0 0 
0 0 0 0 15 18 11 19 19 16 13 16 18 17 11 11 19 17 18 12 16 18 10 12 20 12 11 15 15 19 18 12 19 20 16 11 0 0 0 0 15 15 10 13 18 15 17 10 16 10 16 19 19 19 11 20 0 0 0 0 
0 0 0 0 0 0 0 0 0 0 0 0 0 0 0 0 0 0 0 0 0 0 0 0 0 0 0 0 0 0 0 0 0 0 0 0 0 0 0 0 0 0 0 0 0 0 0 0 0 0 0 0 0 0 0 0 18 16 18 19 
19 19 14 13 0 0 0 0 0 0 0 0 0 0 0 0 0 0 0 0 0 0 0 0 0 0 0 0 0 0 0 0 0 0 0 0 0 0 0 0 0 0 0 0 0 0 0 0 0 0 0 0 0 0 0 0 0 0 0 0 
0 0 0 0 12 12 17 10 10 20 14 12 10 19 16 14 14 10 12 11 14 10 12 10 19 15 14 12 13 16 17 17 0 0 0 0 18 17 16 17 0 0 0 0 0 0 0 0 14 14 19 10 0 0 0 0 0 0 0 0 
0 0 0 0 13 11 13 20 13 16 12 16 20 11 19 14 0 0 0 0 0 0 0 0 0 0 0 0 0 0 0 0 12 16 15 17 0 0 0 0 12 18 15 14 20 17 10 13 11 11 13 13 16 13 14 10 0 0 0 0 
0 0 0 0 0 0 0 0 14 14 11 20 19 10 16 15 13 15 11 13 0 0 0 0 19 13 12 15 0 0 0 0 0 0 0 0 0 0 0 0 0 0 0 0 0 0 0 0 0 0 0 0 15 19 13 18 0 0 0 0 
0 0 0 0 0 0 0 0 0 0 0 0 0 0 0 0 0 0 0 0 0 0 0 0 0 0 0 0 0 0 0 0 0 0 0 0 0 0 0 0 0 0 0 0 0 0 0 0 0 0 0 0 0 0 0 0 13 10 18 16 
15 10 10 11 0 0 0 0 0 0 0 0 0 0 0 0 0 0 0 0 0 0 0 0 0 0 0 0 0 0 0 0 0 0 0 0 0 0 0 0 0 0 0 0 0 0 0 0 0 0 0 0 0 0 0 0 0 0 0 0 
0 0 0 0 12 17 16 13 10 18 15 14 13 16 19 19 19 16 12 16 0 0 0 0 15 15 11 19 0 0 0 0 13 12 15 20 0 0 0 0 13 13 11 19 0 0 0 0 14 13 11 19 16 19 12 13 0 0 0 0 
0 0 0 0 12 11 17 18 19 19 12 19 16 10 15 10 10 11 17 19 0 0 0 0 18 12 10 19 0 0 0 0 19 17 16 13 0 0 0 0 14 17 12 19 11 11 16 14 0 0 0 0 13 11 18 15 0 0 0 0 
0 0 0 0 0 0 0 0 16 13 18 10 0 0 0 0 13 15 11 20 16 11 11 14 0 0 0 0 15 20 18 18 19 19 17 13 0 0 0 0 11 16 15 14 10 14 20 15 0 0 0 0 0 0 0 0 0 0 0 0 
0 0 0 0 0 0 0 0 0 0 0 0 0 0 0 0 0 0 0 0 0 0 0 0 0 0 0 0 0 0 0 0 0 0 0 0 0 0 0 0 0 0 0 0 0 0 0 0 0 0 0 0 0 0 0 0 16 18 20 12 
10 15 18 20 0 0 0 0 0 0 0 0 0 0 0 0 0 0 0 0 0 0 0 0 0 0 0 0 0 0 0 0 0 0 0 0 0 0 0 0 0 0 0 0 0 0 0 0 0 0 0 0 0 0 0 0 0 0 0 0 
0 0 0 0 19 12 19 12 0 0 0 0 13 10 18 11 0 0 0 0 0 0 0 0 13 13 18 17 11 18 20 15 0 0 0 0 20 12 17 20 10 11 12 12 17 13 12 15 0 0 0 0 12 20 20 13 0 0 0 0 
0 0 0 0 20 11 10 11 0 0 0 0 0 0 0 0 0 0 0 0 0 0 0 0 13 17 20 16 0 0 0 0 0 0 0 0 0 0 0 0 0 0 0 0 0 0 0 0 0 0 0 0 17 19 14 20 0 0 0 0 
0 0 0 0 0 0 0 0 0 0 0 0 10 15 18 16 0 0 0 0 0 0 0 0 0 0 0 0 0 0 0 0 0 0 0 0 0 0 0 0 0 0 0 0 0 0 0 0 0 0 0 0 0 0 0 0 0 0 0 0 
0 0 0 0 0 0 0 0 0 0 0 0 0 0 0 0 0 0 0 0 0 0 0 0 0 0 0 0 0 0 0 0 0 0 0 0 0 0 0 0 0 0 0 0 0 0 0 0 0 0 0 0 0 0 0 0 13 16 17 10 
15 11 16 20 0 0 0 0 0 0 0 0 0 0 0 0 0 0 0 0 0 0 0 0 0 0 0 0 0 0 0 0 0 0 0 0 0 0 0 0 0 0 0 0 0 0 0 0 0 0 0 0 0 0 0 0 0 0 0 0 
0 0 0 0 20 20 15 10 19 13 11 12 12 12 11 12 0 0 0 0 20 18 10 16 10 18 17 19 13 18 15 10 0 0 0 0 17 20 11 13 18 16 20 19 10 10 16 13 11 11 10 10 12 18 19 18 0 0 0 0 
0 0 0 0 13 13 10 20 13 16 18 16 14 19 16 14 19 14 16 16 10 11 10 10 17 16 17 16 19 10 20 18 15 15 17 16 16 16 15 20 13 18 15 19 0 0 0 0 0 0 0 0 11 18 20 16 0 0 0 0 
0 0 0 0 13 18 19 17 0 0 0 0 19 13 10 18 0 0 0 0 18 11 12 12 19 19 14 16 14 16 14 14 15 18 17 16 0 0 0 0 0 0 0 0 0 0 0 0 19 17 13 16 0 0 0 0 0 0 0 0 
0 0 0 0 0 0 0 0 0 0 0 0 0 0 0 0 0 0 0 0 0 0 0 0 0 0 0 0 0 0 0 0 0 0 0 0 0 0 0 0 0 0 0 0 0 0 0 0 0 0 0 0 0 0 0 0 13 10 18 13 
10 10 16 11 0 0 0 0 0 0 0 0 0 0 0 0 0 0 0 0 0 0 0 0 0 0 0 0 0 0 0 0 0 0 0 0 0 0 0 0 0 0 0 0 0 0 0 0 0 0 0 0 0 0 0 0 0 0 0 0 
0 0 0 0 10 17 16 16 0 0 0 0 0 0 0 0 13 13 18 18 15 12 16 16 0 0 0 0 0 0 0 0 20 18 13 16 13 15 18 15 0 0 0 0 12 18 17 19 0 0 0 0 0 0 0 0 0 0 0 0 
0 0 0 0 12 13 17 18 0 0 0 0 0 0 0 0 0 0 0 0 0 0 0 0 0 0 0 0 0 0 0 0 11 13 16 12 0 0 0 0 0 0 0 0 0 0 0 0 0 0 0 0 0 0 0 0 0 0 0 0 
0 0 0 0 0 0 0 0 20 14 12 13 18 19 16 13 0 0 0 0 16 19 19 14 15 18 17 18 10 15 19 19 19 20 19 19 14 10 14 20 16 15 12 12 0 0 0 0 15 19 11 13 11 18 14 19 0 0 0 0 
0 0 0 0 0 0 0 0 0 0 0 0 0 0 0 0 0 0 0 0 0 0 0 0 0 0 0 0 0 0 0 0 0 0 0 0 0 0 0 0 0 0 0 0 0 0 0 0 0 0 0 0 0 0 0 0 15 20 12 13 
16 17 15 14 0 0 0 0 0 0 0 0 0 0 0 0 0 0 0 0 0 0 0 0 0 0 0 0 0 0 0 0 0 0 0 0 0 0 0 0 0 0 0 0 0 0 0 0 0 0 0 0 0 0 0 0 0 0 0 0 
0 0 0 0 14 14 14 14 0 0 0 0 11 16 18 14 13 16 12 13 0 0 0 0 15 13 10 18 17 15 15 18 19 14 13 18 15 17 13 15 15 14 15 11 14 12 19 14 18 11 10 13 20 13 18 15 0 0 0 0 
0 0 0 0 0 0 0 0 0 0 0 0 0 0 0 0 0 0 0 0 0 0 0 0 0 0 0 0 16 10 13 18 0 0 0 0 0 0 0 0 0 0 0 0 0 0 0 0 0 0 0 0 0 0 0 0 0 0 0 0 
0 0 0 0 0 0 0 0 10 16 16 17 18 18 16 13 0 0 0 0 16 18 18 19 0 0 0 0 17 12 10 11 13 20 10 11 18 17 10 14 0 0 0 0 13 20 20 19 20 12 13 11 11 11 17 16 0 0 0 0 
0 0 0 0 0 0 0 0 0 0 0 0 0 0 0 0 0 0 0 0 0 0 0 0 0 0 0 0 0 0 0 0 0 0 0 0 0 0 0 0 0 0 0 0 0 0 0 0 0 0 0 0 0 0 0 0 16 15 18 13 
12 18 18 14 0 0 0 0 0 0 0 0 0 0 0 0 0 0 0 0 0 0 0 0 0 0 0 0 0 0 0 0 0 0 0 0 0 0 0 0 0 0 0 0 0 0 0 0 0 0 0 0 0 0 0 0 0 0 0 0 
0 0 0 0 0 0 0 0 0 0 0 0 14 15 16 14 0 0 0 0 0 0 0 0 0 0 0 0 0 0 0 0 13 15 14 12 10 10 17 17 0 0 0 0 0 0 0 0 0 0 0 0 11 12 16 17 0 0 0 0 
0 0 0 0 15 17 14 17 0 0 0 0 14 13 18 11 16 10 13 18 16 19 18 11 13 18 18 18 0 0 0 0 0 0 0 0 0 0 0 0 10 17 13 18 0 0 0 0 0 0 0 0 0 0 0 0 0 0 0 0 
0 0 0 0 0 0 0 0 19 18 13 20 20 19 15 19 13 19 16 20 20 19 15 12 0 0 0 0 13 11 12 10 0 0 0 0 0 0 0 0 0 0 0 0 15 17 11 20 16 19 19 13 18 13 13 11 0 0 0 0 
0 0 0 0 0 0 0 0 0 0 0 0 0 0 0 0 0 0 0 0 0 0 0 0 0 0 0 0 0 0 0 0 0 0 0 0 0 0 0 0 0 0 0 0 0 0 0 0 0 0 0 0 0 0 0 0 12 16 14 11 
14 11 14 17 0 0 0 0 0 0 0 0 0 0 0 0 0 0 0 0 0 0 0 0 0 0 0 0 0 0 0 0 0 0 0 0 0 0 0 0 0 0 0 0 0 0 0 0 0 0 0 0 0 0 0 0 0 0 0 0 
0 0 0 0 0 0 0 0 10 15 13 15 10 15 15 14 15 13 20 18 12 14 14 10 12 12 17 12 13 16 14 12 11 18 14 10 20 20 14 13 13 18 10 10 19 14 15 18 0 0 0 0 0 0 0 0 0 0 0 0 
0 0 0 0 17 19 17 12 0 0 0 0 13 19 12 16 0 0 0 0 0 0 0 0 0 0 0 0 20 16 15 17 0 0 0 0 12 14 20 12 0 0 0 0 19 16 20 12 0 0 0 0 11 17 13 17 0 0 0 0 
0 0 0 0 0 0 0 0 20 10 15 14 10 20 10 14 15 13 13 13 0 0 0 0 11 12 18 13 10 10 11 13 0 0 0 0 0 0 0 0 0 0 0 0 14 11 13 17 10 13 20 10 11 14 13 17 0 0 0 0 
0 0 0 0 0 0 0 0 0 0 0 0 0 0 0 0 0 0 0 0 0 0 0 0 0 0 0 0 0 0 0 0 0 0 0 0 0 0 0 0 0 0 0 0 0 0 0 0 0 0 0 0 0 0 0 0 10 14 13 19 
16 12 15 12 0 0 0 0 0 0 0 0 0 0 0 0 0 0 0 0 0 0 0 0 0 0 0 0 0 0 0 0 0 0 0 0 0 0 0 0 0 0 0 0 0 0 0 0 0 0 0 0 0 0 0 0 0 0 0 0 
0 0 0 0 17 12 18 10 10 16 14 14 10 13 20 17 12 11 13 12 0 0 0 0 20 18 20 11 11 20 12 16 10 13 17 18 16 12 17 16 20 19 11 12 10 12 16 17 0 0 0 0 17 13 18 20 0 0 0 0 
0 0 0 0 18 20 18 10 13 17 12 12 0 0 0 0 0 0 0 0 0 0 0 0 0 0 0 0 0 0 0 0 20 14 19 16 13 10 19 16 0 0 0 0 0 0 0 0 10 19 16 11 0 0 0 0 0 0 0 0 
0 0 0 0 11 11 15 20 17 16 12 11 0 0 0 0 12 18 19 19 20 12 18 12 20 15 20 17 0 0 0 0 0 0 0 0 0 0 0 0 12 13 15 16 10 13 11 10 0 0 0 0 18 11 20 11 0 0 0 0 
0 0 0 0 0 0 0 0 0 0 0 0 0 0 0 0 0 0 0 0 0 0 0 0 0 0 0 0 0 0 0 0 0 0 0 0 0 0 0 0 0 0 0 0 0 0 0 0 0 0 0 0 0 0 0 0 10 17 10 12 
11 15 16 15 0 0 0 0 0 0 0 0 0 0 0 0 0 0 0 0 0 0 0 0 0 0 0 0 0 0 0 0 0 0 0 0 0 0 0 0 0 0 0 0 0 0 0 0 0 0 0 0 0 0 0 0 0 0 0 0 
0 0 0 0 11 18 18 17 20 17 10 11 0 0 0 0 0 0 0 0 19 19 17 19 0 0 0 0 12 15 18 18 17 12 13 16 13 16 10 18 0 0 0 0 16 10 12 17 15 16 14 10 16 16 19 18 0 0 0 0 
0 0 0 0 0 0 0 0 0 0 0 0 0 0 0 0 0 0 0 0 0 0 0 0 10 15 14 11 0 0 0 0 0 0 0 0 0 0 0 0 20 11 18 12 19 11 15 13 0 0 0 0 18 12 14 18 0 0 0 0 
0 0 0 0 14 12 15 16 11 20 15 18 17 10 15 12 0 0 0 0 20 10 12 15 10 10 16 14 20 15 10 17 18 16 17 14 13 12 17 12 0 0 0 0 19 15 17 12 16 19 14 12 12 18 18 11 0 0 0 0 
0 0 0 0 0 0 0 0 0 0 0 0 0 0 0 0 0 0 0 0 0 0 0 0 0 0 0 0 0 0 0 0 0 0 0 0 0 0 0 0 0 0 0 0 0 0 0 0 0 0 0 0 0 0 0 0 17 14 12 17 
16 18 16 13 0 0 0 0 0 0 0 0 0 0 0 0 0 0 0 0 0 0 0 0 0 0 0 0 0 0 0 0 0 0 0 0 0 0 0 0 0 0 0 0 0 0 0 0 0 0 0 0 0 0 0 0 0 0 0 0 
0 0 0 0 0 0 0 0 0 0 0 0 0 0 0 0 0 0 0 0 16 14 13 15 18 20 16 11 19 19 16 14 0 0 0 0 10 17 18 19 0 0 0 0 0 0 0 0 0 0 0 0 0 0 0 0 0 0 0 0 
0 0 0 0 0 0 0 0 20 15 12 11 0 0 0 0 0 0 0 0 10 16 11 16 0 0 0 0 0 0 0 0 17 16 13 18 0 0 0 0 0 0 0 0 15 18 19 12 0 0 0 0 0 0 0 0 0 0 0 0 
0 0 0 0 17 11 17 12 13 13 19 20 17 19 20 11 16 10 10 20 19 19 19 20 19 12 11 17 14 20 15 12 17 19 20 12 17 20 11 17 19 17 13 19 11 10 16 15 14 15 10 11 17 19 10 18 0 0 0 0 
0 0 0 0 0 0 0 0 0 0 0 0 0 0 0 0 0 0 0 0 0 0 0 0 0 0 0 0 0 0 0 0 0 0 0 0 0 0 0 0 0 0 0 0 0 0 0 0 0 0 0 0 0 0 0 0 18 19 17 10 
12 20 17 14 0 0 0 0 0 0 0 0 0 0 0 0 0 0 0 0 0 0 0 0 0 0 0 0 0 0 0 0 0 0 0 0 0 0 0 0 0 0 0 0 0 0 0 0 0 0 0 0 0 0 0 0 0 0 0 0 
0 0 0 0 10 11 18 13 11 17 15 11 17 17 20 11 13 16 16 20 14 14 12 19 17 12 11 20 10 17 19 18 19 18 12 13 0 0 0 0 13 20 19 13 18 12 17 17 11 15 13 19 18 14 12 12 0 0 0 0 
0 0 0 0 0 0 0 0 0 0 0 0 0 0 0 0 15 11 12 20 11 11 14 16 12 10 19 12 11 20 12 10 20 14 18 20 0 0 0 0 0 0 0 0 0 0 0 0 14 10 13 14 0 0 0 0 0 0 0 0 
0 0 0 0 0 0 0 0 10 17 12 15 0 0 0 0 12 18 10 14 14 16 10 18 10 20 10 14 0 0 0 0 13 15 10 18 0 0 0 0 12 18 19 13 0 0 0 0 0 0 0 0 17 13 16 20 0 0 0 0 
0 0 0 0 0 0 0 0 0 0 0 0 0 0 0 0 0 0 0 0 0 0 0 0 0 0 0 0 0 0 0 0 0 0 0 0 0 0 0 0 0 0 0 0 0 0 0 0 0 0 0 0 0 0 0 0 15 20 14 10 
20 19 18 19 0 0 0 0 0 0 0 0 0 0 0 0 0 0 0 0 0 0 0 0 0 0 0 0 0 0 0 0 0 0 0 0 0 0 0 0 0 0 0 0 0 0 0 0 0 0 0 0 0 0 0 0 0 0 0 0 
0 0 0 0 14 16 11 19 10 11 20 18 16 12 10 15 15 20 16 12 12 19 20 11 0 0 0 0 19 11 19 20 11 17 18 10 0 0 0 0 18 12 13 12 10 12 18 19 10 19 16 20 16 17 13 20 0 0 0 0 
0 0 0 0 0 0 0 0 18 18 19 16 16 19 13 16 0 0 0 0 0 0 0 0 0 0 0 0 0 0 0 0 11 20 17 16 0 0 0 0 0 0 0 0 0 0 0 0 0 0 0 0 0 0 0 0 0 0 0 0 
0 0 0 0 0 0 0 0 0 0 0 0 0 0 0 0 17 18 19 16 0 0 0 0 0 0 0 0 0 0 0 0 0 0 0 0 0 0 0 0 0 0 0 0 0 0 0 0 16 13 13 10 15 13 14 16 0 0 0 0 
0 0 0 0 0 0 0 0 0 0 0 0 0 0 0 0 0 0 0 0 0 0 0 0 0 0 0 0 0 0 0 0 0 0 0 0 0 0 0 0 0 0 0 0 0 0 0 0 0 0 0 0 0 0 0 0 19 20 12 10 
13 17 16 15 0 0 0 0 0 0 0 0 0 0 0 0 0 0 0 0 0 0 0 0 0 0 0 0 0 0 0 0 0 0 0 0 0 0 0 0 0 0 0 0 0 0 0 0 0 0 0 0 0 0 0 0 0 0 0 0 
0 0 0 0 16 10 15 14 13 11 13 20 16 19 19 19 16 20 13 12 13 12 12 16 13 11 20 20 19 18 18 13 13 20 13 18 18 17 17 20 10 18 14 16 14 10 19 14 20 10 18 11 13 17 20 11 0 0 0 0 
0 0 0 0 20 13 12 10 0 0 0 0 0 0 0 0 20 17 13 10 0 0 0 0 0 0 0 0 0 0 0 0 0 0 0 0 20 15 13 10 0 0 0 0 0 0 0 0 0 0 0 0 0 0 0 0 0 0 0 0 
0 0 0 0 12 15 13 14 0 0 0 0 0 0 0 0 0 0 0 0 0 0 0 0 0 0 0 0 12 13 19 14 0 0 0 0 0 0 0 0 13 13 12 19 0 0 0 0 0 0 0 0 0 0 0 0 0 0 0 0 
0 0 0 0 0 0 0 0 0 0 0 0 0 0 0 0 0 0 0 0 0 0 0 0 0 0 0 0 0 0 0 0 0 0 0 0 0 0 0 0 0 0 0 0 0 0 0 0 0 0 0 0 0 0 0 0 17 13 15 11 
12 16 18 13 0 0 0 0 0 0 0 0 0 0 0 0 0 0 0 0 0 0 0 0 0 0 0 0 0 0 0 0 0 0 0 0 0 0 0 0 0 0 0 0 0 0 0 0 0 0 0 0 0 0 0 0 0 0 0 0 
0 0 0 0 13 16 14 13 0 0 0 0 0 0 0 0 10 19 17 16 0 0 0 0 0 0 0 0 10 13 12 17 15 20 10 17 0 0 0 0 0 0 0 0 0 0 0 0 0 0 0 0 16 18 15 17 0 0 0 0 
0 0 0 0 20 14 20 18 16 10 12 18 11 13 16 18 13 16 17 20 17 20 13 20 0 0 0 0 0 0 0 0 0 0 0 0 0 0 0 0 0 0 0 0 20 10 10 19 19 17 18 16 0 0 0 0 0 0 0 0 
0 0 0 0 0 0 0 0 16 17 16 18 0 0 0 0 0 0 0 0 0 0 0 0 0 0 0 0 0 0 0 0 0 0 0 0 0 0 0 0 0 0 0 0 0 0 0 0 0 0 0 0 0 0 0 0 0 0 0 0 
0 0 0 0 0 0 0 0 0 0 0 0 0 0 0 0 0 0 0 0 0 0 0 0 0 0 0 0 0 0 0 0 0 0 0 0 0 0 0 0 0 0 0 0 0 0 0 0 0 0 0 0 0 0 0 0 18 15 13 15 
16 13 19 18 0 0 0 0 0 0 0 0 0 0 0 0 0 0 0 0 0 0 0 0 0 0 0 0 0 0 0 0 0 0 0 0 0 0 0 0 0 0 0 0 0 0 0 0 0 0 0 0 0 0 0 0 0 0 0 0 
0 0 0 0 0 0 0 0 0 0 0 0 0 0 0 0 0 0 0 0 0 0 0 0 10 10 19 16 0 0 0 0 0 0 0 0 0 0 0 0 0 0 0 0 0 0 0 0 0 0 0 0 0 0 0 0 0 0 0 0 
0 0 0 0 13 16 17 20 20 10 18 17 0 0 0 0 14 16 16 18 17 11 20 17 15 12 18 18 11 20 20 16 0 0 0 0 16 15 16 20 19 12 15 12 12 18 14 18 12 17 19 13 0 0 0 0 0 0 0 0 
0 0 0 0 0 0 0 0 0 0 0 0 0 0 0 0 0 0 0 0 0 0 0 0 0 0 0 0 0 0 0 0 0 0 0 0 16 13 16 17 0 0 0 0 0 0 0 0 0 0 0 0 0 0 0 0 0 0 0 0 
0 0 0 0 0 0 0 0 0 0 0 0 0 0 0 0 0 0 0 0 0 0 0 0 0 0 0 0 0 0 0 0 0 0 0 0 0 0 0 0 0 0 0 0 0 0 0 0 0 0 0 0 0 0 0 0 17 15 13 19 
20 19 14 10 0 0 0 0 0 0 0 0 0 0 0 0 0 0 0 0 0 0 0 0 0 0 0 0 0 0 0 0 0 0 0 0 0 0 0 0 0 0 0 0 0 0 0 0 0 0 0 0 0 0 0 0 0 0 0 0 
0 0 0 0 0 0 0 0 0 0 0 0 0 0 0 0 20 14 20 15 0 0 0 0 0 0 0 0 0 0 0 0 0 0 0 0 0 0 0 0 0 0 0 0 0 0 0 0 0 0 0 0 0 0 0 0 0 0 0 0 
0 0 0 0 14 18 15 18 17 19 16 12 18 15 10 16 10 12 15 20 16 19 11 10 19 19 12 14 14 18 13 10 11 15 13 15 11 15 14 16 16 20 16 15 16 17 11 13 10 20 10 13 12 18 11 15 0 0 0 0 
0 0 0 0 0 0 0 0 10 12 12 17 20 19 15 15 0 0 0 0 13 16 11 18 0 0 0 0 0 0 0 0 19 10 11 16 0 0 0 0 0 0 0 0 11 12 12 11 0 0 0 0 16 18 11 17 0 0 0 0 
0 0 0 0 0 0 0 0 0 0 0 0 0 0 0 0 0 0 0 0 0 0 0 0 0 0 0 0 0 0 0 0 0 0 0 0 0 0 0 0 0 0 0 0 0 0 0 0 0 0 0 0 0 0 0 0 10 18 18 18 
13 13 14 13 0 0 0 0 0 0 0 0 0 0 0 0 0 0 0 0 0 0 0 0 0 0 0 0 0 0 0 0 0 0 0 0 0 0 0 0 0 0 0 0 0 0 0 0 0 0 0 0 0 0 0 0 0 0 0 0 
0 0 0 0 13 16 19 16 11 18 18 10 0 0 0 0 0 0 0 0 0 0 0 0 17 10 17 18 18 19 12 13 15 20 13 18 12 11 16 14 0 0 0 0 11 14 11 14 0 0 0 0 13 20 20 15 0 0 0 0 
0 0 0 0 0 0 0 0 14 13 10 12 0 0 0 0 10 13 20 12 12 11 10 15 10 20 19 16 15 17 15 18 14 13 16 11 11 13 18 14 0 0 0 0 15 17 18 14 0 0 0 0 0 0 0 0 0 0 0 0 
0 0 0 0 0 0 0 0 20 15 15 20 0 0 0 0 0 0 0 0 12 11 11 20 17 13 10 20 0 0 0 0 0 0 0 0 0 0 0 0 0 0 0 0 0 0 0 0 0 0 0 0 0 0 0 0 0 0 0 0 
0 0 0 0 0 0 0 0 0 0 0 0 0 0 0 0 0 0 0 0 0 0 0 0 0 0 0 0 0 0 0 0 0 0 0 0 0 0 0 0 0 0 0 0 0 0 0 0 0 0 0 0 0 0 0 0 15 11 15 18 
17 12 19 17 0 0 0 0 0 0 0 0 0 0 0 0 0 0 0 0 0 0 0 0 0 0 0 0 0 0 0 0 0 0 0 0 0 0 0 0 0 0 0 0 0 0 0 0 0 0 0 0 0 0 0 0 0 0 0 0 
0 0 0 0 14 11 16 14 0 0 0 0 15 14 13 15 0 0 0 0 0 0 0 0 16 15 20 16 11 14 19 20 10 12 12 17 15 10 13 17 0 0 0 0 0 0 0 0 0 0 0 0 0 0 0 0 0 0 0 0 
0 0 0 0 0 0 0 0 14 12 16 12 20 20 12 18 18 16 17 11 12 19 14 12 0 0 0 0 11 13 14 13 19 17 11 20 17 17 13 20 0 0 0 0 0 0 0 0 17 10 20 20 17 19 19 17 0 0 0 0 
0 0 0 0 11 14 20 16 18 10 18 20 20 17 16 18 13 10 18 14 19 18 20 13 16 11 19 16 16 20 19 12 13 13 20 18 15 17 17 19 0 0 0 0 0 0 0 0 0 0 0 0 12 10 17 14 0 0 0 0 
0 0 0 0 0 0 0 0 0 0 0 0 0 0 0 0 0 0 0 0 0 0 0 0 0 0 0 0 0 0 0 0 0 0 0 0 0 0 0 0 0 0 0 0 0 0 0 0 0 0 0 0 0 0 0 0 11 11 19 11 
20 18 17 19 0 0 0 0 0 0 0 0 0 0 0 0 0 0 0 0 0 0 0 0 0 0 0 0 0 0 0 0 0 0 0 0 0 0 0 0 0 0 0 0 0 0 0 0 0 0 0 0 0 0 0 0 0 0 0 0 
0 0 0 0 0 0 0 0 0 0 0 0 12 19 15 13 17 15 17 18 15 20 20 11 0 0 0 0 0 0 0 0 0 0 0 0 0 0 0 0 0 0 0 0 20 12 20 18 0 0 0 0 0 0 0 0 0 0 0 0 
0 0 0 0 0 0 0 0 14 12 19 17 18 15 18 17 10 10 14 17 0 0 0 0 17 11 11 11 17 15 12 13 0 0 0 0 10 19 20 16 0 0 0 0 13 18 12 17 18 14 19 11 20 11 12 12 0 0 0 0 
0 0 0 0 0 0 0 0 0 0 0 0 10 20 16 20 13 18 20 19 0 0 0 0 0 0 0 0 0 0 0 0 18 17 15 18 16 15 14 12 0 0 0 0 0 0 0 0 0 0 0 0 0 0 0 0 0 0 0 0 
0 0 0 0 0 0 0 0 0 0 0 0 0 0 0 0 0 0 0 0 0 0 0 0 0 0 0 0 0 0 0 0 0 0 0 0 0 0 0 0 0 0 0 0 0 0 0 0 0 0 0 0 0 0 0 0 13 14 12 17 
10 10 18 13 0 0 0 0 0 0 0 0 0 0 0 0 0 0 0 0 0 0 0 0 0 0 0 0 0 0 0 0 0 0 0 0 0 0 0 0 0 0 0 0 0 0 0 0 0 0 0 0 0 0 0 0 0 0 0 0 
0 0 0 0 15 11 17 17 18 12 16 11 10 15 13 15 15 16 16 17 17 10 19 16 0 0 0 0 17 18 19 17 17 14 16 10 16 14 16 19 16 15 15 15 17 10 13 14 17 15 14 16 20 15 11 15 0 0 0 0 
0 0 0 0 0 0 0 0 0 0 0 0 12 13 18 18 17 15 14 10 0 0 0 0 0 0 0 0 20 11 17 20 20 20 14 18 0 0 0 0 14 14 16 14 0 0 0 0 12 15 20 13 0 0 0 0 0 0 0 0 
0 0 0 0 13 16 19 16 10 18 13 11 0 0 0 0 0 0 0 0 11 20 11 20 17 10 17 19 14 19 16 19 11 13 12 19 17 14 20 16 18 13 10 18 11 12 10 12 13 12 14 13 0 0 0 0 0 0 0 0 
0 0 0 0 0 0 0 0 0 0 0 0 0 0 0 0 0 0 0 0 0 0 0 0 0 0 0 0 0 0 0 0 0 0 0 0 0 0 0 0 0 0 0 0 0 0 0 0 0 0 0 0 0 0 0 0 19 19 17 11 
19 10 18 16 0 0 0 0 0 0 0 0 0 0 0 0 0 0 0 0 0 0 0 0 0 0 0 0 0 0 0 0 0 0 0 0 0 0 0 0 0 0 0 0 0 0 0 0 0 0 0 0 0 0 0 0 0 0 0 0 
0 0 0 0 0 0 0 0 16 13 13 18 0 0 0 0 0 0 0 0 0 0 0 0 0 0 0 0 0 0 0 0 0 0 0 0 0 0 0 0 0 0 0 0 0 0 0 0 0 0 0 0 0 0 0 0 0 0 0 0 
0 0 0 0 20 12 16 16 13 13 16 19 12 18 12 19 15 11 12 18 0 0 0 0 11 19 11 18 0 0 0 0 0 0 0 0 0 0 0 0 14 10 10 16 0 0 0 0 0 0 0 0 0 0 0 0 0 0 0 0 
0 0 0 0 0 0 0 0 15 18 17 10 12 18 16 10 17 20 19 16 13 18 11 19 0 0 0 0 10 15 12 10 17 15 17 15 11 10 20 11 20 10 12 13 0 0 0 0 17 16 10 19 14 14 17 16 0 0 0 0 
0 0 0 0 0 0 0 0 0 0 0 0 0 0 0 0 0 0 0 0 0 0 0 0 0 0 0 0 0 0 0 0 0 0 0 0 0 0 0 0 0 0 0 0 0 0 0 0 0 0 0 0 0 0 0 0 15 10 17 16 
19 20 17 12 0 0 0 0 0 0 0 0 0 0 0 0 0 0 0 0 0 0 0 0 0 0 0 0 0 0 0 0 0 0 0 0 0 0 0 0 0 0 0 0 0 0 0 0 0 0 0 0 0 0 0 0 0 0 0 0 
0 0 0 0 0 0 0 0 0 0 0 0 0 0 0 0 0 0 0 0 0 0 0 0 0 0 0 0 0 0 0 0 0 0 0 0 0 0 0 0 0 0 0 0 10 17 17 18 0 0 0 0 0 0 0 0 0 0 0 0 
0 0 0 0 0 0 0 0 0 0 0 0 13 10 12 19 20 18 15 15 16 20 15 15 11 10 18 14 10 14 10 20 18 19 18 13 18 20 18 12 19 11 16 12 20 12 13 12 0 0 0 0 0 0 0 0 0 0 0 0 
0 0 0 0 0 0 0 0 0 0 0 0 0 0 0 0 0 0 0 0 10 10 14 10 0 0 0 0 0 0 0 0 0 0 0 0 0 0 0 0 0 0 0 0 0 0 0 0 0 0 0 0 0 0 0 0 0 0 0 0 
0 0 0 0 0 0 0 0 0 0 0 0 0 0 0 0 0 0 0 0 0 0 0 0 0 0 0 0 0 0 0 0 0 0 0 0 0 0 0 0 0 0 0 0 0 0 0 0 0 0 0 0 0 0 0 0 10 10 15 18 
10 18 14 14 0 0 0 0 0 0 0 0 0 0 0 0 0 0 0 0 0 0 0 0 0 0 0 0 0 0 0 0 0 0 0 0 0 0 0 0 0 0 0 0 0 0 0 0 0 0 0 0 0 0 0 0 0 0 0 0 
0 0 0 0 16 19 15 19 12 18 15 16 14 10 18 10 12 15 17 14 10 10 17 18 12 17 10 11 10 18 17 13 12 14 13 10 16 11 16 12 0 0 0 0 11 13 18 13 19 17 12 19 18 18 20 16 0 0 0 0 
0 0 0 0 18 18 12 19 0 0 0 0 0 0 0 0 12 10 13 18 10 10 20 15 12 11 12 13 0 0 0 0 19 12 16 10 18 11 15 19 16 20 20 12 18 14 18 10 12 17 10 11 16 19 12 18 0 0 0 0 
0 0 0 0 0 0 0 0 19 11 13 17 0 0 0 0 0 0 0 0 0 0 0 0 0 0 0 0 0 0 0 0 0 0 0 0 0 0 0 0 0 0 0 0 0 0 0 0 0 0 0 0 0 0 0 0 0 0 0 0 
0 0 0 0 0 0 0 0 0 0 0 0 0 0 0 0 0 0 0 0 0 0 0 0 0 0 0 0 0 0 0 0 0 0 0 0 0 0 0 0 0 0 0 0 0 0 0 0 0 0 0 0 0 0 0 0 10 15 15 17 
17 17 20 11 0 0 0 0 0 0 0 0 0 0 0 0 0 0 0 0 0 0 0 0 0 0 0 0 0 0 0 0 0 0 0 0 0 0 0 0 0 0 0 0 0 0 0 0 0 0 0 0 0 0 0 0 0 0 0 0 
0 0 0 0 12 12 17 12 11 15 13 14 19 14 11 17 15 18 19 18 17 16 11 20 17 17 10 12 14 17 13 14 12 20 15 20 11 12 13 16 0 0 0 0 0 0 0 0 18 18 18 17 19 19 14 10 0 0 0 0 
0 0 0 0 0 0 0 0 0 0 0 0 0 0 0 0 11 13 13 18 14 20 15 11 14 16 13 18 11 17 12 19 0 0 0 0 0 0 0 0 0 0 0 0 0 0 0 0 19 17 16 19 0 0 0 0 0 0 0 0 
0 0 0 0 0 0 0 0 10 14 17 16 10 10 12 14 12 10 20 12 16 12 16 15 11 18 16 10 0 0 0 0 0 0 0 0 11 15 12 10 0 0 0 0 17 16 13 13 14 15 14 12 0 0 0 0 0 0 0 0 
0 0 0 0 0 0 0 0 0 0 0 0 0 0 0 0 0 0 0 0 0 0 0 0 0 0 0 0 0 0 0 0 0 0 0 0 0 0 0 0 0 0 0 0 0 0 0 0 0 0 0 0 0 0 0 0 11 14 17 12 
19 15 14 16 0 0 0 0 0 0 0 0 0 0 0 0 0 0 0 0 0 0 0 0 0 0 0 0 0 0 0 0 0 0 0 0 0 0 0 0 0 0 0 0 0 0 0 0 0 0 0 0 0 0 0 0 0 0 0 0 
0 0 0 0 0 0 0 0 0 0 0 0 20 13 15 10 11 17 16 17 19 17 17 14 18 16 17 12 19 11 12 15 11 17 17 18 12 11 13 18 15 15 11 19 15 20 14 14 14 11 14 20 20 13 11 11 0 0 0 0 
0 0 0 0 0 0 0 0 13 12 12 19 13 19 18 16 19 17 18 16 17 19 11 19 0 0 0 0 10 15 15 13 19 15 18 18 0 0 0 0 16 11 15 19 0 0 0 0 12 16 12 18 14 12 10 12 0 0 0 0 
0 0 0 0 0 0 0 0 19 12 17 15 0 0 0 0 20 14 18 18 0 0 0 0 0 0 0 0 0 0 0 0 10 19 11 15 0 0 0 0 0 0 0 0 0 0 0 0 0 0 0 0 0 0 0 0 0 0 0 0 
0 0 0 0 0 0 0 0 0 0 0 0 0 0 0 0 0 0 0 0 0 0 0 0 0 0 0 0 0 0 0 0 0 0 0 0 0 0 0 0 0 0 0 0 0 0 0 0 0 0 0 0 0 0 0 0 16 18 14 15 
20 12 11 18 0 0 0 0 0 0 0 0 0 0 0 0 0 0 0 0 0 0 0 0 0 0 0 0 0 0 0 0 0 0 0 0 0 0 0 0 0 0 0 0 0 0 0 0 0 0 0 0 0 0 0 0 0 0 0 0 
0 0 0 0 0 0 0 0 18 15 13 11 15 15 12 15 0 0 0 0 14 16 10 12 18 19 10 11 10 19 17 18 15 17 14 12 20 18 10 18 0 0 0 0 11 15 19 20 0 0 0 0 0 0 0 0 0 0 0 0 
0 0 0 0 0 0 0 0 0 0 0 0 0 0 0 0 14 20 19 19 17 19 17 11 0 0 0 0 13 14 13 13 0 0 0 0 16 14 18 17 19 13 19 10 0 0 0 0 20 14 12 17 15 14 17 15 0 0 0 0 
0 0 0 0 18 11 14 15 17 16 15 17 0 0 0 0 0 0 0 0 0 0 0 0 0 0 0 0 0 0 0 0 16 16 13 12 0 0 0 0 0 0 0 0 15 10 11 20 10 19 20 15 0 0 0 0 0 0 0 0 
0 0 0 0 0 0 0 0 0 0 0 0 0 0 0 0 0 0 0 0 0 0 0 0 0 0 0 0 0 0 0 0 0 0 0 0 0 0 0 0 0 0 0 0 0 0 0 0 0 0 0 0 0 0 0 0 13 11 20 20 
18 12 18 15 0 0 0 0 0 0 0 0 0 0 0 0 0 0 0 0 0 0 0 0 0 0 0 0 0 0 0 0 0 0 0 0 0 0 0 0 0 0 0 0 0 0 0 0 0 0 0 0 0 0 0 0 0 0 0 0 
0 0 0 0 11 16 18 18 15 20 20 10 10 13 12 11 0 0 0 0 0 0 0 0 0 0 0 0 16 10 11 18 0 0 0 0 0 0 0 0 19 20 15 20 14 10 20 12 0 0 0 0 0 0 0 0 0 0 0 0 
0 0 0 0 10 15 10 11 0 0 0 0 15 15 13 20 0 0 0 0 0 0 0 0 0 0 0 0 0 0 0 0 0 0 0 0 0 0 0 0 0 0 0 0 0 0 0 0 0 0 0 0 16 17 10 20 0 0 0 0 
0 0 0 0 0 0 0 0 0 0 0 0 0 0 0 0 0 0 0 0 0 0 0 0 0 0 0 0 16 10 18 12 0 0 0 0 0 0 0 0 19 18 11 20 0 0 0 0 0 0 0 0 0 0 0 0 0 0 0 0 
0 0 0 0 0 0 0 0 0 0 0 0 0 0 0 0 0 0 0 0 0 0 0 0 0 0 0 0 0 0 0 0 0 0 0 0 0 0 0 0 0 0 0 0 0 0 0 0 0 0 0 0 0 0 0 0 20 14 15 16 
17 17 14 20 0 0 0 0 0 0 0 0 0 0 0 0 0 0 0 0 0 0 0 0 0 0 0 0 0 0 0 0 0 0 0 0 0 0 0 0 0 0 0 0 0 0 0 0 0 0 0 0 0 0 0 0 0 0 0 0 
0 0 0 0 0 0 0 0 0 0 0 0 13 16 18 10 0 0 0 0 0 0 0 0 0 0 0 0 0 0 0 0 20 17 10 17 0 0 0 0 0 0 0 0 0 0 0 0 0 0 0 0 0 0 0 0 0 0 0 0 
0 0 0 0 0 0 0 0 12 14 16 19 0 0 0 0 10 19 18 18 16 13 17 19 0 0 0 0 0 0 0 0 0 0 0 0 0 0 0 0 0 0 0 0 0 0 0 0 0 0 0 0 0 0 0 0 0 0 0 0 
0 0 0 0 0 0 0 0 17 14 19 14 16 11 12 16 0 0 0 0 0 0 0 0 20 18 18 12 18 13 15 11 16 14 17 13 0 0 0 0 11 10 18 14 0 0 0 0 0 0 0 0 0 0 0 0 0 0 0 0 
0 0 0 0 0 0 0 0 0 0 0 0 0 0 0 0 0 0 0 0 0 0 0 0 0 0 0 0 0 0 0 0 0 0 0 0 0 0 0 0 0 0 0 0 0 0 0 0 0 0 0 0 0 0 0 0 11 20 13 13 
12 20 16 15 0 0 0 0 0 0 0 0 0 0 0 0 0 0 0 0 0 0 0 0 0 0 0 0 0 0 0 0 0 0 0 0 0 0 0 0 0 0 0 0 0 0 0 0 0 0 0 0 0 0 0 0 0 0 0 0 
0 0 0 0 0 0 0 0 0 0 0 0 0 0 0 0 0 0 0 0 0 0 0 0 0 0 0 0 0 0 0 0 12 17 15 16 0 0 0 0 20 14 13 18 20 15 14 10 0 0 0 0 0 0 0 0 0 0 0 0 
0 0 0 0 14 16 14 19 19 16 10 11 0 0 0 0 0 0 0 0 0 0 0 0 0 0 0 0 0 0 0 0 20 16 19 16 14 11 12 18 14 20 17 20 13 19 18 12 20 13 13 20 0 0 0 0 0 0 0 0 
0 0 0 0 17 10 14 13 0 0 0 0 16 17 10 18 0 0 0 0 0 0 0 0 14 12 17 11 0 0 0 0 0 0 0 0 11 15 14 13 0 0 0 0 0 0 0 0 0 0 0 0 10 14 10 20 0 0 0 0 
0 0 0 0 0 0 0 0 0 0 0 0 0 0 0 0 0 0 0 0 0 0 0 0 0 0 0 0 0 0 0 0 0 0 0 0 0 0 0 0 0 0 0 0 0 0 0 0 0 0 0 0 0 0 0 0 12 15 14 18 
16 13 19 13 0 0 0 0 0 0 0 0 0 0 0 0 0 0 0 0 0 0 0 0 0 0 0 0 0 0 0 0 0 0 0 0 0 0 0 0 0 0 0 0 0 0 0 0 0 0 0 0 0 0 0 0 0 0 0 0 
0 0 0 0 0 0 0 0 16 20 10 13 10 19 20 10 0 0 0 0 11 20 13 17 19 15 12 15 0 0 0 0 0 0 0 0 16 18 18 18 0 0 0 0 11 12 17 16 17 15 16 19 14 19 20 16 0 0 0 0 
0 0 0 0 0 0 0 0 0 0 0 0 0 0 0 0 0 0 0 0 0 0 0 0 13 15 11 12 0 0 0 0 0 0 0 0 0 0 0 0 0 0 0 0 10 10 17 14 0 0 0 0 0 0 0 0 0 0 0 0 
0 0 0 0 0 0 0 0 0 0 0 0 12 13 10 13 0 0 0 0 12 15 12 18 0 0 0 0 15 10 19 15 10 10 11 15 17 10 20 11 18 16 20 16 16 14 15 14 10 18 18 15 0 0 0 0 0 0 0 0 
0 0 0 0 0 0 0 0 0 0 0 0 0 0 0 0 0 0 0 0 0 0 0 0 0 0 0 0 0 0 0 0 0 0 0 0 0 0 0 0 0 0 0 0 0 0 0 0 0 0 0 0 0 0 0 0 10 19 19 17 
17 15 20 14 0 0 0 0 0 0 0 0 0 0 0 0 0 0 0 0 0 0 0 0 0 0 0 0 0 0 0 0 0 0 0 0 0 0 0 0 0 0 0 0 0 0 0 0 0 0 0 0 0 0 0 0 0 0 0 0 
0 0 0 0 13 20 20 14 0 0 0 0 14 10 15 15 0 0 0 0 0 0 0 0 0 0 0 0 0 0 0 0 0 0 0 0 10 12 15 17 0 0 0 0 0 0 0 0 10 12 20 16 0 0 0 0 0 0 0 0 
0 0 0 0 20 17 18 11 15 18 12 18 14 19 13 12 16 12 13 14 18 11 12 11 18 18 10 10 14 19 10 14 14 20 17 15 10 11 20 18 16 13 12 11 12 19 19 12 20 11 15 15 14 10 16 11 0 0 0 0 
0 0 0 0 0 0 0 0 18 10 14 16 0 0 0 0 14 17 17 17 0 0 0 0 0 0 0 0 0 0 0 0 14 14 17 18 0 0 0 0 0 0 0 0 0 0 0 0 19 19 14 16 15 20 20 13 0 0 0 0 
0 0 0 0 0 0 0 0 0 0 0 0 0 0 0 0 0 0 0 0 0 0 0 0 0 0 0 0 0 0 0 0 0 0 0 0 0 0 0 0 0 0 0 0 0 0 0 0 0 0 0 0 0 0 0 0 17 13 15 11 
19 17 17 20 0 0 0 0 0 0 0 0 0 0 0 0 0 0 0 0 0 0 0 0 0 0 0 0 0 0 0 0 0 0 0 0 0 0 0 0 0 0 0 0 0 0 0 0 0 0 0 0 0 0 0 0 0 0 0 0 
0 0 0 0 18 12 19 12 17 20 15 20 0 0 0 0 12 11 18 14 11 18 10 17 11 13 14 18 11 11 20 11 18 11 18 11 18 12 10 14 19 15 15 14 20 14 11 10 12 18 17 13 19 17 15 19 0 0 0 0 
0 0 0 0 0 0 0 0 0 0 0 0 0 0 0 0 0 0 0 0 0 0 0 0 0 0 0 0 0 0 0 0 0 0 0 0 0 0 0 0 0 0 0 0 0 0 0 0 0 0 0 0 19 11 10 16 0 0 0 0 
0 0 0 0 10 10 12 14 10 16 19 15 18 18 15 13 19 17 19 15 17 19 20 19 19 16 18 18 13 14 20 19 19 14 20 15 16 16 12 19 12 13 17 16 18 13 15 19 17 17 20 15 18 20 10 15 0 0 0 0 
0 0 0 0 0 0 0 0 0 0 0 0 0 0 0 0 0 0 0 0 0 0 0 0 0 0 0 0 0 0 0 0 0 0 0 0 0 0 0 0 0 0 0 0 0 0 0 0 0 0 0 0 0 0 0 0 10 16 16 15 
11 12 20 15 0 0 0 0 0 0 0 0 0 0 0 0 0 0 0 0 0 0 0 0 0 0 0 0 0 0 0 0 0 0 0 0 0 0 0 0 0 0 0 0 0 0 0 0 0 0 0 0 0 0 0 0 0 0 0 0 
0 0 0 0 18 16 15 14 19 19 11 10 11 18 14 20 15 11 14 10 0 0 0 0 0 0 0 0 11 16 13 19 18 15 18 11 0 0 0 0 15 10 16 10 15 10 20 14 14 18 12 19 20 14 16 15 0 0 0 0 
0 0 0 0 13 18 20 15 18 18 16 15 19 14 14 15 18 10 20 16 0 0 0 0 0 0 0 0 20 15 18 13 19 11 10 13 10 13 17 13 17 18 20 11 0 0 0 0 17 11 14 18 0 0 0 0 0 0 0 0 
0 0 0 0 12 16 10 16 19 20 15 20 0 0 0 0 11 15 19 12 15 10 16 20 19 13 16 17 18 15 13 11 0 0 0 0 10 17 15 16 0 0 0 0 0 0 0 0 18 16 14 19 13 17 17 18 0 0 0 0 
0 0 0 0 0 0 0 0 0 0 0 0 0 0 0 0 0 0 0 0 0 0 0 0 0 0 0 0 0 0 0 0 0 0 0 0 0 0 0 0 0 0 0 0 0 0 0 0 0 0 0 0 0 0 0 0 17 13 10 10 
11 14 19 11 0 0 0 0 0 0 0 0 0 0 0 0 0 0 0 0 0 0 0 0 0 0 0 0 0 0 0 0 0 0 0 0 0 0 0 0 0 0 0 0 0 0 0 0 0 0 0 0 0 0 0 0 0 0 0 0 
0 0 0 0 16 18 10 18 0 0 0 0 0 0 0 0 0 0 0 0 12 10 17 20 0 0 0 0 11 14 12 14 0 0 0 0 11 10 13 14 15 10 17 19 16 11 14 18 20 12 20 13 19 13 11 20 0 0 0 0 
0 0 0 0 10 18 19 19 0 0 0 0 0 0 0 0 0 0 0 0 12 19 18 14 15 20 15 20 0 0 0 0 0 0 0 0 0 0 0 0 0 0 0 0 16 20 17 19 0 0 0 0 0 0 0 0 0 0 0 0 
0 0 0 0 0 0 0 0 0 0 0 0 0 0 0 0 0 0 0 0 0 0 0 0 0 0 0 0 0 0 0 0 0 0 0 0 10 16 11 10 0 0 0 0 0 0 0 0 0 0 0 0 18 19 18 20 0 0 0 0 
0 0 0 0 0 0 0 0 0 0 0 0 0 0 0 0 0 0 0 0 0 0 0 0 0 0 0 0 0 0 0 0 0 0 0 0 0 0 0 0 0 0 0 0 0 0 0 0 0 0 0 0 0 0 0 0 18 10 14 11 
18 14 14 17 0 0 0 0 0 0 0 0 0 0 0 0 0 0 0 0 0 0 0 0 0 0 0 0 0 0 0 0 0 0 0 0 0 0 0 0 0 0 0 0 0 0 0 0 0 0 0 0 0 0 0 0 0 0 0 0 
0 0 0 0 12 15 10 14 14 18 16 11 14 14 12 10 0 0 0 0 15 20 13 20 0 0 0 0 20 17 16 19 0 0 0 0 0 0 0 0 14 10 18 16 12 15 10 14 0 0 0 0 0 0 0 0 0 0 0 0 
0 0 0 0 0 0 0 0 0 0 0 0 0 0 0 0 10 15 15 20 0 0 0 0 0 0 0 0 0 0 0 0 0 0 0 0 0 0 0 0 0 0 0 0 0 0 0 0 0 0 0 0 0 0 0 0 0 0 0 0 
0 0 0 0 13 15 17 11 0 0 0 0 0 0 0 0 0 0 0 0 0 0 0 0 0 0 0 0 0 0 0 0 0 0 0 0 0 0 0 0 0 0 0 0 0 0 0 0 11 14 12 19 16 20 13 12 0 0 0 0 
0 0 0 0 0 0 0 0 0 0 0 0 0 0 0 0 0 0 0 0 0 0 0 0 0 0 0 0 0 0 0 0 0 0 0 0 0 0 0 0 0 0 0 0 0 0 0 0 0 0 0 0 0 0 0 0 18 10 18 16 
14 18 16 10 0 0 0 0 0 0 0 0 0 0 0 0 0 0 0 0 0 0 0 0 0 0 0 0 0 0 0 0 0 0 0 0 0 0 0 0 0 0 0 0 0 0 0 0 0 0 0 0 0 0 0 0 0 0 0 0 
0 0 0 0 10 18 16 15 0 0 0 0 16 14 13 11 17 18 20 12 10 15 17 18 18 17 19 16 14 11 12 19 13 19 14 10 18 15 20 11 0 0 0 0 10 20 14 13 19 13 16 17 12 11 18 11 0 0 0 0 
0 0 0 0 0 0 0 0 0 0 0 0 0 0 0 0 19 16 17 20 0 0 0 0 19 19 18 10 0 0 0 0 0 0 0 0 0 0 0 0 0 0 0 0 0 0 0 0 0 0 0 0 18 14 20 12 0 0 0 0 
0 0 0 0 0 0 0 0 17 10 17 19 0 0 0 0 0 0 0 0 0 0 0 0 0 0 0 0 11 14 11 18 19 10 16 14 0 0 0 0 10 15 14 16 0 0 0 0 0 0 0 0 20 20 18 18 0 0 0 0 
0 0 0 0 0 0 0 0 0 0 0 0 0 0 0 0 0 0 0 0 0 0 0 0 0 0 0 0 0 0 0 0 0 0 0 0 0 0 0 0 0 0 0 0 0 0 0 0 0 0 0 0 0 0 0 0 17 16 16 20 
18 15 13 20 0 0 0 0 0 0 0 0 0 0 0 0 0 0 0 0 0 0 0 0 0 0 0 0 0 0 0 0 0 0 0 0 0 0 0 0 0 0 0 0 0 0 0 0 0 0 0 0 0 0 0 0 0 0 0 0 
0 0 0 0 0 0 0 0 0 0 0 0 12 17 12 16 20 17 10 11 0 0 0 0 0 0 0 0 19 13 10 17 19 13 12 17 19 14 16 14 0 0 0 0 11 13 13 14 0 0 0 0 20 16 19 11 0 0 0 0 
0 0 0 0 18 10 13 12 14 14 17 17 17 17 17 12 0 0 0 0 15 20 18 12 11 19 13 10 15 11 17 19 0 0 0 0 14 18 20 16 18 14 15 19 12 20 10 19 0 0 0 0 12 12 17 17 0 0 0 0 
0 0 0 0 15 16 18 14 0 0 0 0 0 0 0 0 11 16 18 15 0 0 0 0 16 13 16 18 0 0 0 0 13 10 10 18 0 0 0 0 0 0 0 0 13 19 14 12 0 0 0 0 12 17 15 20 0 0 0 0 
0 0 0 0 0 0 0 0 0 0 0 0 0 0 0 0 0 0 0 0 0 0 0 0 0 0 0 0 0 0 0 0 0 0 0 0 0 0 0 0 0 0 0 0 0 0 0 0 0 0 0 0 0 0 0 0 17 11 14 11 
10 12 13 15 0 0 0 0 0 0 0 0 0 0 0 0 0 0 0 0 0 0 0 0 0 0 0 0 0 0 0 0 0 0 0 0 0 0 0 0 0 0 0 0 0 0 0 0 0 0 0 0 0 0 0 0 0 0 0 0 
0 0 0 0 0 0 0 0 0 0 0 0 10 17 18 10 12 14 17 17 13 18 18 19 0 0 0 0 11 19 16 18 0 0 0 0 0 0 0 0 0 0 0 0 0 0 0 0 11 18 14 13 13 15 16 11 0 0 0 0 
0 0 0 0 0 0 0 0 0 0 0 0 12 11 13 13 0 0 0 0 0 0 0 0 0 0 0 0 17 11 18 10 20 19 14 17 12 18 17 14 15 16 20 11 0 0 0 0 0 0 0 0 10 10 17 18 0 0 0 0 
0 0 0 0 15 14 11 10 0 0 0 0 0 0 0 0 0 0 0 0 0 0 0 0 0 0 0 0 12 20 19 19 0 0 0 0 0 0 0 0 0 0 0 0 0 0 0 0 0 0 0 0 0 0 0 0 0 0 0 0 
0 0 0 0 0 0 0 0 0 0 0 0 0 0 0 0 0 0 0 0 0 0 0 0 0 0 0 0 0 0 0 0 0 0 0 0 0 0 0 0 0 0 0 0 0 0 0 0 0 0 0 0 0 0 0 0 14 17 13 14 
14 20 16 10 0 0 0 0 0 0 0 0 0 0 0 0 0 0 0 0 0 0 0 0 0 0 0 0 0 0 0 0 0 0 0 0 0 0 0 0 0 0 0 0 0 0 0 0 0 0 0 0 0 0 0 0 0 0 0 0 
0 0 0 0 0 0 0 0 12 20 16 11 0 0 0 0 11 20 12 20 16 17 15 19 0 0 0 0 17 10 10 20 0 0 0 0 14 10 16 14 0 0 0 0 0 0 0 0 0 0 0 0 16 15 20 14 0 0 0 0 
0 0 0 0 0 0 0 0 0 0 0 0 16 11 12 15 20 14 14 19 10 14 11 12 18 10 15 13 0 0 0 0 0 0 0 0 0 0 0 0 17 11 11 17 10 14 20 14 19 10 18 18 0 0 0 0 0 0 0 0 
0 0 0 0 0 0 0 0 14 12 17 16 0 0 0 0 20 12 11 19 0 0 0 0 0 0 0 0 0 0 0 0 20 11 16 18 15 18 20 18 0 0 0 0 0 0 0 0 17 16 13 11 17 17 19 12 0 0 0 0 
0 0 0 0 0 0 0 0 0 0 0 0 0 0 0 0 0 0 0 0 0 0 0 0 0 0 0 0 0 0 0 0 0 0 0 0 0 0 0 0 0 0 0 0 0 0 0 0 0 0 0 0 0 0 0 0 17 15 10 18 
13 12 11 11 0 0 0 0 0 0 0 0 0 0 0 0 0 0 0 0 0 0 0 0 0 0 0 0 0 0 0 0 0 0 0 0 0 0 0 0 0 0 0 0 0 0 0 0 0 0 0 0 0 0 0 0 0 0 0 0 
0 0 0 0 10 18 10 19 16 13 12 19 19 14 17 10 18 11 16 10 20 19 10 15 17 17 13 11 0 0 0 0 0 0 0 0 0 0 0 0 20 17 11 11 11 16 15 14 0 0 0 0 19 14 17 14 0 0 0 0 
0 0 0 0 0 0 0 0 11 12 16 16 10 12 17 12 16 19 20 13 14 16 17 14 19 13 12 19 14 12 14 18 0 0 0 0 0 0 0 0 0 0 0 0 15 19 18 19 15 14 11 12 10 11 10 15 0 0 0 0 
0 0 0 0 0 0 0 0 0 0 0 0 10 11 16 10 18 17 10 12 0 0 0 0 0 0 0 0 0 0 0 0 0 0 0 0 0 0 0 0 0 0 0 0 0 0 0 0 0 0 0 0 0 0 0 0 0 0 0 0 
0 0 0 0 0 0 0 0 0 0 0 0 0 0 0 0 0 0 0 0 0 0 0 0 0 0 0 0 0 0 0 0 0 0 0 0 0 0 0 0 0 0 0 0 0 0 0 0 0 0 0 0 0 0 0 0 13 12 14 15 
19 13 12 11 0 0 0 0 0 0 0 0 0 0 0 0 0 0 0 0 0 0 0 0 0 0 0 0 0 0 0 0 0 0 0 0 0 0 0 0 0 0 0 0 0 0 0 0 0 0 0 0 0 0 0 0 0 0 0 0 
0 0 0 0 18 14 17 14 13 11 20 10 0 0 0 0 19 20 19 12 10 19 12 12 0 0 0 0 12 12 19 12 0 0 0 0 12 19 10 20 16 10 17 15 11 19 20 16 11 12 13 20 0 0 0 0 0 0 0 0 
0 0 0 0 0 0 0 0 14 16 15 12 0 0 0 0 0 0 0 0 13 16 17 16 10 16 17 11 0 0 0 0 0 0 0 0 17 12 20 10 0 0 0 0 0 0 0 0 0 0 0 0 0 0 0 0 0 0 0 0 
0 0 0 0 0 0 0 0 0 0 0 0 16 16 13 14 15 12 10 10 0 0 0 0 12 14 10 20 0 0 0 0 19 16 18 15 0 0 0 0 0 0 0 0 0 0 0 0 13 19 12 11 0 0 0 0 0 0 0 0 
0 0 0 0 0 0 0 0 0 0 0 0 0 0 0 0 0 0 0 0 0 0 0 0 0 0 0 0 0 0 0 0 0 0 0 0 0 0 0 0 0 0 0 0 0 0 0 0 0 0 0 0 0 0 0 0 11 18 13 11 
10 15 12 18 0 0 0 0 0 0 0 0 0 0 0 0 0 0 0 0 0 0 0 0 0 0 0 0 0 0 0 0 0 0 0 0 0 0 0 0 0 0 0 0 0 0 0 0 0 0 0 0 0 0 0 0 0 0 0 0 
0 0 0 0 0 0 0 0 0 0 0 0 0 0 0 0 0 0 0 0 0 0 0 0 18 11 13 19 19 20 15 10 0 0 0 0 0 0 0 0 13 11 18 13 0 0 0 0 17 18 16 20 0 0 0 0 0 0 0 0 
0 0 0 0 16 10 14 18 17 20 12 19 18 19 18 16 20 18 11 14 20 18 15 15 0 0 0 0 12 10 13 13 14 14 18 16 16 13 19 11 14 13 20 10 19 16 16 19 11 17 19 18 0 0 0 0 0 0 0 0 
0 0 0 0 0 0 0 0 20 19 18 19 0 0 0 0 10 20 13 20 0 0 0 0 0 0 0 0 0 0 0 0 0 0 0 0 0 0 0 0 10 18 12 18 0 0 0 0 0 0 0 0 0 0 0 0 0 0 0 0 
0 0 0 0 0 0 0 0 0 0 0 0 0 0 0 0 0 0 0 0 0 0 0 0 0 0 0 0 0 0 0 0 0 0 0 0 0 0 0 0 0 0 0 0 0 0 0 0 0 0 0 0 0 0 0 0 20 16 11 13 
15 20 15 20 0 0 0 0 0 0 0 0 0 0 0 0 0 0 0 0 0 0 0 0 0 0 0 0 0 0 0 0 0 0 0 0 0 0 0 0 0 0 0 0 0 0 0 0 0 0 0 0 0 0 0 0 0 0 0 0 
0 0 0 0 20 14 17 10 0 0 0 0 0 0 0 0 14 14 16 13 12 17 10 15 17 20 19 16 19 13 10 13 20 16 19 10 13 10 18 16 20 10 13 13 17 11 19 18 19 12 19 19 15 19 18 19 0 0 0 0 
0 0 0 0 13 15 10 13 15 17 11 14 14 19 18 10 11 17 15 15 0 0 0 0 16 19 11 14 16 14 18 16 19 20 10 20 17 20 11 12 16 11 13 17 0 0 0 0 20 12 15 18 0 0 0 0 0 0 0 0 
0 0 0 0 11 14 17 13 18 13 10 17 0 0 0 0 0 0 0 0 12 16 19 15 0 0 0 0 12 10 13 14 0 0 0 0 12 19 19 20 0 0 0 0 0 0 0 0 0 0 0 0 0 0 0 0 0 0 0 0 
0 0 0 0 0 0 0 0 0 0 0 0 0 0 0 0 0 0 0 0 0 0 0 0 0 0 0 0 0 0 0 0 0 0 0 0 0 0 0 0 0 0 0 0 0 0 0 0 0 0 0 0 0 0 0 0 12 15 14 15 
10 12 20 14 0 0 0 0 0 0 0 0 0 0 0 0 0 0 0 0 0 0 0 0 0 0 0 0 0 0 0 0 0 0 0 0 0 0 0 0 0 0 0 0 0 0 0 0 0 0 0 0 0 0 0 0 0 0 0 0 
0 0 0 0 0 0 0 0 18 12 18 18 0 0 0 0 13 20 20 19 19 13 17 13 0 0 0 0 0 0 0 0 16 17 12 19 19 18 17 19 17 15 20 10 11 12 20 12 15 16 20 13 10 18 20 16 0 0 0 0 
0 0 0 0 10 15 15 17 11 15 15 20 13 17 13 17 0 0 0 0 18 20 14 18 0 0 0 0 0 0 0 0 15 10 19 12 13 12 16 18 0 0 0 0 0 0 0 0 0 0 0 0 0 0 0 0 0 0 0 0 
0 0 0 0 16 14 17 12 0 0 0 0 12 13 11 15 13 13 18 10 0 0 0 0 0 0 0 0 0 0 0 0 0 0 0 0 19 12 12 13 0 0 0 0 0 0 0 0 0 0 0 0 12 18 20 19 0 0 0 0 
0 0 0 0 0 0 0 0 0 0 0 0 0 0 0 0 0 0 0 0 0 0 0 0 0 0 0 0 0 0 0 0 0 0 0 0 0 0 0 0 0 0 0 0 0 0 0 0 0 0 0 0 0 0 0 0 16 20 19 19 
20 12 12 13 0 0 0 0 0 0 0 0 0 0 0 0 0 0 0 0 0 0 0 0 0 0 0 0 0 0 0 0 0 0 0 0 0 0 0 0 0 0 0 0 0 0 0 0 0 0 0 0 0 0 0 0 0 0 0 0 
0 0 0 0 0 0 0 0 11 14 11 14 0 0 0 0 0 0 0 0 0 0 0 0 0 0 0 0 0 0 0 0 0 0 0 0 18 11 20 10 15 15 12 10 0 0 0 0 0 0 0 0 0 0 0 0 0 0 0 0 
0 0 0 0 0 0 0 0 0 0 0 0 0 0 0 0 0 0 0 0 0 0 0 0 0 0 0 0 16 14 16 16 0 0 0 0 20 20 15 17 0 0 0 0 0 0 0 0 0 0 0 0 14 16 17 16 0 0 0 0 
0 0 0 0 10 19 12 14 19 12 18 14 0 0 0 0 0 0 0 0 0 0 0 0 0 0 0 0 0 0 0 0 19 11 17 11 0 0 0 0 0 0 0 0 0 0 0 0 0 0 0 0 0 0 0 0 0 0 0 0 
0 0 0 0 0 0 0 0 0 0 0 0 0 0 0 0 0 0 0 0 0 0 0 0 0 0 0 0 0 0 0 0 0 0 0 0 0 0 0 0 0 0 0 0 0 0 0 0 0 0 0 0 0 0 0 0 12 16 14 16
---------------------
 
Distance between cells
Rows and Columns: correspond to cell number
0 180 495 396 83 241 165 363 496 336 126 358 74 440 495 353 474 418 348 296 
180 0 382 124 144 255 461 77 81 399 92 115 329 175 90 441 339 103 257 56 
495 382 0 51 385 465 287 237 306 497 351 145 241 444 325 348 133 372 154 166 
396 124 51 0 60 277 324 180 354 431 52 456 184 70 337 223 338 438 271 143 
83 144 385 60 0 173 451 319 103 179 382 498 114 150 467 155 321 424 239 497 
241 255 465 277 173 0 418 194 337 106 51 209 260 424 304 152 351 171 186 454 
165 461 287 324 451 418 0 104 195 297 389 268 189 90 495 319 211 485 330 243 
363 77 237 180 319 194 104 0 252 194 271 208 468 89 314 184 116 431 86 440 
496 81 306 354 103 337 195 252 0 300 131 472 54 189 143 118 399 449 406 275 
336 399 497 431 179 106 297 194 300 0 203 304 319 446 474 337 363 250 64 351 
126 92 351 52 382 51 389 271 131 203 0 415 194 174 96 468 459 283 164 304 
358 115 145 456 498 209 268 208 472 304 415 0 492 295 185 267 115 264 89 222 
74 329 241 184 114 260 189 468 54 319 194 492 0 312 364 304 434 339 228 281 
440 175 444 70 150 424 90 89 189 446 174 295 312 0 65 405 367 255 443 314 
495 90 325 337 467 304 495 314 143 474 96 185 364 65 0 210 352 417 252 455 
353 441 348 223 155 152 319 184 118 337 468 267 304 405 210 0 252 245 136 479 
474 339 133 338 321 351 211 116 399 363 459 115 434 367 352 252 0 128 208 326 
418 103 372 438 424 171 485 431 449 250 283 264 339 255 417 245 128 0 180 469 
348 257 154 271 239 186 330 86 406 64 164 89 228 443 252 136 208 180 0 318 
296 56 166 143 497 454 243 440 275 351 304 222 281 314 455 479 326 469 318 0
---------------------
 
Distribution of machines in cells   (1 -- if machine m is distributed in cell u;0 -- else) 
Rows: correspond to cell number; Columns: correspond to machine number
0 0 0 0 0 0 0 0 0 0 0 0 0 0 0 0 0 0 0 0 0 1 0 0 0 0 0 0 0 0 0 0 0 0 1 0 0 0 0 0 0 0 0 0 0 0 0 0 0 1 0 0 1 0 0 0 0 0 0 0 
0 0 0 0 0 0 0 0 0 0 0 0 0 0 0 0 1 0 0 0 0 0 0 0 1 0 0 0 0 0 0 0 0 0 0 0 0 0 0 0 0 0 0 0 0 0 0 0 0 0 0 0 0 0 0 0 1 0 0 1 
0 0 0 0 0 0 0 0 0 0 0 0 1 0 0 0 0 0 0 0 0 0 0 1 0 0 0 0 0 1 0 0 0 0 0 0 0 0 0 0 0 0 0 0 0 0 0 0 0 0 0 0 0 0 0 0 0 0 0 0 
0 0 0 0 0 0 0 0 0 0 0 0 0 0 0 0 0 0 0 0 0 0 0 0 0 0 0 0 0 0 0 0 1 0 0 0 0 0 0 0 0 0 0 0 0 0 0 0 0 0 0 0 0 0 0 0 0 1 0 0 
0 0 0 0 0 1 0 0 0 0 0 0 0 0 0 0 0 0 0 1 0 0 0 0 0 0 0 0 0 0 0 0 0 0 0 0 0 0 0 0 0 1 0 0 0 0 0 0 0 0 0 0 0 0 0 0 0 0 0 0 
0 0 0 0 0 0 1 0 0 0 0 0 0 0 0 0 0 0 0 0 0 0 0 0 0 0 0 0 0 0 0 0 0 0 0 0 0 0 0 0 0 0 0 0 1 0 0 0 0 0 0 0 0 0 0 1 0 0 0 0 
0 0 0 0 1 0 0 0 0 0 0 0 0 0 0 0 0 0 0 0 1 0 0 0 0 1 0 0 0 0 0 0 0 0 0 0 0 0 0 0 0 0 0 0 0 0 0 0 0 0 0 0 0 0 0 0 0 0 0 0 
0 0 1 1 0 0 0 1 0 0 0 0 0 0 0 0 0 0 0 0 0 0 0 0 0 0 0 0 0 0 0 0 0 0 0 0 0 0 0 0 0 0 0 0 0 0 0 0 0 0 0 0 0 0 0 0 0 0 0 0 
0 0 0 0 0 0 0 0 0 0 0 0 0 0 0 0 0 0 0 0 0 0 0 0 0 0 0 0 0 0 0 0 0 0 0 0 0 0 0 0 0 0 0 0 0 0 0 1 0 0 1 0 0 0 0 0 0 0 0 0 
0 0 0 0 0 0 0 0 0 0 1 0 0 0 0 0 0 0 1 0 0 0 0 0 0 0 0 0 0 0 0 0 0 0 0 0 0 0 0 0 0 0 0 0 0 0 0 0 1 0 0 0 0 0 0 0 0 0 0 0 
0 0 0 0 0 0 0 0 0 0 0 0 0 0 1 1 0 1 0 0 0 0 0 0 0 0 0 0 0 0 0 0 0 0 0 0 0 0 0 0 0 0 0 0 0 0 0 0 0 0 0 0 0 0 0 0 0 0 0 0 
0 0 0 0 0 0 0 0 0 0 0 0 0 1 0 0 0 0 0 0 0 0 0 0 0 0 0 0 0 0 0 0 0 0 0 0 0 0 0 1 0 0 0 1 0 0 0 0 0 0 0 0 0 0 0 0 0 0 0 0 
0 0 0 0 0 0 0 0 0 0 0 0 0 0 0 0 0 0 0 0 0 0 0 0 0 0 1 0 0 0 0 1 0 0 0 0 1 0 0 0 0 0 0 0 0 0 0 0 0 0 0 0 0 0 1 0 0 0 0 0 
0 0 0 0 0 0 0 0 0 1 0 0 0 0 0 0 0 0 0 0 0 0 0 0 0 0 0 0 0 0 1 0 0 0 0 0 0 0 0 0 0 0 0 0 0 0 0 0 0 0 0 0 0 1 0 0 0 0 0 0 
0 0 0 0 0 0 0 0 0 0 0 0 0 0 0 0 0 0 0 0 0 0 0 0 0 0 0 0 0 0 0 0 0 0 0 0 0 1 0 0 0 0 0 0 0 1 0 0 0 0 0 0 0 0 0 0 0 0 0 0 
0 0 0 0 0 0 0 0 1 0 0 1 0 0 0 0 0 0 0 0 0 0 0 0 0 0 0 0 0 0 0 0 0 0 0 0 0 0 0 0 0 0 0 0 0 0 0 0 0 0 0 0 0 0 0 0 0 0 0 0 
0 0 0 0 0 0 0 0 0 0 0 0 0 0 0 0 0 0 0 0 0 0 0 0 0 0 0 0 0 0 0 0 0 0 0 1 0 0 1 0 1 0 0 0 0 0 0 0 0 0 0 0 0 0 0 0 0 0 0 0 
1 0 0 0 0 0 0 0 0 0 0 0 0 0 0 0 0 0 0 0 0 0 0 0 0 0 0 0 0 0 0 0 0 1 0 0 0 0 0 0 0 0 0 0 0 0 0 0 0 0 0 0 0 0 0 0 0 0 0 0 
0 1 0 0 0 0 0 0 0 0 0 0 0 0 0 0 0 0 0 0 0 0 0 0 0 0 0 1 0 0 0 0 0 0 0 0 0 0 0 0 0 0 0 0 0 0 1 0 0 0 0 1 0 0 0 0 0 0 1 0 
0 0 0 0 0 0 0 0 0 0 0 0 0 0 0 0 0 0 0 0 0 0 1 0 0 0 0 0 1 0 0 0 0 0 0 0 0 0 0 0 0 0 1 0 0 0 0 0 0 0 0 0 0 0 0 0 0 0 0 0
---------------------
 
