Adaption from Behnke55

Number of operations for each part
5 5 5 5 5 5 5 5 5 5 5 5 5 5 5 5 5 5 5 5 5 5 5 5 5 5 5 5 5 5 5 5 5 5 5 5 5 5 5 5 5 5 5 5 5 5 5 5 5 5
---------------------
 
Processing time   (0 -- non-optional machine)
Rows: sequential for each operation of each part; Columns: correspond to machine number
30 23 16 17 0 0 0 0 0 0 0 0 0 0 0 0 0 0 0 0 0 0 0 0 0 0 0 0 0 0 0 0 0 0 0 0 0 0 0 0 0 0 0 0 0 0 0 0 0 0 0 0 0 0 0 0 0 0 0 0 
0 0 0 0 17 11 10 18 19 19 16 30 14 30 10 15 0 0 0 0 0 0 0 0 17 19 27 24 10 30 17 16 15 29 30 12 25 10 17 22 0 0 0 0 10 16 27 12 11 12 15 19 14 17 13 23 0 0 0 0 
0 0 0 0 21 14 24 11 20 22 19 24 0 0 0 0 30 22 22 10 28 21 15 29 13 29 17 30 25 22 27 11 25 20 19 10 13 18 30 20 0 0 0 0 23 14 18 11 0 0 0 0 12 10 21 19 0 0 0 0 
0 0 0 0 16 15 18 23 20 24 30 14 19 18 22 12 12 17 10 16 28 12 11 19 14 26 27 27 27 29 25 19 14 19 11 22 30 13 19 21 15 11 13 19 25 19 20 15 11 20 28 19 26 17 29 26 0 0 0 0 
0 0 0 0 0 0 0 0 0 0 0 0 0 0 0 0 0 0 0 0 0 0 0 0 0 0 0 0 0 0 0 0 0 0 0 0 0 0 0 0 0 0 0 0 0 0 0 0 0 0 0 0 0 0 0 0 14 11 30 29 
27 17 18 16 0 0 0 0 0 0 0 0 0 0 0 0 0 0 0 0 0 0 0 0 0 0 0 0 0 0 0 0 0 0 0 0 0 0 0 0 0 0 0 0 0 0 0 0 0 0 0 0 0 0 0 0 0 0 0 0 
0 0 0 0 18 20 20 18 0 0 0 0 0 0 0 0 23 20 11 26 0 0 0 0 0 0 0 0 21 10 26 20 0 0 0 0 21 27 13 12 18 10 26 19 0 0 0 0 29 28 12 27 21 20 13 20 0 0 0 0 
0 0 0 0 18 28 17 13 0 0 0 0 0 0 0 0 0 0 0 0 0 0 0 0 0 0 0 0 25 10 14 11 0 0 0 0 10 26 25 23 0 0 0 0 0 0 0 0 0 0 0 0 0 0 0 0 0 0 0 0 
0 0 0 0 0 0 0 0 27 20 28 27 14 22 16 26 24 22 26 30 0 0 0 0 26 10 15 24 13 24 21 23 13 12 13 21 21 15 28 10 20 16 24 14 0 0 0 0 14 13 15 16 20 10 10 20 0 0 0 0 
0 0 0 0 0 0 0 0 0 0 0 0 0 0 0 0 0 0 0 0 0 0 0 0 0 0 0 0 0 0 0 0 0 0 0 0 0 0 0 0 0 0 0 0 0 0 0 0 0 0 0 0 0 0 0 0 27 13 13 20 
13 20 10 20 0 0 0 0 0 0 0 0 0 0 0 0 0 0 0 0 0 0 0 0 0 0 0 0 0 0 0 0 0 0 0 0 0 0 0 0 0 0 0 0 0 0 0 0 0 0 0 0 0 0 0 0 0 0 0 0 
0 0 0 0 0 0 0 0 0 0 0 0 0 0 0 0 0 0 0 0 0 0 0 0 13 20 12 21 17 10 29 25 0 0 0 0 0 0 0 0 0 0 0 0 0 0 0 0 0 0 0 0 0 0 0 0 0 0 0 0 
0 0 0 0 20 21 10 12 16 11 27 10 0 0 0 0 0 0 0 0 11 12 30 15 0 0 0 0 0 0 0 0 0 0 0 0 16 30 13 18 0 0 0 0 0 0 0 0 21 17 21 30 17 16 24 23 0 0 0 0 
0 0 0 0 0 0 0 0 23 17 26 12 28 21 24 27 0 0 0 0 30 20 12 24 0 0 0 0 20 25 22 18 26 22 26 18 16 18 22 26 21 10 12 18 16 15 28 24 18 21 23 28 0 0 0 0 0 0 0 0 
0 0 0 0 0 0 0 0 0 0 0 0 0 0 0 0 0 0 0 0 0 0 0 0 0 0 0 0 0 0 0 0 0 0 0 0 0 0 0 0 0 0 0 0 0 0 0 0 0 0 0 0 0 0 0 0 12 15 30 28 
11 13 13 11 0 0 0 0 0 0 0 0 0 0 0 0 0 0 0 0 0 0 0 0 0 0 0 0 0 0 0 0 0 0 0 0 0 0 0 0 0 0 0 0 0 0 0 0 0 0 0 0 0 0 0 0 0 0 0 0 
0 0 0 0 12 22 15 23 27 16 28 26 30 10 10 15 28 11 27 16 0 0 0 0 27 11 27 22 0 0 0 0 13 29 17 19 12 30 12 15 26 22 15 25 16 28 29 12 17 17 18 26 25 30 10 16 0 0 0 0 
0 0 0 0 0 0 0 0 0 0 0 0 23 11 15 27 27 15 10 15 0 0 0 0 0 0 0 0 0 0 0 0 0 0 0 0 0 0 0 0 0 0 0 0 0 0 0 0 0 0 0 0 0 0 0 0 0 0 0 0 
0 0 0 0 0 0 0 0 0 0 0 0 0 0 0 0 14 13 18 11 0 0 0 0 0 0 0 0 0 0 0 0 0 0 0 0 0 0 0 0 0 0 0 0 12 24 12 27 28 22 15 18 0 0 0 0 0 0 0 0 
0 0 0 0 0 0 0 0 0 0 0 0 0 0 0 0 0 0 0 0 0 0 0 0 0 0 0 0 0 0 0 0 0 0 0 0 0 0 0 0 0 0 0 0 0 0 0 0 0 0 0 0 0 0 0 0 22 13 29 25 
19 20 20 18 0 0 0 0 0 0 0 0 0 0 0 0 0 0 0 0 0 0 0 0 0 0 0 0 0 0 0 0 0 0 0 0 0 0 0 0 0 0 0 0 0 0 0 0 0 0 0 0 0 0 0 0 0 0 0 0 
0 0 0 0 18 22 15 25 21 22 18 18 29 13 16 16 27 10 23 13 0 0 0 0 28 20 18 23 0 0 0 0 19 24 29 17 0 0 0 0 0 0 0 0 19 25 18 11 0 0 0 0 18 16 27 26 0 0 0 0 
0 0 0 0 0 0 0 0 0 0 0 0 15 28 14 22 0 0 0 0 0 0 0 0 0 0 0 0 21 29 12 18 0 0 0 0 0 0 0 0 0 0 0 0 0 0 0 0 0 0 0 0 0 0 0 0 0 0 0 0 
0 0 0 0 13 24 21 24 10 12 10 19 0 0 0 0 23 29 10 28 0 0 0 0 14 17 24 19 25 16 13 26 23 19 16 11 19 20 17 24 29 12 10 30 0 0 0 0 0 0 0 0 0 0 0 0 0 0 0 0 
0 0 0 0 0 0 0 0 0 0 0 0 0 0 0 0 0 0 0 0 0 0 0 0 0 0 0 0 0 0 0 0 0 0 0 0 0 0 0 0 0 0 0 0 0 0 0 0 0 0 0 0 0 0 0 0 13 14 25 19 
30 17 20 14 0 0 0 0 0 0 0 0 0 0 0 0 0 0 0 0 0 0 0 0 0 0 0 0 0 0 0 0 0 0 0 0 0 0 0 0 0 0 0 0 0 0 0 0 0 0 0 0 0 0 0 0 0 0 0 0 
0 0 0 0 12 13 23 11 0 0 0 0 0 0 0 0 22 21 20 18 0 0 0 0 0 0 0 0 19 14 12 30 14 30 29 15 0 0 0 0 0 0 0 0 27 27 21 15 10 29 19 14 0 0 0 0 0 0 0 0 
0 0 0 0 10 29 12 11 21 14 14 12 25 16 28 15 14 26 11 13 22 24 23 10 16 20 16 19 12 24 23 24 29 20 25 14 29 27 17 28 0 0 0 0 23 27 25 23 16 10 23 18 29 10 18 15 0 0 0 0 
0 0 0 0 0 0 0 0 24 13 28 11 26 12 12 27 23 25 19 12 18 16 15 11 21 23 17 28 30 23 25 25 21 29 12 16 12 15 22 12 0 0 0 0 10 12 30 22 21 12 26 19 16 18 21 17 0 0 0 0 
0 0 0 0 0 0 0 0 0 0 0 0 0 0 0 0 0 0 0 0 0 0 0 0 0 0 0 0 0 0 0 0 0 0 0 0 0 0 0 0 0 0 0 0 0 0 0 0 0 0 0 0 0 0 0 0 25 23 20 16 
27 11 29 12 0 0 0 0 0 0 0 0 0 0 0 0 0 0 0 0 0 0 0 0 0 0 0 0 0 0 0 0 0 0 0 0 0 0 0 0 0 0 0 0 0 0 0 0 0 0 0 0 0 0 0 0 0 0 0 0 
0 0 0 0 15 19 23 25 0 0 0 0 0 0 0 0 23 29 22 10 0 0 0 0 22 28 27 15 26 13 11 10 10 12 19 23 21 28 15 29 12 24 10 26 16 28 27 29 0 0 0 0 23 30 27 24 0 0 0 0 
0 0 0 0 0 0 0 0 0 0 0 0 18 12 22 19 0 0 0 0 15 15 11 19 0 0 0 0 0 0 0 0 30 10 30 13 0 0 0 0 0 0 0 0 0 0 0 0 0 0 0 0 17 10 29 24 0 0 0 0 
0 0 0 0 0 0 0 0 0 0 0 0 0 0 0 0 0 0 0 0 0 0 0 0 0 0 0 0 0 0 0 0 18 12 21 15 0 0 0 0 0 0 0 0 0 0 0 0 0 0 0 0 0 0 0 0 0 0 0 0 
0 0 0 0 0 0 0 0 0 0 0 0 0 0 0 0 0 0 0 0 0 0 0 0 0 0 0 0 0 0 0 0 0 0 0 0 0 0 0 0 0 0 0 0 0 0 0 0 0 0 0 0 0 0 0 0 26 17 29 21 
26 19 25 18 0 0 0 0 0 0 0 0 0 0 0 0 0 0 0 0 0 0 0 0 0 0 0 0 0 0 0 0 0 0 0 0 0 0 0 0 0 0 0 0 0 0 0 0 0 0 0 0 0 0 0 0 0 0 0 0 
0 0 0 0 0 0 0 0 0 0 0 0 13 22 14 12 0 0 0 0 0 0 0 0 0 0 0 0 0 0 0 0 23 12 13 18 0 0 0 0 20 29 26 17 10 27 13 19 0 0 0 0 0 0 0 0 0 0 0 0 
0 0 0 0 0 0 0 0 0 0 0 0 0 0 0 0 16 22 23 27 19 21 12 21 0 0 0 0 22 30 22 15 29 13 24 20 0 0 0 0 0 0 0 0 0 0 0 0 12 17 27 29 27 26 13 11 0 0 0 0 
0 0 0 0 19 29 29 20 13 10 29 25 14 24 14 25 0 0 0 0 0 0 0 0 0 0 0 0 26 29 24 26 0 0 0 0 0 0 0 0 17 24 19 24 29 26 15 18 10 30 16 26 0 0 0 0 0 0 0 0 
0 0 0 0 0 0 0 0 0 0 0 0 0 0 0 0 0 0 0 0 0 0 0 0 0 0 0 0 0 0 0 0 0 0 0 0 0 0 0 0 0 0 0 0 0 0 0 0 0 0 0 0 0 0 0 0 14 19 17 24 
18 12 28 10 0 0 0 0 0 0 0 0 0 0 0 0 0 0 0 0 0 0 0 0 0 0 0 0 0 0 0 0 0 0 0 0 0 0 0 0 0 0 0 0 0 0 0 0 0 0 0 0 0 0 0 0 0 0 0 0 
0 0 0 0 0 0 0 0 0 0 0 0 0 0 0 0 0 0 0 0 0 0 0 0 29 17 20 18 0 0 0 0 0 0 0 0 0 0 0 0 0 0 0 0 0 0 0 0 0 0 0 0 0 0 0 0 0 0 0 0 
0 0 0 0 0 0 0 0 0 0 0 0 0 0 0 0 0 0 0 0 0 0 0 0 0 0 0 0 10 13 20 18 0 0 0 0 24 13 10 12 0 0 0 0 0 0 0 0 0 0 0 0 21 20 29 20 0 0 0 0 
0 0 0 0 19 29 19 23 23 16 15 10 0 0 0 0 0 0 0 0 0 0 0 0 27 29 26 13 28 30 12 30 21 19 22 14 0 0 0 0 0 0 0 0 16 21 13 24 0 0 0 0 26 25 17 20 0 0 0 0 
0 0 0 0 0 0 0 0 0 0 0 0 0 0 0 0 0 0 0 0 0 0 0 0 0 0 0 0 0 0 0 0 0 0 0 0 0 0 0 0 0 0 0 0 0 0 0 0 0 0 0 0 0 0 0 0 30 10 28 11 
16 14 30 19 0 0 0 0 0 0 0 0 0 0 0 0 0 0 0 0 0 0 0 0 0 0 0 0 0 0 0 0 0 0 0 0 0 0 0 0 0 0 0 0 0 0 0 0 0 0 0 0 0 0 0 0 0 0 0 0 
0 0 0 0 0 0 0 0 27 14 14 13 0 0 0 0 29 16 18 23 0 0 0 0 28 14 22 21 11 14 21 18 0 0 0 0 0 0 0 0 19 17 29 29 15 25 20 25 10 27 13 19 22 21 17 17 0 0 0 0 
0 0 0 0 0 0 0 0 0 0 0 0 0 0 0 0 12 27 24 12 0 0 0 0 0 0 0 0 0 0 0 0 0 0 0 0 0 0 0 0 24 30 26 16 0 0 0 0 0 0 0 0 0 0 0 0 0 0 0 0 
0 0 0 0 0 0 0 0 0 0 0 0 0 0 0 0 0 0 0 0 0 0 0 0 0 0 0 0 14 17 22 22 0 0 0 0 0 0 0 0 26 15 17 15 12 17 28 20 0 0 0 0 0 0 0 0 0 0 0 0 
0 0 0 0 0 0 0 0 0 0 0 0 0 0 0 0 0 0 0 0 0 0 0 0 0 0 0 0 0 0 0 0 0 0 0 0 0 0 0 0 0 0 0 0 0 0 0 0 0 0 0 0 0 0 0 0 22 16 10 13 
21 19 23 13 0 0 0 0 0 0 0 0 0 0 0 0 0 0 0 0 0 0 0 0 0 0 0 0 0 0 0 0 0 0 0 0 0 0 0 0 0 0 0 0 0 0 0 0 0 0 0 0 0 0 0 0 0 0 0 0 
0 0 0 0 0 0 0 0 24 16 21 26 0 0 0 0 0 0 0 0 0 0 0 0 0 0 0 0 10 17 18 23 19 15 18 24 22 19 20 24 0 0 0 0 21 27 30 11 0 0 0 0 0 0 0 0 0 0 0 0 
0 0 0 0 20 11 10 23 16 13 27 20 20 10 10 23 0 0 0 0 11 26 21 14 23 29 26 23 15 18 18 20 10 28 13 14 24 15 18 10 21 19 17 12 20 26 22 24 10 21 18 29 25 18 23 25 0 0 0 0 
0 0 0 0 10 18 27 20 0 0 0 0 0 0 0 0 28 18 27 29 14 19 27 23 0 0 0 0 21 20 30 29 20 14 29 24 0 0 0 0 0 0 0 0 0 0 0 0 0 0 0 0 0 0 0 0 0 0 0 0 
0 0 0 0 0 0 0 0 0 0 0 0 0 0 0 0 0 0 0 0 0 0 0 0 0 0 0 0 0 0 0 0 0 0 0 0 0 0 0 0 0 0 0 0 0 0 0 0 0 0 0 0 0 0 0 0 20 11 28 30 
27 20 18 17 0 0 0 0 0 0 0 0 0 0 0 0 0 0 0 0 0 0 0 0 0 0 0 0 0 0 0 0 0 0 0 0 0 0 0 0 0 0 0 0 0 0 0 0 0 0 0 0 0 0 0 0 0 0 0 0 
0 0 0 0 17 15 24 18 0 0 0 0 0 0 0 0 30 13 11 16 0 0 0 0 15 21 13 21 0 0 0 0 0 0 0 0 28 29 28 15 18 20 26 27 0 0 0 0 25 16 20 30 30 16 24 16 0 0 0 0 
0 0 0 0 0 0 0 0 0 0 0 0 25 30 20 30 0 0 0 0 0 0 0 0 23 14 13 13 0 0 0 0 13 13 11 19 0 0 0 0 26 18 22 26 0 0 0 0 0 0 0 0 13 26 27 25 0 0 0 0 
0 0 0 0 13 27 11 22 0 0 0 0 22 19 28 20 26 15 12 22 0 0 0 0 0 0 0 0 0 0 0 0 0 0 0 0 0 0 0 0 0 0 0 0 0 0 0 0 0 0 0 0 0 0 0 0 0 0 0 0 
0 0 0 0 0 0 0 0 0 0 0 0 0 0 0 0 0 0 0 0 0 0 0 0 0 0 0 0 0 0 0 0 0 0 0 0 0 0 0 0 0 0 0 0 0 0 0 0 0 0 0 0 0 0 0 0 12 14 16 14 
10 21 25 14 0 0 0 0 0 0 0 0 0 0 0 0 0 0 0 0 0 0 0 0 0 0 0 0 0 0 0 0 0 0 0 0 0 0 0 0 0 0 0 0 0 0 0 0 0 0 0 0 0 0 0 0 0 0 0 0 
0 0 0 0 27 14 28 11 0 0 0 0 0 0 0 0 0 0 0 0 26 30 24 20 14 27 29 19 0 0 0 0 0 0 0 0 0 0 0 0 0 0 0 0 19 28 20 26 0 0 0 0 20 28 23 14 0 0 0 0 
0 0 0 0 20 19 15 29 16 20 30 11 21 11 17 29 23 28 19 28 0 0 0 0 0 0 0 0 0 0 0 0 18 15 11 18 0 0 0 0 0 0 0 0 0 0 0 0 24 14 23 17 19 23 29 24 0 0 0 0 
0 0 0 0 0 0 0 0 0 0 0 0 0 0 0 0 0 0 0 0 29 15 25 12 11 28 13 21 24 24 21 18 0 0 0 0 0 0 0 0 25 17 26 23 0 0 0 0 0 0 0 0 0 0 0 0 0 0 0 0 
0 0 0 0 0 0 0 0 0 0 0 0 0 0 0 0 0 0 0 0 0 0 0 0 0 0 0 0 0 0 0 0 0 0 0 0 0 0 0 0 0 0 0 0 0 0 0 0 0 0 0 0 0 0 0 0 18 12 24 30 
15 18 16 26 0 0 0 0 0 0 0 0 0 0 0 0 0 0 0 0 0 0 0 0 0 0 0 0 0 0 0 0 0 0 0 0 0 0 0 0 0 0 0 0 0 0 0 0 0 0 0 0 0 0 0 0 0 0 0 0 
0 0 0 0 18 13 15 10 19 23 30 23 30 11 24 20 18 16 30 27 28 19 29 11 28 13 21 25 16 25 28 18 23 12 11 17 24 27 17 30 21 29 25 22 11 22 18 15 30 10 28 19 11 13 18 14 0 0 0 0 
0 0 0 0 18 11 24 12 0 0 0 0 0 0 0 0 0 0 0 0 0 0 0 0 0 0 0 0 0 0 0 0 27 21 25 14 0 0 0 0 0 0 0 0 0 0 0 0 0 0 0 0 14 23 12 20 0 0 0 0 
0 0 0 0 0 0 0 0 0 0 0 0 20 25 29 13 15 26 25 26 0 0 0 0 27 23 28 19 0 0 0 0 21 23 20 29 19 17 20 10 10 23 21 10 0 0 0 0 0 0 0 0 0 0 0 0 0 0 0 0 
0 0 0 0 0 0 0 0 0 0 0 0 0 0 0 0 0 0 0 0 0 0 0 0 0 0 0 0 0 0 0 0 0 0 0 0 0 0 0 0 0 0 0 0 0 0 0 0 0 0 0 0 0 0 0 0 14 10 27 10 
27 24 20 21 0 0 0 0 0 0 0 0 0 0 0 0 0 0 0 0 0 0 0 0 0 0 0 0 0 0 0 0 0 0 0 0 0 0 0 0 0 0 0 0 0 0 0 0 0 0 0 0 0 0 0 0 0 0 0 0 
0 0 0 0 21 20 28 26 27 29 22 25 14 28 29 21 14 20 15 10 18 12 13 21 15 20 13 24 23 19 24 30 22 22 14 18 12 24 18 29 0 0 0 0 26 29 29 21 22 13 29 15 29 23 26 22 0 0 0 0 
0 0 0 0 0 0 0 0 0 0 0 0 26 10 13 20 25 30 24 23 11 11 22 24 18 19 29 24 0 0 0 0 14 26 25 15 26 17 25 23 26 25 16 24 22 14 25 13 28 17 27 11 16 17 11 20 0 0 0 0 
0 0 0 0 0 0 0 0 0 0 0 0 0 0 0 0 27 17 21 30 20 13 24 26 0 0 0 0 24 29 29 26 11 30 22 30 0 0 0 0 15 21 17 12 0 0 0 0 0 0 0 0 0 0 0 0 0 0 0 0 
0 0 0 0 0 0 0 0 0 0 0 0 0 0 0 0 0 0 0 0 0 0 0 0 0 0 0 0 0 0 0 0 0 0 0 0 0 0 0 0 0 0 0 0 0 0 0 0 0 0 0 0 0 0 0 0 11 14 12 30 
11 16 26 13 0 0 0 0 0 0 0 0 0 0 0 0 0 0 0 0 0 0 0 0 0 0 0 0 0 0 0 0 0 0 0 0 0 0 0 0 0 0 0 0 0 0 0 0 0 0 0 0 0 0 0 0 0 0 0 0 
0 0 0 0 19 11 22 27 0 0 0 0 0 0 0 0 0 0 0 0 0 0 0 0 0 0 0 0 0 0 0 0 0 0 0 0 27 15 18 10 0 0 0 0 11 13 22 17 0 0 0 0 0 0 0 0 0 0 0 0 
0 0 0 0 0 0 0 0 0 0 0 0 0 0 0 0 20 14 16 24 0 0 0 0 0 0 0 0 0 0 0 0 0 0 0 0 24 24 24 11 0 0 0 0 23 25 16 21 0 0 0 0 11 18 17 11 0 0 0 0 
0 0 0 0 28 26 13 24 0 0 0 0 14 20 14 14 0 0 0 0 14 22 21 21 29 18 29 14 22 15 22 20 10 14 12 29 12 27 11 16 27 12 16 19 30 30 19 20 12 11 27 25 25 21 26 16 0 0 0 0 
0 0 0 0 0 0 0 0 0 0 0 0 0 0 0 0 0 0 0 0 0 0 0 0 0 0 0 0 0 0 0 0 0 0 0 0 0 0 0 0 0 0 0 0 0 0 0 0 0 0 0 0 0 0 0 0 20 15 24 15 
18 24 16 14 0 0 0 0 0 0 0 0 0 0 0 0 0 0 0 0 0 0 0 0 0 0 0 0 0 0 0 0 0 0 0 0 0 0 0 0 0 0 0 0 0 0 0 0 0 0 0 0 0 0 0 0 0 0 0 0 
0 0 0 0 14 30 13 21 0 0 0 0 24 23 14 17 11 12 11 11 0 0 0 0 28 30 11 24 17 29 28 14 0 0 0 0 17 27 20 18 28 10 21 16 0 0 0 0 0 0 0 0 0 0 0 0 0 0 0 0 
0 0 0 0 0 0 0 0 29 18 11 16 19 29 27 20 25 15 30 15 14 24 19 30 27 12 10 18 24 12 20 26 15 22 19 12 0 0 0 0 11 14 25 22 0 0 0 0 25 29 30 18 0 0 0 0 0 0 0 0 
0 0 0 0 0 0 0 0 25 17 29 27 0 0 0 0 16 30 20 10 13 10 15 25 23 24 10 12 26 23 19 23 15 16 17 18 0 0 0 0 0 0 0 0 0 0 0 0 15 15 30 19 12 22 26 28 0 0 0 0 
0 0 0 0 0 0 0 0 0 0 0 0 0 0 0 0 0 0 0 0 0 0 0 0 0 0 0 0 0 0 0 0 0 0 0 0 0 0 0 0 0 0 0 0 0 0 0 0 0 0 0 0 0 0 0 0 10 30 27 15 
18 25 19 14 0 0 0 0 0 0 0 0 0 0 0 0 0 0 0 0 0 0 0 0 0 0 0 0 0 0 0 0 0 0 0 0 0 0 0 0 0 0 0 0 0 0 0 0 0 0 0 0 0 0 0 0 0 0 0 0 
0 0 0 0 12 19 18 20 0 0 0 0 21 30 21 30 0 0 0 0 29 26 26 29 15 19 23 26 0 0 0 0 0 0 0 0 23 12 24 11 14 24 12 14 23 13 26 16 18 22 17 14 0 0 0 0 0 0 0 0 
0 0 0 0 21 21 12 25 26 21 26 23 15 29 18 19 0 0 0 0 0 0 0 0 13 14 29 19 19 30 25 17 10 13 21 29 10 23 18 14 11 20 18 10 15 21 15 13 21 11 30 24 26 25 23 22 0 0 0 0 
0 0 0 0 0 0 0 0 16 18 15 23 25 30 21 25 0 0 0 0 0 0 0 0 11 22 27 29 0 0 0 0 27 20 24 26 14 18 13 20 0 0 0 0 12 28 12 16 22 11 24 12 13 12 23 18 0 0 0 0 
0 0 0 0 0 0 0 0 0 0 0 0 0 0 0 0 0 0 0 0 0 0 0 0 0 0 0 0 0 0 0 0 0 0 0 0 0 0 0 0 0 0 0 0 0 0 0 0 0 0 0 0 0 0 0 0 12 28 28 14 
21 28 16 26 0 0 0 0 0 0 0 0 0 0 0 0 0 0 0 0 0 0 0 0 0 0 0 0 0 0 0 0 0 0 0 0 0 0 0 0 0 0 0 0 0 0 0 0 0 0 0 0 0 0 0 0 0 0 0 0 
0 0 0 0 21 22 12 15 12 30 26 28 10 27 29 24 17 25 27 26 16 15 11 12 17 19 29 28 30 21 10 29 30 19 14 29 20 14 13 26 0 0 0 0 0 0 0 0 0 0 0 0 29 28 24 29 0 0 0 0 
0 0 0 0 24 29 14 25 20 30 12 15 10 10 13 17 29 12 10 15 26 22 18 17 21 12 13 27 11 27 12 23 29 16 28 20 17 11 13 16 19 29 12 24 0 0 0 0 12 11 24 18 28 19 15 17 0 0 0 0 
0 0 0 0 0 0 0 0 0 0 0 0 0 0 0 0 0 0 0 0 0 0 0 0 0 0 0 0 0 0 0 0 0 0 0 0 0 0 0 0 0 0 0 0 0 0 0 0 0 0 0 0 22 27 30 25 0 0 0 0 
0 0 0 0 0 0 0 0 0 0 0 0 0 0 0 0 0 0 0 0 0 0 0 0 0 0 0 0 0 0 0 0 0 0 0 0 0 0 0 0 0 0 0 0 0 0 0 0 0 0 0 0 0 0 0 0 19 26 29 19 
20 26 26 19 0 0 0 0 0 0 0 0 0 0 0 0 0 0 0 0 0 0 0 0 0 0 0 0 0 0 0 0 0 0 0 0 0 0 0 0 0 0 0 0 0 0 0 0 0 0 0 0 0 0 0 0 0 0 0 0 
0 0 0 0 0 0 0 0 0 0 0 0 0 0 0 0 0 0 0 0 0 0 0 0 0 0 0 0 13 23 10 26 0 0 0 0 0 0 0 0 0 0 0 0 0 0 0 0 0 0 0 0 0 0 0 0 0 0 0 0 
0 0 0 0 0 0 0 0 24 21 28 11 0 0 0 0 0 0 0 0 0 0 0 0 0 0 0 0 0 0 0 0 0 0 0 0 0 0 0 0 0 0 0 0 0 0 0 0 28 27 30 19 0 0 0 0 0 0 0 0 
0 0 0 0 18 28 10 19 16 20 13 11 26 29 15 27 26 17 14 21 11 17 14 18 0 0 0 0 17 15 20 22 0 0 0 0 27 17 12 18 20 22 25 30 24 30 20 23 13 26 21 10 21 10 19 14 0 0 0 0 
0 0 0 0 0 0 0 0 0 0 0 0 0 0 0 0 0 0 0 0 0 0 0 0 0 0 0 0 0 0 0 0 0 0 0 0 0 0 0 0 0 0 0 0 0 0 0 0 0 0 0 0 0 0 0 0 11 20 30 28 
21 18 18 23 0 0 0 0 0 0 0 0 0 0 0 0 0 0 0 0 0 0 0 0 0 0 0 0 0 0 0 0 0 0 0 0 0 0 0 0 0 0 0 0 0 0 0 0 0 0 0 0 0 0 0 0 0 0 0 0 
0 0 0 0 0 0 0 0 27 22 11 12 10 13 23 14 22 30 11 11 26 15 20 23 25 25 24 13 0 0 0 0 20 27 30 16 11 23 12 30 27 21 14 19 24 13 20 28 24 16 16 20 17 11 27 20 0 0 0 0 
0 0 0 0 23 28 13 28 0 0 0 0 0 0 0 0 0 0 0 0 0 0 0 0 0 0 0 0 0 0 0 0 0 0 0 0 0 0 0 0 0 0 0 0 0 0 0 0 0 0 0 0 0 0 0 0 0 0 0 0 
0 0 0 0 19 29 26 28 22 29 11 28 0 0 0 0 19 26 10 18 0 0 0 0 0 0 0 0 0 0 0 0 27 13 25 29 30 12 20 21 16 27 23 30 21 13 16 20 25 28 25 29 17 17 21 10 0 0 0 0 
0 0 0 0 0 0 0 0 0 0 0 0 0 0 0 0 0 0 0 0 0 0 0 0 0 0 0 0 0 0 0 0 0 0 0 0 0 0 0 0 0 0 0 0 0 0 0 0 0 0 0 0 0 0 0 0 16 20 14 21 
11 13 19 30 0 0 0 0 0 0 0 0 0 0 0 0 0 0 0 0 0 0 0 0 0 0 0 0 0 0 0 0 0 0 0 0 0 0 0 0 0 0 0 0 0 0 0 0 0 0 0 0 0 0 0 0 0 0 0 0 
0 0 0 0 0 0 0 0 0 0 0 0 0 0 0 0 0 0 0 0 25 18 12 21 28 20 11 24 12 25 13 28 0 0 0 0 20 21 29 27 19 12 17 25 20 17 16 19 13 28 21 27 10 22 25 21 0 0 0 0 
0 0 0 0 29 19 24 15 0 0 0 0 24 28 22 20 0 0 0 0 0 0 0 0 0 0 0 0 0 0 0 0 19 23 15 26 0 0 0 0 0 0 0 0 0 0 0 0 0 0 0 0 0 0 0 0 0 0 0 0 
0 0 0 0 22 12 27 30 0 0 0 0 0 0 0 0 13 22 12 19 0 0 0 0 29 28 11 18 0 0 0 0 10 25 25 22 0 0 0 0 10 13 10 10 10 19 26 14 0 0 0 0 0 0 0 0 0 0 0 0 
0 0 0 0 0 0 0 0 0 0 0 0 0 0 0 0 0 0 0 0 0 0 0 0 0 0 0 0 0 0 0 0 0 0 0 0 0 0 0 0 0 0 0 0 0 0 0 0 0 0 0 0 0 0 0 0 24 23 21 19 
25 11 27 13 0 0 0 0 0 0 0 0 0 0 0 0 0 0 0 0 0 0 0 0 0 0 0 0 0 0 0 0 0 0 0 0 0 0 0 0 0 0 0 0 0 0 0 0 0 0 0 0 0 0 0 0 0 0 0 0 
0 0 0 0 19 16 14 21 0 0 0 0 22 25 20 15 26 21 22 16 0 0 0 0 29 20 10 17 0 0 0 0 20 12 13 10 12 24 23 24 22 13 15 12 0 0 0 0 0 0 0 0 16 30 29 24 0 0 0 0 
0 0 0 0 26 21 11 14 0 0 0 0 17 22 21 21 24 26 11 24 0 0 0 0 15 14 13 10 18 12 15 13 0 0 0 0 0 0 0 0 0 0 0 0 0 0 0 0 25 19 20 30 18 13 11 10 0 0 0 0 
0 0 0 0 21 21 21 19 12 11 24 13 21 15 13 10 0 0 0 0 30 24 15 14 0 0 0 0 0 0 0 0 26 10 28 18 0 0 0 0 18 12 19 22 0 0 0 0 18 24 29 23 22 29 21 18 0 0 0 0 
0 0 0 0 0 0 0 0 0 0 0 0 0 0 0 0 0 0 0 0 0 0 0 0 0 0 0 0 0 0 0 0 0 0 0 0 0 0 0 0 0 0 0 0 0 0 0 0 0 0 0 0 0 0 0 0 19 25 22 23 
23 23 23 15 0 0 0 0 0 0 0 0 0 0 0 0 0 0 0 0 0 0 0 0 0 0 0 0 0 0 0 0 0 0 0 0 0 0 0 0 0 0 0 0 0 0 0 0 0 0 0 0 0 0 0 0 0 0 0 0 
0 0 0 0 30 23 28 29 26 12 13 19 19 15 10 23 30 28 29 15 25 11 16 23 0 0 0 0 0 0 0 0 0 0 0 0 0 0 0 0 0 0 0 0 0 0 0 0 0 0 0 0 30 21 10 25 0 0 0 0 
0 0 0 0 19 10 13 17 17 16 15 18 0 0 0 0 0 0 0 0 30 13 13 27 29 25 12 10 16 10 21 14 11 30 30 13 0 0 0 0 28 19 18 14 12 21 16 20 24 19 12 24 12 13 16 15 0 0 0 0 
0 0 0 0 0 0 0 0 0 0 0 0 12 28 21 15 0 0 0 0 22 16 26 20 22 18 23 15 21 14 26 13 15 17 10 30 26 29 29 13 0 0 0 0 24 26 10 16 21 27 13 19 21 20 27 28 0 0 0 0 
0 0 0 0 0 0 0 0 0 0 0 0 0 0 0 0 0 0 0 0 0 0 0 0 0 0 0 0 0 0 0 0 0 0 0 0 0 0 0 0 0 0 0 0 0 0 0 0 0 0 0 0 0 0 0 0 11 14 29 21 
15 23 16 18 0 0 0 0 0 0 0 0 0 0 0 0 0 0 0 0 0 0 0 0 0 0 0 0 0 0 0 0 0 0 0 0 0 0 0 0 0 0 0 0 0 0 0 0 0 0 0 0 0 0 0 0 0 0 0 0 
0 0 0 0 0 0 0 0 12 20 18 20 0 0 0 0 0 0 0 0 0 0 0 0 0 0 0 0 20 28 21 12 0 0 0 0 0 0 0 0 14 21 24 22 12 17 25 30 0 0 0 0 0 0 0 0 0 0 0 0 
0 0 0 0 26 24 18 23 25 19 26 10 18 29 17 26 12 18 29 27 12 19 27 11 17 25 26 26 25 12 21 21 20 28 22 17 19 11 12 29 23 29 24 19 15 13 16 29 26 16 28 23 27 12 28 18 0 0 0 0 
0 0 0 0 0 0 0 0 0 0 0 0 0 0 0 0 0 0 0 0 0 0 0 0 18 25 23 14 30 10 28 18 22 14 17 10 0 0 0 0 0 0 0 0 0 0 0 0 14 27 18 15 0 0 0 0 0 0 0 0 
0 0 0 0 0 0 0 0 0 0 0 0 0 0 0 0 0 0 0 0 0 0 0 0 0 0 0 0 0 0 0 0 0 0 0 0 0 0 0 0 0 0 0 0 0 0 0 0 0 0 0 0 0 0 0 0 23 27 23 10 
24 17 14 15 0 0 0 0 0 0 0 0 0 0 0 0 0 0 0 0 0 0 0 0 0 0 0 0 0 0 0 0 0 0 0 0 0 0 0 0 0 0 0 0 0 0 0 0 0 0 0 0 0 0 0 0 0 0 0 0 
0 0 0 0 0 0 0 0 24 25 30 12 0 0 0 0 0 0 0 0 0 0 0 0 0 0 0 0 0 0 0 0 0 0 0 0 0 0 0 0 0 0 0 0 26 26 23 16 0 0 0 0 0 0 0 0 0 0 0 0 
0 0 0 0 0 0 0 0 0 0 0 0 20 11 23 23 28 23 10 16 0 0 0 0 28 29 27 19 0 0 0 0 16 13 13 27 0 0 0 0 0 0 0 0 0 0 0 0 0 0 0 0 16 15 12 11 0 0 0 0 
0 0 0 0 23 30 20 21 14 21 25 22 0 0 0 0 26 21 29 23 25 20 27 26 0 0 0 0 0 0 0 0 11 24 27 18 0 0 0 0 15 17 13 25 0 0 0 0 25 27 14 16 25 12 18 19 0 0 0 0 
0 0 0 0 0 0 0 0 0 0 0 0 0 0 0 0 0 0 0 0 0 0 0 0 0 0 0 0 0 0 0 0 0 0 0 0 0 0 0 0 0 0 0 0 0 0 0 0 0 0 0 0 0 0 0 0 13 20 20 26 
28 10 15 23 0 0 0 0 0 0 0 0 0 0 0 0 0 0 0 0 0 0 0 0 0 0 0 0 0 0 0 0 0 0 0 0 0 0 0 0 0 0 0 0 0 0 0 0 0 0 0 0 0 0 0 0 0 0 0 0 
0 0 0 0 18 14 27 30 19 26 23 24 13 25 27 18 14 22 19 29 15 30 20 27 29 17 22 24 23 28 13 22 0 0 0 0 29 27 12 14 16 16 10 29 14 28 23 15 16 26 24 17 20 15 14 30 0 0 0 0 
0 0 0 0 20 18 30 25 23 15 14 17 0 0 0 0 0 0 0 0 0 0 0 0 0 0 0 0 0 0 0 0 26 19 12 26 0 0 0 0 0 0 0 0 21 27 17 14 0 0 0 0 0 0 0 0 0 0 0 0 
0 0 0 0 0 0 0 0 25 10 14 11 0 0 0 0 0 0 0 0 0 0 0 0 25 24 12 17 10 19 19 14 0 0 0 0 0 0 0 0 0 0 0 0 0 0 0 0 0 0 0 0 0 0 0 0 0 0 0 0 
0 0 0 0 0 0 0 0 0 0 0 0 0 0 0 0 0 0 0 0 0 0 0 0 0 0 0 0 0 0 0 0 0 0 0 0 0 0 0 0 0 0 0 0 0 0 0 0 0 0 0 0 0 0 0 0 16 27 15 10 
21 27 23 30 0 0 0 0 0 0 0 0 0 0 0 0 0 0 0 0 0 0 0 0 0 0 0 0 0 0 0 0 0 0 0 0 0 0 0 0 0 0 0 0 0 0 0 0 0 0 0 0 0 0 0 0 0 0 0 0 
0 0 0 0 0 0 0 0 0 0 0 0 0 0 0 0 0 0 0 0 0 0 0 0 11 27 26 25 0 0 0 0 0 0 0 0 23 20 29 18 0 0 0 0 0 0 0 0 21 16 27 16 0 0 0 0 0 0 0 0 
0 0 0 0 13 13 21 16 23 23 13 27 17 19 14 22 0 0 0 0 29 20 17 11 20 30 12 28 12 26 29 12 0 0 0 0 22 24 19 12 0 0 0 0 19 28 26 19 16 29 30 15 19 15 14 28 0 0 0 0 
0 0 0 0 0 0 0 0 21 22 12 17 30 15 11 19 24 29 15 27 0 0 0 0 0 0 0 0 0 0 0 0 0 0 0 0 0 0 0 0 0 0 0 0 24 26 29 11 0 0 0 0 30 14 24 18 0 0 0 0 
0 0 0 0 0 0 0 0 0 0 0 0 0 0 0 0 0 0 0 0 0 0 0 0 0 0 0 0 0 0 0 0 0 0 0 0 0 0 0 0 0 0 0 0 0 0 0 0 0 0 0 0 0 0 0 0 16 14 24 29 
26 13 27 13 0 0 0 0 0 0 0 0 0 0 0 0 0 0 0 0 0 0 0 0 0 0 0 0 0 0 0 0 0 0 0 0 0 0 0 0 0 0 0 0 0 0 0 0 0 0 0 0 0 0 0 0 0 0 0 0 
0 0 0 0 0 0 0 0 0 0 0 0 0 0 0 0 11 18 21 30 0 0 0 0 0 0 0 0 29 11 21 25 0 0 0 0 0 0 0 0 0 0 0 0 0 0 0 0 0 0 0 0 0 0 0 0 0 0 0 0 
0 0 0 0 0 0 0 0 28 19 17 14 12 17 15 11 15 16 14 22 17 22 24 19 27 13 22 19 18 20 18 24 22 21 10 30 28 24 23 13 27 23 15 27 0 0 0 0 26 15 17 10 14 25 13 16 0 0 0 0 
0 0 0 0 0 0 0 0 0 0 0 0 0 0 0 0 0 0 0 0 0 0 0 0 0 0 0 0 0 0 0 0 0 0 0 0 20 21 30 29 0 0 0 0 0 0 0 0 0 0 0 0 0 0 0 0 0 0 0 0 
0 0 0 0 0 0 0 0 0 0 0 0 0 0 0 0 0 0 0 0 0 0 0 0 0 0 0 0 0 0 0 0 0 0 0 0 0 0 0 0 0 0 0 0 0 0 0 0 0 0 0 0 0 0 0 0 27 17 12 25 
24 24 21 26 0 0 0 0 0 0 0 0 0 0 0 0 0 0 0 0 0 0 0 0 0 0 0 0 0 0 0 0 0 0 0 0 0 0 0 0 0 0 0 0 0 0 0 0 0 0 0 0 0 0 0 0 0 0 0 0 
0 0 0 0 0 0 0 0 0 0 0 0 11 16 11 25 14 19 19 27 19 11 16 29 0 0 0 0 22 30 11 17 0 0 0 0 16 27 30 27 18 21 23 11 28 29 22 22 10 16 10 19 14 10 20 23 0 0 0 0 
0 0 0 0 12 21 11 17 0 0 0 0 0 0 0 0 0 0 0 0 27 29 24 18 0 0 0 0 13 14 23 23 0 0 0 0 23 16 13 17 0 0 0 0 13 28 29 19 0 0 0 0 13 29 27 29 0 0 0 0 
0 0 0 0 26 11 17 19 0 0 0 0 23 26 25 30 12 15 13 14 22 11 21 30 0 0 0 0 28 15 21 24 0 0 0 0 0 0 0 0 0 0 0 0 0 0 0 0 0 0 0 0 16 14 14 15 0 0 0 0 
0 0 0 0 0 0 0 0 0 0 0 0 0 0 0 0 0 0 0 0 0 0 0 0 0 0 0 0 0 0 0 0 0 0 0 0 0 0 0 0 0 0 0 0 0 0 0 0 0 0 0 0 0 0 0 0 26 30 27 19 
20 21 27 20 0 0 0 0 0 0 0 0 0 0 0 0 0 0 0 0 0 0 0 0 0 0 0 0 0 0 0 0 0 0 0 0 0 0 0 0 0 0 0 0 0 0 0 0 0 0 0 0 0 0 0 0 0 0 0 0 
0 0 0 0 24 18 15 27 0 0 0 0 26 27 13 24 27 17 15 18 22 24 12 25 12 23 27 30 13 10 27 18 11 12 23 12 22 12 15 27 0 0 0 0 14 24 13 20 11 28 12 17 11 30 27 25 0 0 0 0 
0 0 0 0 12 24 19 11 12 13 13 10 0 0 0 0 0 0 0 0 28 16 25 29 24 28 16 17 22 20 18 17 11 16 24 21 19 26 21 18 26 18 29 25 25 14 21 27 0 0 0 0 23 20 22 24 0 0 0 0 
0 0 0 0 29 15 18 25 0 0 0 0 0 0 0 0 17 18 18 13 0 0 0 0 0 0 0 0 0 0 0 0 0 0 0 0 0 0 0 0 0 0 0 0 0 0 0 0 0 0 0 0 0 0 0 0 0 0 0 0 
0 0 0 0 0 0 0 0 0 0 0 0 0 0 0 0 0 0 0 0 0 0 0 0 0 0 0 0 0 0 0 0 0 0 0 0 0 0 0 0 0 0 0 0 0 0 0 0 0 0 0 0 0 0 0 0 25 25 15 26 
14 30 20 25 0 0 0 0 0 0 0 0 0 0 0 0 0 0 0 0 0 0 0 0 0 0 0 0 0 0 0 0 0 0 0 0 0 0 0 0 0 0 0 0 0 0 0 0 0 0 0 0 0 0 0 0 0 0 0 0 
0 0 0 0 0 0 0 0 15 11 27 19 11 23 17 20 26 10 22 15 11 30 20 19 0 0 0 0 29 29 14 10 18 26 10 24 26 18 12 21 19 23 26 25 26 29 19 16 22 24 18 26 19 25 18 18 0 0 0 0 
0 0 0 0 25 16 24 22 16 11 16 18 23 22 27 12 12 26 13 13 0 0 0 0 0 0 0 0 13 19 10 15 17 16 30 27 18 20 11 15 14 21 20 18 21 20 17 15 15 28 10 28 24 24 28 14 0 0 0 0 
0 0 0 0 0 0 0 0 0 0 0 0 26 16 17 28 0 0 0 0 27 16 19 27 20 26 18 20 16 29 12 23 12 19 14 13 15 22 27 23 26 14 18 24 21 29 21 13 20 24 28 22 30 20 14 21 0 0 0 0 
0 0 0 0 0 0 0 0 0 0 0 0 0 0 0 0 0 0 0 0 0 0 0 0 0 0 0 0 0 0 0 0 0 0 0 0 0 0 0 0 0 0 0 0 0 0 0 0 0 0 0 0 0 0 0 0 11 19 29 18 
16 11 29 15 0 0 0 0 0 0 0 0 0 0 0 0 0 0 0 0 0 0 0 0 0 0 0 0 0 0 0 0 0 0 0 0 0 0 0 0 0 0 0 0 0 0 0 0 0 0 0 0 0 0 0 0 0 0 0 0 
0 0 0 0 26 13 25 16 25 29 28 10 26 20 11 25 17 20 12 22 22 25 24 12 18 24 22 12 20 20 20 11 16 24 18 29 30 10 15 30 21 23 14 19 17 12 28 11 23 19 12 10 23 21 16 30 0 0 0 0 
0 0 0 0 10 16 20 29 0 0 0 0 0 0 0 0 0 0 0 0 0 0 0 0 16 27 15 17 0 0 0 0 0 0 0 0 28 11 20 17 0 0 0 0 25 18 28 18 0 0 0 0 0 0 0 0 0 0 0 0 
0 0 0 0 17 22 11 25 15 10 26 24 24 24 12 10 0 0 0 0 0 0 0 0 17 20 19 29 19 24 18 19 0 0 0 0 21 16 25 26 0 0 0 0 0 0 0 0 10 23 12 16 0 0 0 0 0 0 0 0 
0 0 0 0 0 0 0 0 0 0 0 0 0 0 0 0 0 0 0 0 0 0 0 0 0 0 0 0 0 0 0 0 0 0 0 0 0 0 0 0 0 0 0 0 0 0 0 0 0 0 0 0 0 0 0 0 22 26 12 12 
21 17 22 22 0 0 0 0 0 0 0 0 0 0 0 0 0 0 0 0 0 0 0 0 0 0 0 0 0 0 0 0 0 0 0 0 0 0 0 0 0 0 0 0 0 0 0 0 0 0 0 0 0 0 0 0 0 0 0 0 
0 0 0 0 17 10 23 29 0 0 0 0 0 0 0 0 0 0 0 0 0 0 0 0 0 0 0 0 0 0 0 0 0 0 0 0 0 0 0 0 0 0 0 0 0 0 0 0 0 0 0 0 0 0 0 0 0 0 0 0 
0 0 0 0 0 0 0 0 0 0 0 0 0 0 0 0 0 0 0 0 0 0 0 0 0 0 0 0 16 10 24 28 0 0 0 0 0 0 0 0 0 0 0 0 0 0 0 0 0 0 0 0 0 0 0 0 0 0 0 0 
0 0 0 0 0 0 0 0 24 18 18 28 0 0 0 0 14 13 11 11 0 0 0 0 0 0 0 0 0 0 0 0 0 0 0 0 0 0 0 0 0 0 0 0 15 11 20 20 10 11 27 25 24 28 26 23 0 0 0 0 
0 0 0 0 0 0 0 0 0 0 0 0 0 0 0 0 0 0 0 0 0 0 0 0 0 0 0 0 0 0 0 0 0 0 0 0 0 0 0 0 0 0 0 0 0 0 0 0 0 0 0 0 0 0 0 0 25 14 13 26 
28 20 29 23 0 0 0 0 0 0 0 0 0 0 0 0 0 0 0 0 0 0 0 0 0 0 0 0 0 0 0 0 0 0 0 0 0 0 0 0 0 0 0 0 0 0 0 0 0 0 0 0 0 0 0 0 0 0 0 0 
0 0 0 0 24 11 29 29 0 0 0 0 15 28 19 18 15 20 19 12 0 0 0 0 13 15 26 17 0 0 0 0 0 0 0 0 0 0 0 0 0 0 0 0 0 0 0 0 17 10 28 18 0 0 0 0 0 0 0 0 
0 0 0 0 0 0 0 0 28 26 20 28 30 21 22 10 23 20 18 10 0 0 0 0 0 0 0 0 11 29 27 27 0 0 0 0 0 0 0 0 14 19 28 17 30 29 17 17 0 0 0 0 0 0 0 0 0 0 0 0 
0 0 0 0 0 0 0 0 0 0 0 0 18 13 24 27 0 0 0 0 0 0 0 0 24 15 14 21 0 0 0 0 0 0 0 0 0 0 0 0 15 20 22 25 0 0 0 0 0 0 0 0 0 0 0 0 0 0 0 0 
0 0 0 0 0 0 0 0 0 0 0 0 0 0 0 0 0 0 0 0 0 0 0 0 0 0 0 0 0 0 0 0 0 0 0 0 0 0 0 0 0 0 0 0 0 0 0 0 0 0 0 0 0 0 0 0 18 20 21 19 
19 18 21 28 0 0 0 0 0 0 0 0 0 0 0 0 0 0 0 0 0 0 0 0 0 0 0 0 0 0 0 0 0 0 0 0 0 0 0 0 0 0 0 0 0 0 0 0 0 0 0 0 0 0 0 0 0 0 0 0 
0 0 0 0 0 0 0 0 18 18 24 29 0 0 0 0 0 0 0 0 0 0 0 0 0 0 0 0 11 13 19 20 0 0 0 0 19 27 28 28 18 15 28 16 22 30 19 24 13 12 13 11 26 14 16 28 0 0 0 0 
0 0 0 0 13 11 12 21 15 12 11 21 30 20 28 24 14 29 22 25 30 28 20 24 23 11 23 16 26 27 13 27 11 28 10 29 15 21 29 24 11 14 11 22 16 11 11 13 13 10 20 25 30 25 22 17 0 0 0 0 
0 0 0 0 25 19 30 19 0 0 0 0 22 20 24 20 0 0 0 0 0 0 0 0 28 24 14 18 0 0 0 0 0 0 0 0 0 0 0 0 0 0 0 0 0 0 0 0 0 0 0 0 0 0 0 0 0 0 0 0 
0 0 0 0 0 0 0 0 0 0 0 0 0 0 0 0 0 0 0 0 0 0 0 0 0 0 0 0 0 0 0 0 0 0 0 0 0 0 0 0 0 0 0 0 0 0 0 0 0 0 0 0 0 0 0 0 12 30 12 20 
27 10 29 18 0 0 0 0 0 0 0 0 0 0 0 0 0 0 0 0 0 0 0 0 0 0 0 0 0 0 0 0 0 0 0 0 0 0 0 0 0 0 0 0 0 0 0 0 0 0 0 0 0 0 0 0 0 0 0 0 
0 0 0 0 0 0 0 0 29 29 22 24 25 16 23 19 0 0 0 0 0 0 0 0 0 0 0 0 0 0 0 0 0 0 0 0 0 0 0 0 0 0 0 0 0 0 0 0 26 25 25 30 0 0 0 0 0 0 0 0 
0 0 0 0 0 0 0 0 23 19 26 15 0 0 0 0 0 0 0 0 0 0 0 0 0 0 0 0 26 30 22 27 0 0 0 0 0 0 0 0 0 0 0 0 27 27 22 10 0 0 0 0 0 0 0 0 0 0 0 0 
0 0 0 0 0 0 0 0 0 0 0 0 0 0 0 0 16 13 29 23 28 26 26 20 0 0 0 0 0 0 0 0 0 0 0 0 0 0 0 0 0 0 0 0 0 0 0 0 0 0 0 0 23 28 20 21 0 0 0 0 
0 0 0 0 0 0 0 0 0 0 0 0 0 0 0 0 0 0 0 0 0 0 0 0 0 0 0 0 0 0 0 0 0 0 0 0 0 0 0 0 0 0 0 0 0 0 0 0 0 0 0 0 0 0 0 0 26 10 15 26 
14 11 18 21 0 0 0 0 0 0 0 0 0 0 0 0 0 0 0 0 0 0 0 0 0 0 0 0 0 0 0 0 0 0 0 0 0 0 0 0 0 0 0 0 0 0 0 0 0 0 0 0 0 0 0 0 0 0 0 0 
0 0 0 0 25 12 26 20 10 13 11 27 10 20 19 25 0 0 0 0 23 20 10 17 0 0 0 0 19 28 16 29 0 0 0 0 23 14 21 19 25 22 10 26 0 0 0 0 0 0 0 0 0 0 0 0 0 0 0 0 
0 0 0 0 10 21 13 18 30 13 10 28 16 14 15 18 25 27 27 15 16 19 19 21 28 22 28 17 21 15 26 24 27 19 23 16 17 10 19 14 27 15 16 20 16 17 12 25 23 15 25 28 16 28 23 14 0 0 0 0 
0 0 0 0 24 26 22 23 0 0 0 0 13 11 21 15 0 0 0 0 11 19 26 30 27 13 15 19 17 18 17 28 11 26 10 10 0 0 0 0 0 0 0 0 0 0 0 0 0 0 0 0 0 0 0 0 0 0 0 0 
0 0 0 0 0 0 0 0 0 0 0 0 0 0 0 0 0 0 0 0 0 0 0 0 0 0 0 0 0 0 0 0 0 0 0 0 0 0 0 0 0 0 0 0 0 0 0 0 0 0 0 0 0 0 0 0 22 16 24 22 
10 10 19 28 0 0 0 0 0 0 0 0 0 0 0 0 0 0 0 0 0 0 0 0 0 0 0 0 0 0 0 0 0 0 0 0 0 0 0 0 0 0 0 0 0 0 0 0 0 0 0 0 0 0 0 0 0 0 0 0 
0 0 0 0 26 19 12 28 23 14 27 23 26 27 26 17 10 21 23 30 12 27 19 29 17 23 28 22 0 0 0 0 16 19 28 23 13 17 18 17 16 25 16 21 0 0 0 0 0 0 0 0 17 28 13 19 0 0 0 0 
0 0 0 0 0 0 0 0 0 0 0 0 16 30 26 29 0 0 0 0 0 0 0 0 0 0 0 0 0 0 0 0 0 0 0 0 0 0 0 0 0 0 0 0 0 0 0 0 0 0 0 0 0 0 0 0 0 0 0 0 
0 0 0 0 0 0 0 0 29 19 17 10 0 0 0 0 23 12 12 25 0 0 0 0 0 0 0 0 14 20 22 19 0 0 0 0 26 10 25 11 0 0 0 0 0 0 0 0 0 0 0 0 0 0 0 0 0 0 0 0 
0 0 0 0 0 0 0 0 0 0 0 0 0 0 0 0 0 0 0 0 0 0 0 0 0 0 0 0 0 0 0 0 0 0 0 0 0 0 0 0 0 0 0 0 0 0 0 0 0 0 0 0 0 0 0 0 12 12 23 28 
24 30 27 10 0 0 0 0 0 0 0 0 0 0 0 0 0 0 0 0 0 0 0 0 0 0 0 0 0 0 0 0 0 0 0 0 0 0 0 0 0 0 0 0 0 0 0 0 0 0 0 0 0 0 0 0 0 0 0 0 
0 0 0 0 0 0 0 0 0 0 0 0 22 25 27 16 0 0 0 0 0 0 0 0 11 24 14 10 19 15 18 21 0 0 0 0 0 0 0 0 0 0 0 0 10 16 10 26 0 0 0 0 16 10 19 25 0 0 0 0 
0 0 0 0 25 24 26 14 11 13 11 20 11 11 18 15 26 30 26 10 30 23 25 30 19 28 14 15 14 24 29 12 13 14 20 20 15 10 15 29 24 14 13 25 12 12 21 12 30 12 14 17 26 24 23 27 0 0 0 0 
0 0 0 0 0 0 0 0 0 0 0 0 0 0 0 0 0 0 0 0 0 0 0 0 0 0 0 0 0 0 0 0 0 0 0 0 0 0 0 0 28 28 24 19 0 0 0 0 0 0 0 0 0 0 0 0 0 0 0 0 
0 0 0 0 0 0 0 0 0 0 0 0 0 0 0 0 0 0 0 0 0 0 0 0 0 0 0 0 0 0 0 0 0 0 0 0 0 0 0 0 0 0 0 0 0 0 0 0 0 0 0 0 0 0 0 0 17 27 21 26 
20 15 10 25 0 0 0 0 0 0 0 0 0 0 0 0 0 0 0 0 0 0 0 0 0 0 0 0 0 0 0 0 0 0 0 0 0 0 0 0 0 0 0 0 0 0 0 0 0 0 0 0 0 0 0 0 0 0 0 0 
0 0 0 0 0 0 0 0 0 0 0 0 0 0 0 0 0 0 0 0 25 16 27 13 0 0 0 0 10 30 20 20 21 10 16 29 0 0 0 0 0 0 0 0 0 0 0 0 0 0 0 0 27 11 17 30 0 0 0 0 
0 0 0 0 12 26 21 11 16 13 29 11 0 0 0 0 0 0 0 0 0 0 0 0 0 0 0 0 0 0 0 0 26 24 29 21 20 22 15 25 24 12 27 28 0 0 0 0 25 19 22 23 23 18 23 24 0 0 0 0 
0 0 0 0 0 0 0 0 15 11 28 20 0 0 0 0 22 30 28 25 19 15 23 26 0 0 0 0 0 0 0 0 18 15 19 14 16 15 28 15 0 0 0 0 15 27 25 26 22 25 27 22 19 17 18 25 0 0 0 0 
0 0 0 0 0 0 0 0 0 0 0 0 0 0 0 0 0 0 0 0 0 0 0 0 0 0 0 0 0 0 0 0 0 0 0 0 0 0 0 0 0 0 0 0 0 0 0 0 0 0 0 0 0 0 0 0 29 23 15 18 
23 19 22 23 0 0 0 0 0 0 0 0 0 0 0 0 0 0 0 0 0 0 0 0 0 0 0 0 0 0 0 0 0 0 0 0 0 0 0 0 0 0 0 0 0 0 0 0 0 0 0 0 0 0 0 0 0 0 0 0 
0 0 0 0 27 24 22 28 18 10 22 10 30 11 12 14 0 0 0 0 13 12 24 30 23 26 24 23 0 0 0 0 0 0 0 0 10 13 17 20 26 16 26 24 25 29 13 15 0 0 0 0 29 25 20 11 0 0 0 0 
0 0 0 0 26 17 21 28 20 18 17 16 25 12 17 29 22 17 20 23 0 0 0 0 27 26 30 14 25 29 16 29 22 19 28 16 27 20 21 10 16 29 14 27 0 0 0 0 29 28 14 21 0 0 0 0 0 0 0 0 
0 0 0 0 0 0 0 0 0 0 0 0 16 21 13 18 0 0 0 0 0 0 0 0 0 0 0 0 0 0 0 0 0 0 0 0 0 0 0 0 0 0 0 0 0 0 0 0 0 0 0 0 0 0 0 0 0 0 0 0 
0 0 0 0 0 0 0 0 0 0 0 0 0 0 0 0 0 0 0 0 0 0 0 0 0 0 0 0 0 0 0 0 0 0 0 0 0 0 0 0 0 0 0 0 0 0 0 0 0 0 0 0 0 0 0 0 23 11 15 16 
10 24 11 23 0 0 0 0 0 0 0 0 0 0 0 0 0 0 0 0 0 0 0 0 0 0 0 0 0 0 0 0 0 0 0 0 0 0 0 0 0 0 0 0 0 0 0 0 0 0 0 0 0 0 0 0 0 0 0 0 
0 0 0 0 19 24 27 18 0 0 0 0 11 23 22 14 0 0 0 0 24 13 15 30 20 24 26 27 0 0 0 0 24 14 27 12 21 23 12 30 30 14 27 13 23 12 21 30 20 21 13 18 19 16 21 28 0 0 0 0 
0 0 0 0 29 15 16 26 0 0 0 0 0 0 0 0 0 0 0 0 17 30 16 18 12 25 14 24 0 0 0 0 0 0 0 0 0 0 0 0 18 29 30 23 0 0 0 0 0 0 0 0 0 0 0 0 0 0 0 0 
0 0 0 0 30 14 30 15 0 0 0 0 22 20 28 25 23 10 14 10 13 22 21 14 29 19 23 10 25 21 28 29 14 29 18 16 13 11 17 23 0 0 0 0 28 22 16 30 14 23 15 30 17 15 21 13 0 0 0 0 
0 0 0 0 0 0 0 0 0 0 0 0 0 0 0 0 0 0 0 0 0 0 0 0 0 0 0 0 0 0 0 0 0 0 0 0 0 0 0 0 0 0 0 0 0 0 0 0 0 0 0 0 0 0 0 0 28 18 19 14 
13 26 23 27 0 0 0 0 0 0 0 0 0 0 0 0 0 0 0 0 0 0 0 0 0 0 0 0 0 0 0 0 0 0 0 0 0 0 0 0 0 0 0 0 0 0 0 0 0 0 0 0 0 0 0 0 0 0 0 0 
0 0 0 0 24 18 23 21 30 26 28 26 14 22 29 12 26 18 23 17 11 19 16 17 17 19 10 18 27 16 16 25 28 28 27 10 13 12 15 25 19 24 18 25 18 12 28 20 13 26 13 14 16 13 20 17 0 0 0 0 
0 0 0 0 26 14 27 22 0 0 0 0 0 0 0 0 0 0 0 0 28 19 12 17 0 0 0 0 0 0 0 0 24 21 13 15 24 29 26 26 11 19 15 18 0 0 0 0 0 0 0 0 0 0 0 0 0 0 0 0 
0 0 0 0 21 15 13 13 13 22 20 17 22 10 30 15 14 14 13 21 29 24 16 23 14 14 29 17 11 14 25 15 21 22 18 16 10 23 25 15 0 0 0 0 14 23 17 11 24 24 28 20 20 26 25 25 0 0 0 0 
0 0 0 0 0 0 0 0 0 0 0 0 0 0 0 0 0 0 0 0 0 0 0 0 0 0 0 0 0 0 0 0 0 0 0 0 0 0 0 0 0 0 0 0 0 0 0 0 0 0 0 0 0 0 0 0 21 21 30 28 
24 19 23 28 0 0 0 0 0 0 0 0 0 0 0 0 0 0 0 0 0 0 0 0 0 0 0 0 0 0 0 0 0 0 0 0 0 0 0 0 0 0 0 0 0 0 0 0 0 0 0 0 0 0 0 0 0 0 0 0 
0 0 0 0 10 13 13 15 21 15 22 16 22 29 12 13 25 29 28 26 23 15 17 16 0 0 0 0 21 15 27 11 28 29 25 21 0 0 0 0 12 19 17 13 27 12 18 20 29 19 22 16 0 0 0 0 0 0 0 0 
0 0 0 0 0 0 0 0 11 14 27 30 23 16 11 22 0 0 0 0 0 0 0 0 0 0 0 0 0 0 0 0 0 0 0 0 0 0 0 0 0 0 0 0 0 0 0 0 0 0 0 0 25 22 12 13 0 0 0 0 
0 0 0 0 0 0 0 0 0 0 0 0 0 0 0 0 0 0 0 0 0 0 0 0 0 0 0 0 11 11 21 21 0 0 0 0 0 0 0 0 12 14 10 13 0 0 0 0 0 0 0 0 0 0 0 0 0 0 0 0 
0 0 0 0 0 0 0 0 0 0 0 0 0 0 0 0 0 0 0 0 0 0 0 0 0 0 0 0 0 0 0 0 0 0 0 0 0 0 0 0 0 0 0 0 0 0 0 0 0 0 0 0 0 0 0 0 15 30 10 13 
19 15 22 22 0 0 0 0 0 0 0 0 0 0 0 0 0 0 0 0 0 0 0 0 0 0 0 0 0 0 0 0 0 0 0 0 0 0 0 0 0 0 0 0 0 0 0 0 0 0 0 0 0 0 0 0 0 0 0 0 
0 0 0 0 26 23 18 21 30 18 26 16 25 24 30 19 28 16 17 26 0 0 0 0 23 15 28 13 0 0 0 0 28 25 14 15 0 0 0 0 0 0 0 0 0 0 0 0 0 0 0 0 0 0 0 0 0 0 0 0 
0 0 0 0 13 27 12 10 0 0 0 0 15 23 21 23 0 0 0 0 0 0 0 0 0 0 0 0 0 0 0 0 0 0 0 0 17 13 22 23 27 24 10 12 16 26 18 14 0 0 0 0 25 21 18 24 0 0 0 0 
0 0 0 0 0 0 0 0 15 30 26 13 29 26 18 21 27 22 17 24 19 26 27 13 26 15 10 10 17 16 24 23 25 25 21 16 23 29 27 13 27 10 26 13 19 14 27 30 10 29 13 12 13 30 10 27 0 0 0 0 
0 0 0 0 0 0 0 0 0 0 0 0 0 0 0 0 0 0 0 0 0 0 0 0 0 0 0 0 0 0 0 0 0 0 0 0 0 0 0 0 0 0 0 0 0 0 0 0 0 0 0 0 0 0 0 0 13 30 16 30 
22 19 16 29 0 0 0 0 0 0 0 0 0 0 0 0 0 0 0 0 0 0 0 0 0 0 0 0 0 0 0 0 0 0 0 0 0 0 0 0 0 0 0 0 0 0 0 0 0 0 0 0 0 0 0 0 0 0 0 0 
0 0 0 0 0 0 0 0 0 0 0 0 0 0 0 0 0 0 0 0 0 0 0 0 0 0 0 0 0 0 0 0 0 0 0 0 0 0 0 0 0 0 0 0 0 0 0 0 0 0 0 0 24 27 21 10 0 0 0 0 
0 0 0 0 0 0 0 0 0 0 0 0 0 0 0 0 29 25 23 13 0 0 0 0 11 13 11 28 0 0 0 0 19 18 15 17 0 0 0 0 30 23 18 20 0 0 0 0 25 23 29 12 19 16 30 16 0 0 0 0 
0 0 0 0 26 23 25 25 0 0 0 0 26 14 24 16 0 0 0 0 0 0 0 0 0 0 0 0 27 16 18 27 0 0 0 0 0 0 0 0 0 0 0 0 0 0 0 0 26 27 20 15 0 0 0 0 0 0 0 0 
0 0 0 0 0 0 0 0 0 0 0 0 0 0 0 0 0 0 0 0 0 0 0 0 0 0 0 0 0 0 0 0 0 0 0 0 0 0 0 0 0 0 0 0 0 0 0 0 0 0 0 0 0 0 0 0 25 15 21 17 
20 15 12 23 0 0 0 0 0 0 0 0 0 0 0 0 0 0 0 0 0 0 0 0 0 0 0 0 0 0 0 0 0 0 0 0 0 0 0 0 0 0 0 0 0 0 0 0 0 0 0 0 0 0 0 0 0 0 0 0 
0 0 0 0 0 0 0 0 0 0 0 0 18 29 22 30 22 18 22 16 0 0 0 0 0 0 0 0 14 13 16 28 10 10 16 23 0 0 0 0 21 17 28 24 0 0 0 0 0 0 0 0 0 0 0 0 0 0 0 0 
0 0 0 0 25 30 12 30 20 29 22 13 23 13 11 26 16 13 18 27 0 0 0 0 20 24 21 22 25 26 15 25 24 20 17 23 16 13 17 30 0 0 0 0 11 23 29 24 28 29 26 26 19 30 11 18 0 0 0 0 
0 0 0 0 0 0 0 0 0 0 0 0 0 0 0 0 0 0 0 0 0 0 0 0 0 0 0 0 20 14 24 21 26 24 27 29 27 24 13 24 11 20 11 25 12 27 29 28 0 0 0 0 19 27 24 11 0 0 0 0 
0 0 0 0 0 0 0 0 0 0 0 0 0 0 0 0 0 0 0 0 0 0 0 0 0 0 0 0 0 0 0 0 0 0 0 0 0 0 0 0 0 0 0 0 0 0 0 0 0 0 0 0 0 0 0 0 10 21 30 10 
28 13 25 26 0 0 0 0 0 0 0 0 0 0 0 0 0 0 0 0 0 0 0 0 0 0 0 0 0 0 0 0 0 0 0 0 0 0 0 0 0 0 0 0 0 0 0 0 0 0 0 0 0 0 0 0 0 0 0 0 
0 0 0 0 30 14 25 27 0 0 0 0 27 23 22 30 30 22 20 22 0 0 0 0 0 0 0 0 16 24 12 14 0 0 0 0 19 26 18 28 26 11 24 25 29 30 18 22 26 20 20 16 0 0 0 0 0 0 0 0 
0 0 0 0 10 14 28 11 0 0 0 0 17 16 24 22 26 28 10 18 0 0 0 0 0 0 0 0 0 0 0 0 30 21 17 19 18 20 27 27 0 0 0 0 29 19 10 25 0 0 0 0 0 0 0 0 0 0 0 0 
0 0 0 0 17 19 12 27 13 22 29 18 14 21 13 12 23 22 24 29 20 16 16 22 26 11 30 22 10 15 28 19 0 0 0 0 23 27 13 27 28 24 24 24 19 23 13 27 18 18 19 21 12 30 19 16 0 0 0 0 
0 0 0 0 0 0 0 0 0 0 0 0 0 0 0 0 0 0 0 0 0 0 0 0 0 0 0 0 0 0 0 0 0 0 0 0 0 0 0 0 0 0 0 0 0 0 0 0 0 0 0 0 0 0 0 0 30 18 30 13 
17 15 10 11 0 0 0 0 0 0 0 0 0 0 0 0 0 0 0 0 0 0 0 0 0 0 0 0 0 0 0 0 0 0 0 0 0 0 0 0 0 0 0 0 0 0 0 0 0 0 0 0 0 0 0 0 0 0 0 0 
0 0 0 0 0 0 0 0 0 0 0 0 0 0 0 0 25 20 29 21 0 0 0 0 0 0 0 0 0 0 0 0 0 0 0 0 0 0 0 0 0 0 0 0 19 13 16 11 0 0 0 0 0 0 0 0 0 0 0 0 
0 0 0 0 13 10 26 26 0 0 0 0 0 0 0 0 27 18 13 20 10 26 13 14 18 19 15 12 28 14 28 11 0 0 0 0 0 0 0 0 21 22 16 29 0 0 0 0 0 0 0 0 27 22 16 14 0 0 0 0 
0 0 0 0 11 27 12 22 21 23 11 27 19 18 25 28 18 22 16 11 20 21 30 29 19 26 12 26 20 28 20 20 30 10 17 25 15 22 27 18 19 12 19 21 12 13 12 10 28 13 20 30 15 29 30 24 0 0 0 0 
0 0 0 0 0 0 0 0 0 0 0 0 0 0 0 0 0 0 0 0 0 0 0 0 0 0 0 0 0 0 0 0 0 0 0 0 0 0 0 0 0 0 0 0 0 0 0 0 0 0 0 0 0 0 0 0 29 17 19 30
---------------------
 
Processing cost   (0 -- non-optional machine)
Rows: sequential for each operation of each part; Columns: correspond to machine number
18 19 11 11 0 0 0 0 0 0 0 0 0 0 0 0 0 0 0 0 0 0 0 0 0 0 0 0 0 0 0 0 0 0 0 0 0 0 0 0 0 0 0 0 0 0 0 0 0 0 0 0 0 0 0 0 0 0 0 0 
0 0 0 0 14 15 19 11 11 12 14 16 12 12 19 19 0 0 0 0 0 0 0 0 15 12 20 16 20 13 15 19 17 15 20 15 17 17 14 20 0 0 0 0 20 15 18 12 15 16 15 20 20 12 15 16 0 0 0 0 
0 0 0 0 19 17 13 14 15 17 14 16 0 0 0 0 10 16 17 20 12 17 14 14 16 17 17 12 19 15 12 16 17 20 13 18 10 20 20 11 0 0 0 0 16 12 16 18 0 0 0 0 13 12 13 11 0 0 0 0 
0 0 0 0 10 15 11 13 20 16 17 11 12 18 11 19 18 14 10 18 18 10 18 16 11 18 12 10 11 14 14 20 18 11 15 12 20 12 11 11 11 19 16 17 13 20 18 18 19 19 13 10 12 12 15 17 0 0 0 0 
0 0 0 0 0 0 0 0 0 0 0 0 0 0 0 0 0 0 0 0 0 0 0 0 0 0 0 0 0 0 0 0 0 0 0 0 0 0 0 0 0 0 0 0 0 0 0 0 0 0 0 0 0 0 0 0 13 14 16 19 
15 18 19 10 0 0 0 0 0 0 0 0 0 0 0 0 0 0 0 0 0 0 0 0 0 0 0 0 0 0 0 0 0 0 0 0 0 0 0 0 0 0 0 0 0 0 0 0 0 0 0 0 0 0 0 0 0 0 0 0 
0 0 0 0 20 18 18 11 0 0 0 0 0 0 0 0 20 10 10 12 0 0 0 0 0 0 0 0 19 20 14 18 0 0 0 0 18 14 10 15 18 17 15 19 0 0 0 0 10 12 17 14 19 13 10 20 0 0 0 0 
0 0 0 0 10 13 16 13 0 0 0 0 0 0 0 0 0 0 0 0 0 0 0 0 0 0 0 0 16 15 17 15 0 0 0 0 14 13 12 13 0 0 0 0 0 0 0 0 0 0 0 0 0 0 0 0 0 0 0 0 
0 0 0 0 0 0 0 0 18 11 17 17 11 19 13 15 17 15 11 20 0 0 0 0 13 11 11 13 13 19 15 10 17 10 15 17 20 10 15 14 13 19 13 12 0 0 0 0 14 14 12 19 12 17 13 12 0 0 0 0 
0 0 0 0 0 0 0 0 0 0 0 0 0 0 0 0 0 0 0 0 0 0 0 0 0 0 0 0 0 0 0 0 0 0 0 0 0 0 0 0 0 0 0 0 0 0 0 0 0 0 0 0 0 0 0 0 14 16 15 19 
19 14 15 19 0 0 0 0 0 0 0 0 0 0 0 0 0 0 0 0 0 0 0 0 0 0 0 0 0 0 0 0 0 0 0 0 0 0 0 0 0 0 0 0 0 0 0 0 0 0 0 0 0 0 0 0 0 0 0 0 
0 0 0 0 0 0 0 0 0 0 0 0 0 0 0 0 0 0 0 0 0 0 0 0 18 15 19 11 10 18 15 17 0 0 0 0 0 0 0 0 0 0 0 0 0 0 0 0 0 0 0 0 0 0 0 0 0 0 0 0 
0 0 0 0 14 10 11 18 17 20 19 11 0 0 0 0 0 0 0 0 13 16 12 12 0 0 0 0 0 0 0 0 0 0 0 0 17 12 20 20 0 0 0 0 0 0 0 0 12 18 20 13 19 18 10 11 0 0 0 0 
0 0 0 0 0 0 0 0 12 12 15 13 17 17 10 20 0 0 0 0 12 13 16 20 0 0 0 0 18 12 10 19 18 17 13 10 18 10 17 11 13 16 15 17 20 11 15 16 18 10 11 13 0 0 0 0 0 0 0 0 
0 0 0 0 0 0 0 0 0 0 0 0 0 0 0 0 0 0 0 0 0 0 0 0 0 0 0 0 0 0 0 0 0 0 0 0 0 0 0 0 0 0 0 0 0 0 0 0 0 0 0 0 0 0 0 0 17 17 11 12 
14 12 16 11 0 0 0 0 0 0 0 0 0 0 0 0 0 0 0 0 0 0 0 0 0 0 0 0 0 0 0 0 0 0 0 0 0 0 0 0 0 0 0 0 0 0 0 0 0 0 0 0 0 0 0 0 0 0 0 0 
0 0 0 0 13 19 12 13 16 11 15 12 13 14 11 11 20 20 10 17 0 0 0 0 20 20 13 18 0 0 0 0 20 18 10 10 18 20 17 18 12 14 16 15 14 15 18 17 18 15 17 14 15 13 18 14 0 0 0 0 
0 0 0 0 0 0 0 0 0 0 0 0 16 18 18 14 12 13 14 17 0 0 0 0 0 0 0 0 0 0 0 0 0 0 0 0 0 0 0 0 0 0 0 0 0 0 0 0 0 0 0 0 0 0 0 0 0 0 0 0 
0 0 0 0 0 0 0 0 0 0 0 0 0 0 0 0 19 11 20 17 0 0 0 0 0 0 0 0 0 0 0 0 0 0 0 0 0 0 0 0 0 0 0 0 16 14 15 15 12 12 16 11 0 0 0 0 0 0 0 0 
0 0 0 0 0 0 0 0 0 0 0 0 0 0 0 0 0 0 0 0 0 0 0 0 0 0 0 0 0 0 0 0 0 0 0 0 0 0 0 0 0 0 0 0 0 0 0 0 0 0 0 0 0 0 0 0 10 16 17 13 
14 17 16 12 0 0 0 0 0 0 0 0 0 0 0 0 0 0 0 0 0 0 0 0 0 0 0 0 0 0 0 0 0 0 0 0 0 0 0 0 0 0 0 0 0 0 0 0 0 0 0 0 0 0 0 0 0 0 0 0 
0 0 0 0 14 17 15 15 11 17 20 14 14 19 10 15 14 12 11 18 0 0 0 0 20 16 12 20 0 0 0 0 19 14 20 20 0 0 0 0 0 0 0 0 11 19 13 18 0 0 0 0 14 10 20 10 0 0 0 0 
0 0 0 0 0 0 0 0 0 0 0 0 18 19 19 18 0 0 0 0 0 0 0 0 0 0 0 0 16 17 15 20 0 0 0 0 0 0 0 0 0 0 0 0 0 0 0 0 0 0 0 0 0 0 0 0 0 0 0 0 
0 0 0 0 15 15 18 16 11 11 20 15 0 0 0 0 13 16 10 20 0 0 0 0 12 18 19 12 17 10 17 14 14 12 20 20 12 10 16 20 12 17 19 10 0 0 0 0 0 0 0 0 0 0 0 0 0 0 0 0 
0 0 0 0 0 0 0 0 0 0 0 0 0 0 0 0 0 0 0 0 0 0 0 0 0 0 0 0 0 0 0 0 0 0 0 0 0 0 0 0 0 0 0 0 0 0 0 0 0 0 0 0 0 0 0 0 16 18 17 11 
14 14 10 20 0 0 0 0 0 0 0 0 0 0 0 0 0 0 0 0 0 0 0 0 0 0 0 0 0 0 0 0 0 0 0 0 0 0 0 0 0 0 0 0 0 0 0 0 0 0 0 0 0 0 0 0 0 0 0 0 
0 0 0 0 20 10 15 13 0 0 0 0 0 0 0 0 11 13 10 17 0 0 0 0 0 0 0 0 19 19 11 16 10 16 16 19 0 0 0 0 0 0 0 0 19 13 14 11 14 16 17 17 0 0 0 0 0 0 0 0 
0 0 0 0 10 12 14 16 13 17 16 20 10 15 10 14 16 12 20 10 11 14 20 15 10 14 15 12 17 10 12 18 12 10 13 13 10 14 19 12 0 0 0 0 16 20 14 12 13 12 17 11 18 20 20 14 0 0 0 0 
0 0 0 0 0 0 0 0 19 10 13 18 20 17 12 17 12 18 16 18 15 16 13 12 18 13 18 19 17 17 13 13 11 12 14 20 14 16 12 14 0 0 0 0 14 20 11 10 12 17 16 17 11 19 19 17 0 0 0 0 
0 0 0 0 0 0 0 0 0 0 0 0 0 0 0 0 0 0 0 0 0 0 0 0 0 0 0 0 0 0 0 0 0 0 0 0 0 0 0 0 0 0 0 0 0 0 0 0 0 0 0 0 0 0 0 0 19 14 10 14 
15 16 13 16 0 0 0 0 0 0 0 0 0 0 0 0 0 0 0 0 0 0 0 0 0 0 0 0 0 0 0 0 0 0 0 0 0 0 0 0 0 0 0 0 0 0 0 0 0 0 0 0 0 0 0 0 0 0 0 0 
0 0 0 0 11 12 18 15 0 0 0 0 0 0 0 0 18 20 10 14 0 0 0 0 16 11 12 17 13 19 19 13 16 19 19 20 19 10 20 10 19 18 10 11 12 10 19 10 0 0 0 0 17 20 13 15 0 0 0 0 
0 0 0 0 0 0 0 0 0 0 0 0 20 16 10 18 0 0 0 0 19 12 15 18 0 0 0 0 0 0 0 0 11 15 14 18 0 0 0 0 0 0 0 0 0 0 0 0 0 0 0 0 16 10 14 16 0 0 0 0 
0 0 0 0 0 0 0 0 0 0 0 0 0 0 0 0 0 0 0 0 0 0 0 0 0 0 0 0 0 0 0 0 16 10 17 20 0 0 0 0 0 0 0 0 0 0 0 0 0 0 0 0 0 0 0 0 0 0 0 0 
0 0 0 0 0 0 0 0 0 0 0 0 0 0 0 0 0 0 0 0 0 0 0 0 0 0 0 0 0 0 0 0 0 0 0 0 0 0 0 0 0 0 0 0 0 0 0 0 0 0 0 0 0 0 0 0 20 10 20 11 
12 12 15 15 0 0 0 0 0 0 0 0 0 0 0 0 0 0 0 0 0 0 0 0 0 0 0 0 0 0 0 0 0 0 0 0 0 0 0 0 0 0 0 0 0 0 0 0 0 0 0 0 0 0 0 0 0 0 0 0 
0 0 0 0 0 0 0 0 0 0 0 0 13 18 11 17 0 0 0 0 0 0 0 0 0 0 0 0 0 0 0 0 19 10 15 11 0 0 0 0 17 14 15 12 15 13 18 10 0 0 0 0 0 0 0 0 0 0 0 0 
0 0 0 0 0 0 0 0 0 0 0 0 0 0 0 0 19 12 16 16 13 10 15 20 0 0 0 0 12 16 12 16 19 15 15 16 0 0 0 0 0 0 0 0 0 0 0 0 18 11 14 19 16 19 20 17 0 0 0 0 
0 0 0 0 10 12 16 12 10 16 15 12 18 17 15 20 0 0 0 0 0 0 0 0 0 0 0 0 10 18 16 11 0 0 0 0 0 0 0 0 14 14 12 12 15 20 12 10 14 19 14 19 0 0 0 0 0 0 0 0 
0 0 0 0 0 0 0 0 0 0 0 0 0 0 0 0 0 0 0 0 0 0 0 0 0 0 0 0 0 0 0 0 0 0 0 0 0 0 0 0 0 0 0 0 0 0 0 0 0 0 0 0 0 0 0 0 18 16 15 13 
14 19 12 15 0 0 0 0 0 0 0 0 0 0 0 0 0 0 0 0 0 0 0 0 0 0 0 0 0 0 0 0 0 0 0 0 0 0 0 0 0 0 0 0 0 0 0 0 0 0 0 0 0 0 0 0 0 0 0 0 
0 0 0 0 0 0 0 0 0 0 0 0 0 0 0 0 0 0 0 0 0 0 0 0 14 20 20 16 0 0 0 0 0 0 0 0 0 0 0 0 0 0 0 0 0 0 0 0 0 0 0 0 0 0 0 0 0 0 0 0 
0 0 0 0 0 0 0 0 0 0 0 0 0 0 0 0 0 0 0 0 0 0 0 0 0 0 0 0 12 15 16 18 0 0 0 0 12 16 14 16 0 0 0 0 0 0 0 0 0 0 0 0 15 13 15 18 0 0 0 0 
0 0 0 0 19 15 11 14 13 13 14 19 0 0 0 0 0 0 0 0 0 0 0 0 19 17 12 11 17 20 12 16 15 11 18 16 0 0 0 0 0 0 0 0 12 20 14 20 0 0 0 0 19 10 10 20 0 0 0 0 
0 0 0 0 0 0 0 0 0 0 0 0 0 0 0 0 0 0 0 0 0 0 0 0 0 0 0 0 0 0 0 0 0 0 0 0 0 0 0 0 0 0 0 0 0 0 0 0 0 0 0 0 0 0 0 0 10 11 11 13 
16 18 13 15 0 0 0 0 0 0 0 0 0 0 0 0 0 0 0 0 0 0 0 0 0 0 0 0 0 0 0 0 0 0 0 0 0 0 0 0 0 0 0 0 0 0 0 0 0 0 0 0 0 0 0 0 0 0 0 0 
0 0 0 0 0 0 0 0 20 16 11 16 0 0 0 0 10 13 13 14 0 0 0 0 10 18 11 16 13 14 15 16 0 0 0 0 0 0 0 0 17 14 11 14 17 15 14 15 18 10 19 17 11 15 17 13 0 0 0 0 
0 0 0 0 0 0 0 0 0 0 0 0 0 0 0 0 10 17 19 10 0 0 0 0 0 0 0 0 0 0 0 0 0 0 0 0 0 0 0 0 15 11 19 18 0 0 0 0 0 0 0 0 0 0 0 0 0 0 0 0 
0 0 0 0 0 0 0 0 0 0 0 0 0 0 0 0 0 0 0 0 0 0 0 0 0 0 0 0 19 20 20 14 0 0 0 0 0 0 0 0 13 18 19 20 10 10 11 19 0 0 0 0 0 0 0 0 0 0 0 0 
0 0 0 0 0 0 0 0 0 0 0 0 0 0 0 0 0 0 0 0 0 0 0 0 0 0 0 0 0 0 0 0 0 0 0 0 0 0 0 0 0 0 0 0 0 0 0 0 0 0 0 0 0 0 0 0 17 13 17 11 
13 20 20 12 0 0 0 0 0 0 0 0 0 0 0 0 0 0 0 0 0 0 0 0 0 0 0 0 0 0 0 0 0 0 0 0 0 0 0 0 0 0 0 0 0 0 0 0 0 0 0 0 0 0 0 0 0 0 0 0 
0 0 0 0 0 0 0 0 12 17 12 18 0 0 0 0 0 0 0 0 0 0 0 0 0 0 0 0 12 16 17 12 18 19 10 10 20 14 11 20 0 0 0 0 18 15 10 18 0 0 0 0 0 0 0 0 0 0 0 0 
0 0 0 0 18 11 13 20 12 20 11 11 12 10 12 13 0 0 0 0 20 13 13 12 12 13 20 14 16 13 11 13 11 19 16 13 20 17 17 10 14 18 20 14 14 17 17 14 12 18 16 14 16 20 10 17 0 0 0 0 
0 0 0 0 19 11 10 10 0 0 0 0 0 0 0 0 20 13 12 18 12 14 19 15 0 0 0 0 20 12 19 11 10 10 15 13 0 0 0 0 0 0 0 0 0 0 0 0 0 0 0 0 0 0 0 0 0 0 0 0 
0 0 0 0 0 0 0 0 0 0 0 0 0 0 0 0 0 0 0 0 0 0 0 0 0 0 0 0 0 0 0 0 0 0 0 0 0 0 0 0 0 0 0 0 0 0 0 0 0 0 0 0 0 0 0 0 14 10 11 18 
18 19 11 12 0 0 0 0 0 0 0 0 0 0 0 0 0 0 0 0 0 0 0 0 0 0 0 0 0 0 0 0 0 0 0 0 0 0 0 0 0 0 0 0 0 0 0 0 0 0 0 0 0 0 0 0 0 0 0 0 
0 0 0 0 10 14 11 10 0 0 0 0 0 0 0 0 14 17 20 11 0 0 0 0 14 19 11 17 0 0 0 0 0 0 0 0 18 12 19 17 10 10 13 19 0 0 0 0 12 15 10 11 10 16 12 15 0 0 0 0 
0 0 0 0 0 0 0 0 0 0 0 0 11 14 17 16 0 0 0 0 0 0 0 0 12 11 18 19 0 0 0 0 11 15 18 20 0 0 0 0 10 10 14 11 0 0 0 0 0 0 0 0 18 20 13 10 0 0 0 0 
0 0 0 0 13 20 18 18 0 0 0 0 15 16 19 12 10 20 18 20 0 0 0 0 0 0 0 0 0 0 0 0 0 0 0 0 0 0 0 0 0 0 0 0 0 0 0 0 0 0 0 0 0 0 0 0 0 0 0 0 
0 0 0 0 0 0 0 0 0 0 0 0 0 0 0 0 0 0 0 0 0 0 0 0 0 0 0 0 0 0 0 0 0 0 0 0 0 0 0 0 0 0 0 0 0 0 0 0 0 0 0 0 0 0 0 0 20 10 18 20 
16 13 20 15 0 0 0 0 0 0 0 0 0 0 0 0 0 0 0 0 0 0 0 0 0 0 0 0 0 0 0 0 0 0 0 0 0 0 0 0 0 0 0 0 0 0 0 0 0 0 0 0 0 0 0 0 0 0 0 0 
0 0 0 0 17 11 17 11 0 0 0 0 0 0 0 0 0 0 0 0 13 12 11 19 18 14 13 12 0 0 0 0 0 0 0 0 0 0 0 0 0 0 0 0 15 19 11 13 0 0 0 0 14 20 17 18 0 0 0 0 
0 0 0 0 17 17 14 11 10 20 15 11 19 16 11 10 13 15 17 14 0 0 0 0 0 0 0 0 0 0 0 0 16 19 18 14 0 0 0 0 0 0 0 0 0 0 0 0 18 11 19 18 16 12 18 13 0 0 0 0 
0 0 0 0 0 0 0 0 0 0 0 0 0 0 0 0 0 0 0 0 19 15 11 19 10 10 13 14 12 11 20 17 0 0 0 0 0 0 0 0 10 19 10 10 0 0 0 0 0 0 0 0 0 0 0 0 0 0 0 0 
0 0 0 0 0 0 0 0 0 0 0 0 0 0 0 0 0 0 0 0 0 0 0 0 0 0 0 0 0 0 0 0 0 0 0 0 0 0 0 0 0 0 0 0 0 0 0 0 0 0 0 0 0 0 0 0 16 13 12 12 
18 12 16 15 0 0 0 0 0 0 0 0 0 0 0 0 0 0 0 0 0 0 0 0 0 0 0 0 0 0 0 0 0 0 0 0 0 0 0 0 0 0 0 0 0 0 0 0 0 0 0 0 0 0 0 0 0 0 0 0 
0 0 0 0 17 11 18 13 13 13 16 18 13 16 10 18 16 20 10 20 12 18 15 10 18 10 14 20 18 19 11 15 12 15 18 19 12 18 11 17 13 10 13 12 13 15 15 17 14 19 20 16 16 20 12 18 0 0 0 0 
0 0 0 0 19 11 19 15 0 0 0 0 0 0 0 0 0 0 0 0 0 0 0 0 0 0 0 0 0 0 0 0 10 15 20 13 0 0 0 0 0 0 0 0 0 0 0 0 0 0 0 0 11 18 20 20 0 0 0 0 
0 0 0 0 0 0 0 0 0 0 0 0 18 18 19 11 12 20 12 17 0 0 0 0 19 13 16 14 0 0 0 0 15 15 19 14 16 20 18 19 20 17 12 13 0 0 0 0 0 0 0 0 0 0 0 0 0 0 0 0 
0 0 0 0 0 0 0 0 0 0 0 0 0 0 0 0 0 0 0 0 0 0 0 0 0 0 0 0 0 0 0 0 0 0 0 0 0 0 0 0 0 0 0 0 0 0 0 0 0 0 0 0 0 0 0 0 10 14 15 20 
14 18 12 13 0 0 0 0 0 0 0 0 0 0 0 0 0 0 0 0 0 0 0 0 0 0 0 0 0 0 0 0 0 0 0 0 0 0 0 0 0 0 0 0 0 0 0 0 0 0 0 0 0 0 0 0 0 0 0 0 
0 0 0 0 14 15 10 19 15 16 20 16 19 14 11 10 16 17 10 12 12 15 11 10 18 15 18 17 17 13 10 19 19 19 10 12 12 11 16 12 0 0 0 0 19 17 16 16 11 18 17 14 10 12 16 11 0 0 0 0 
0 0 0 0 0 0 0 0 0 0 0 0 20 12 16 13 15 19 17 13 19 13 11 10 17 18 11 18 0 0 0 0 12 17 15 19 19 17 13 12 17 10 14 18 13 20 10 15 18 17 18 18 13 14 15 17 0 0 0 0 
0 0 0 0 0 0 0 0 0 0 0 0 0 0 0 0 13 18 12 15 14 12 14 10 0 0 0 0 11 13 11 14 11 15 11 18 0 0 0 0 18 16 15 20 0 0 0 0 0 0 0 0 0 0 0 0 0 0 0 0 
0 0 0 0 0 0 0 0 0 0 0 0 0 0 0 0 0 0 0 0 0 0 0 0 0 0 0 0 0 0 0 0 0 0 0 0 0 0 0 0 0 0 0 0 0 0 0 0 0 0 0 0 0 0 0 0 16 20 18 17 
17 10 13 14 0 0 0 0 0 0 0 0 0 0 0 0 0 0 0 0 0 0 0 0 0 0 0 0 0 0 0 0 0 0 0 0 0 0 0 0 0 0 0 0 0 0 0 0 0 0 0 0 0 0 0 0 0 0 0 0 
0 0 0 0 18 12 19 11 0 0 0 0 0 0 0 0 0 0 0 0 0 0 0 0 0 0 0 0 0 0 0 0 0 0 0 0 19 19 12 13 0 0 0 0 13 16 14 16 0 0 0 0 0 0 0 0 0 0 0 0 
0 0 0 0 0 0 0 0 0 0 0 0 0 0 0 0 19 13 12 17 0 0 0 0 0 0 0 0 0 0 0 0 0 0 0 0 19 11 20 11 0 0 0 0 17 18 18 19 0 0 0 0 15 16 19 12 0 0 0 0 
0 0 0 0 13 13 10 17 0 0 0 0 16 17 10 15 0 0 0 0 15 16 19 12 20 11 11 14 17 12 19 20 12 13 18 18 17 11 13 17 16 19 13 11 13 14 13 10 16 17 14 16 17 20 13 19 0 0 0 0 
0 0 0 0 0 0 0 0 0 0 0 0 0 0 0 0 0 0 0 0 0 0 0 0 0 0 0 0 0 0 0 0 0 0 0 0 0 0 0 0 0 0 0 0 0 0 0 0 0 0 0 0 0 0 0 0 10 16 17 10 
11 13 19 17 0 0 0 0 0 0 0 0 0 0 0 0 0 0 0 0 0 0 0 0 0 0 0 0 0 0 0 0 0 0 0 0 0 0 0 0 0 0 0 0 0 0 0 0 0 0 0 0 0 0 0 0 0 0 0 0 
0 0 0 0 15 11 15 13 0 0 0 0 11 17 16 13 12 16 19 14 0 0 0 0 16 18 13 13 18 11 17 17 0 0 0 0 11 11 20 12 20 15 20 10 0 0 0 0 0 0 0 0 0 0 0 0 0 0 0 0 
0 0 0 0 0 0 0 0 14 14 13 18 13 16 18 13 13 17 16 15 17 12 15 17 13 10 14 11 20 18 12 10 15 19 13 11 0 0 0 0 17 11 14 10 0 0 0 0 11 18 18 18 0 0 0 0 0 0 0 0 
0 0 0 0 0 0 0 0 11 18 12 12 0 0 0 0 18 17 15 13 19 13 11 19 20 17 18 12 11 17 17 13 17 11 11 19 0 0 0 0 0 0 0 0 0 0 0 0 10 16 20 15 18 14 14 15 0 0 0 0 
0 0 0 0 0 0 0 0 0 0 0 0 0 0 0 0 0 0 0 0 0 0 0 0 0 0 0 0 0 0 0 0 0 0 0 0 0 0 0 0 0 0 0 0 0 0 0 0 0 0 0 0 0 0 0 0 14 18 18 20 
18 20 10 18 0 0 0 0 0 0 0 0 0 0 0 0 0 0 0 0 0 0 0 0 0 0 0 0 0 0 0 0 0 0 0 0 0 0 0 0 0 0 0 0 0 0 0 0 0 0 0 0 0 0 0 0 0 0 0 0 
0 0 0 0 19 20 20 13 0 0 0 0 11 12 13 10 0 0 0 0 10 20 15 18 16 11 19 12 0 0 0 0 0 0 0 0 15 10 12 11 10 17 15 11 16 13 18 15 15 13 19 11 0 0 0 0 0 0 0 0 
0 0 0 0 10 17 18 13 16 12 15 13 11 11 14 13 0 0 0 0 0 0 0 0 17 19 10 17 17 13 11 20 13 18 17 20 12 20 16 10 18 10 16 17 13 19 19 20 12 11 17 16 14 10 20 17 0 0 0 0 
0 0 0 0 0 0 0 0 16 14 19 13 13 18 20 17 0 0 0 0 0 0 0 0 20 17 20 12 0 0 0 0 11 17 19 13 17 14 16 17 0 0 0 0 17 12 13 18 20 13 19 15 10 11 16 12 0 0 0 0 
0 0 0 0 0 0 0 0 0 0 0 0 0 0 0 0 0 0 0 0 0 0 0 0 0 0 0 0 0 0 0 0 0 0 0 0 0 0 0 0 0 0 0 0 0 0 0 0 0 0 0 0 0 0 0 0 12 20 11 18 
19 15 14 13 0 0 0 0 0 0 0 0 0 0 0 0 0 0 0 0 0 0 0 0 0 0 0 0 0 0 0 0 0 0 0 0 0 0 0 0 0 0 0 0 0 0 0 0 0 0 0 0 0 0 0 0 0 0 0 0 
0 0 0 0 15 16 19 18 11 17 11 19 12 16 11 19 17 16 10 16 10 13 15 18 16 17 17 18 17 16 18 13 14 18 11 15 20 14 20 14 0 0 0 0 0 0 0 0 0 0 0 0 12 16 18 16 0 0 0 0 
0 0 0 0 17 13 19 12 10 14 15 17 13 19 17 15 16 18 10 20 17 18 10 15 12 10 12 18 16 18 16 10 16 15 11 11 11 12 14 18 17 17 13 12 0 0 0 0 16 13 16 15 15 10 20 19 0 0 0 0 
0 0 0 0 0 0 0 0 0 0 0 0 0 0 0 0 0 0 0 0 0 0 0 0 0 0 0 0 0 0 0 0 0 0 0 0 0 0 0 0 0 0 0 0 0 0 0 0 0 0 0 0 15 17 12 18 0 0 0 0 
0 0 0 0 0 0 0 0 0 0 0 0 0 0 0 0 0 0 0 0 0 0 0 0 0 0 0 0 0 0 0 0 0 0 0 0 0 0 0 0 0 0 0 0 0 0 0 0 0 0 0 0 0 0 0 0 19 10 11 13 
15 15 20 20 0 0 0 0 0 0 0 0 0 0 0 0 0 0 0 0 0 0 0 0 0 0 0 0 0 0 0 0 0 0 0 0 0 0 0 0 0 0 0 0 0 0 0 0 0 0 0 0 0 0 0 0 0 0 0 0 
0 0 0 0 0 0 0 0 0 0 0 0 0 0 0 0 0 0 0 0 0 0 0 0 0 0 0 0 11 17 10 14 0 0 0 0 0 0 0 0 0 0 0 0 0 0 0 0 0 0 0 0 0 0 0 0 0 0 0 0 
0 0 0 0 0 0 0 0 10 17 15 17 0 0 0 0 0 0 0 0 0 0 0 0 0 0 0 0 0 0 0 0 0 0 0 0 0 0 0 0 0 0 0 0 0 0 0 0 15 11 17 15 0 0 0 0 0 0 0 0 
0 0 0 0 17 10 18 15 10 18 11 14 19 12 19 15 17 19 18 12 14 12 17 14 0 0 0 0 15 17 17 17 0 0 0 0 13 10 20 19 18 15 14 19 12 18 20 14 15 11 16 20 15 17 19 12 0 0 0 0 
0 0 0 0 0 0 0 0 0 0 0 0 0 0 0 0 0 0 0 0 0 0 0 0 0 0 0 0 0 0 0 0 0 0 0 0 0 0 0 0 0 0 0 0 0 0 0 0 0 0 0 0 0 0 0 0 11 20 12 19 
18 12 14 10 0 0 0 0 0 0 0 0 0 0 0 0 0 0 0 0 0 0 0 0 0 0 0 0 0 0 0 0 0 0 0 0 0 0 0 0 0 0 0 0 0 0 0 0 0 0 0 0 0 0 0 0 0 0 0 0 
0 0 0 0 0 0 0 0 20 16 17 15 20 16 19 13 13 20 20 18 11 10 17 16 12 17 19 10 0 0 0 0 12 11 13 14 16 17 10 11 20 18 20 11 13 17 15 14 11 13 16 10 10 10 20 18 0 0 0 0 
0 0 0 0 11 12 12 18 0 0 0 0 0 0 0 0 0 0 0 0 0 0 0 0 0 0 0 0 0 0 0 0 0 0 0 0 0 0 0 0 0 0 0 0 0 0 0 0 0 0 0 0 0 0 0 0 0 0 0 0 
0 0 0 0 17 19 16 18 16 10 15 13 0 0 0 0 17 19 15 17 0 0 0 0 0 0 0 0 0 0 0 0 18 13 20 12 10 19 20 10 11 10 12 17 14 12 11 18 10 12 12 10 16 17 19 20 0 0 0 0 
0 0 0 0 0 0 0 0 0 0 0 0 0 0 0 0 0 0 0 0 0 0 0 0 0 0 0 0 0 0 0 0 0 0 0 0 0 0 0 0 0 0 0 0 0 0 0 0 0 0 0 0 0 0 0 0 17 16 16 12 
10 19 18 18 0 0 0 0 0 0 0 0 0 0 0 0 0 0 0 0 0 0 0 0 0 0 0 0 0 0 0 0 0 0 0 0 0 0 0 0 0 0 0 0 0 0 0 0 0 0 0 0 0 0 0 0 0 0 0 0 
0 0 0 0 0 0 0 0 0 0 0 0 0 0 0 0 0 0 0 0 16 12 11 20 17 11 12 16 14 19 12 15 0 0 0 0 11 14 19 20 14 20 10 20 13 13 11 14 11 19 12 12 13 20 14 17 0 0 0 0 
0 0 0 0 11 16 13 13 0 0 0 0 16 15 10 13 0 0 0 0 0 0 0 0 0 0 0 0 0 0 0 0 15 10 11 16 0 0 0 0 0 0 0 0 0 0 0 0 0 0 0 0 0 0 0 0 0 0 0 0 
0 0 0 0 15 13 15 10 0 0 0 0 0 0 0 0 15 18 19 13 0 0 0 0 14 14 13 11 0 0 0 0 11 11 10 20 0 0 0 0 14 13 19 17 15 14 14 20 0 0 0 0 0 0 0 0 0 0 0 0 
0 0 0 0 0 0 0 0 0 0 0 0 0 0 0 0 0 0 0 0 0 0 0 0 0 0 0 0 0 0 0 0 0 0 0 0 0 0 0 0 0 0 0 0 0 0 0 0 0 0 0 0 0 0 0 0 13 17 10 10 
20 11 18 18 0 0 0 0 0 0 0 0 0 0 0 0 0 0 0 0 0 0 0 0 0 0 0 0 0 0 0 0 0 0 0 0 0 0 0 0 0 0 0 0 0 0 0 0 0 0 0 0 0 0 0 0 0 0 0 0 
0 0 0 0 13 20 18 15 0 0 0 0 10 14 11 19 18 19 13 17 0 0 0 0 11 15 13 18 0 0 0 0 10 14 19 18 19 16 14 14 15 19 13 11 0 0 0 0 0 0 0 0 11 10 15 11 0 0 0 0 
0 0 0 0 12 16 18 11 0 0 0 0 11 17 10 13 18 20 10 18 0 0 0 0 10 11 18 12 10 17 16 18 0 0 0 0 0 0 0 0 0 0 0 0 0 0 0 0 17 13 16 12 12 14 12 17 0 0 0 0 
0 0 0 0 14 16 18 13 13 13 13 20 14 13 18 14 0 0 0 0 20 11 10 14 0 0 0 0 0 0 0 0 16 14 13 17 0 0 0 0 18 12 11 11 0 0 0 0 12 17 17 15 11 12 18 19 0 0 0 0 
0 0 0 0 0 0 0 0 0 0 0 0 0 0 0 0 0 0 0 0 0 0 0 0 0 0 0 0 0 0 0 0 0 0 0 0 0 0 0 0 0 0 0 0 0 0 0 0 0 0 0 0 0 0 0 0 12 17 12 10 
15 17 12 11 0 0 0 0 0 0 0 0 0 0 0 0 0 0 0 0 0 0 0 0 0 0 0 0 0 0 0 0 0 0 0 0 0 0 0 0 0 0 0 0 0 0 0 0 0 0 0 0 0 0 0 0 0 0 0 0 
0 0 0 0 18 20 12 14 15 20 18 11 17 14 13 16 19 16 11 15 19 13 13 19 0 0 0 0 0 0 0 0 0 0 0 0 0 0 0 0 0 0 0 0 0 0 0 0 0 0 0 0 11 16 17 12 0 0 0 0 
0 0 0 0 13 12 16 17 10 13 11 17 0 0 0 0 0 0 0 0 11 20 19 10 18 17 11 17 15 13 17 16 11 16 14 18 0 0 0 0 17 15 15 10 15 16 13 10 10 18 20 13 20 13 15 15 0 0 0 0 
0 0 0 0 0 0 0 0 0 0 0 0 10 11 10 19 0 0 0 0 12 10 10 13 20 15 10 16 16 13 11 12 14 18 14 13 11 18 10 10 0 0 0 0 16 10 10 19 19 17 17 11 14 20 11 18 0 0 0 0 
0 0 0 0 0 0 0 0 0 0 0 0 0 0 0 0 0 0 0 0 0 0 0 0 0 0 0 0 0 0 0 0 0 0 0 0 0 0 0 0 0 0 0 0 0 0 0 0 0 0 0 0 0 0 0 0 10 17 19 11 
12 10 20 10 0 0 0 0 0 0 0 0 0 0 0 0 0 0 0 0 0 0 0 0 0 0 0 0 0 0 0 0 0 0 0 0 0 0 0 0 0 0 0 0 0 0 0 0 0 0 0 0 0 0 0 0 0 0 0 0 
0 0 0 0 0 0 0 0 15 20 13 12 0 0 0 0 0 0 0 0 0 0 0 0 0 0 0 0 11 14 11 10 0 0 0 0 0 0 0 0 20 14 16 14 17 15 12 15 0 0 0 0 0 0 0 0 0 0 0 0 
0 0 0 0 11 17 13 18 14 17 15 16 13 19 12 13 17 17 12 19 15 18 14 17 13 11 12 17 13 10 11 15 14 12 14 20 16 16 14 12 11 13 14 11 18 14 12 17 11 12 17 18 20 10 16 12 0 0 0 0 
0 0 0 0 0 0 0 0 0 0 0 0 0 0 0 0 0 0 0 0 0 0 0 0 12 14 19 10 20 19 11 11 16 11 13 10 0 0 0 0 0 0 0 0 0 0 0 0 10 14 18 14 0 0 0 0 0 0 0 0 
0 0 0 0 0 0 0 0 0 0 0 0 0 0 0 0 0 0 0 0 0 0 0 0 0 0 0 0 0 0 0 0 0 0 0 0 0 0 0 0 0 0 0 0 0 0 0 0 0 0 0 0 0 0 0 0 12 14 17 12 
13 16 15 12 0 0 0 0 0 0 0 0 0 0 0 0 0 0 0 0 0 0 0 0 0 0 0 0 0 0 0 0 0 0 0 0 0 0 0 0 0 0 0 0 0 0 0 0 0 0 0 0 0 0 0 0 0 0 0 0 
0 0 0 0 0 0 0 0 11 18 15 12 0 0 0 0 0 0 0 0 0 0 0 0 0 0 0 0 0 0 0 0 0 0 0 0 0 0 0 0 0 0 0 0 14 20 12 17 0 0 0 0 0 0 0 0 0 0 0 0 
0 0 0 0 0 0 0 0 0 0 0 0 13 20 16 17 11 15 14 16 0 0 0 0 15 20 16 17 0 0 0 0 10 16 17 19 0 0 0 0 0 0 0 0 0 0 0 0 0 0 0 0 10 10 13 16 0 0 0 0 
0 0 0 0 15 15 14 20 13 11 15 20 0 0 0 0 11 11 17 17 12 19 17 14 0 0 0 0 0 0 0 0 15 18 14 14 0 0 0 0 11 18 11 15 0 0 0 0 17 13 11 14 10 14 17 19 0 0 0 0 
0 0 0 0 0 0 0 0 0 0 0 0 0 0 0 0 0 0 0 0 0 0 0 0 0 0 0 0 0 0 0 0 0 0 0 0 0 0 0 0 0 0 0 0 0 0 0 0 0 0 0 0 0 0 0 0 10 13 17 16 
17 11 13 12 0 0 0 0 0 0 0 0 0 0 0 0 0 0 0 0 0 0 0 0 0 0 0 0 0 0 0 0 0 0 0 0 0 0 0 0 0 0 0 0 0 0 0 0 0 0 0 0 0 0 0 0 0 0 0 0 
0 0 0 0 12 17 18 16 14 17 18 19 12 13 10 12 17 16 15 14 14 20 13 19 12 17 20 20 17 10 15 20 0 0 0 0 19 11 14 15 16 12 11 20 17 14 10 18 11 18 10 16 15 19 14 15 0 0 0 0 
0 0 0 0 19 20 18 16 20 17 11 12 0 0 0 0 0 0 0 0 0 0 0 0 0 0 0 0 0 0 0 0 10 14 19 17 0 0 0 0 0 0 0 0 14 14 11 11 0 0 0 0 0 0 0 0 0 0 0 0 
0 0 0 0 0 0 0 0 19 15 16 15 0 0 0 0 0 0 0 0 0 0 0 0 14 13 14 20 11 16 13 18 0 0 0 0 0 0 0 0 0 0 0 0 0 0 0 0 0 0 0 0 0 0 0 0 0 0 0 0 
0 0 0 0 0 0 0 0 0 0 0 0 0 0 0 0 0 0 0 0 0 0 0 0 0 0 0 0 0 0 0 0 0 0 0 0 0 0 0 0 0 0 0 0 0 0 0 0 0 0 0 0 0 0 0 0 13 11 20 11 
12 11 11 12 0 0 0 0 0 0 0 0 0 0 0 0 0 0 0 0 0 0 0 0 0 0 0 0 0 0 0 0 0 0 0 0 0 0 0 0 0 0 0 0 0 0 0 0 0 0 0 0 0 0 0 0 0 0 0 0 
0 0 0 0 0 0 0 0 0 0 0 0 0 0 0 0 0 0 0 0 0 0 0 0 15 15 12 20 0 0 0 0 0 0 0 0 11 15 17 11 0 0 0 0 0 0 0 0 16 18 13 12 0 0 0 0 0 0 0 0 
0 0 0 0 19 15 14 19 15 10 20 20 15 14 10 18 0 0 0 0 13 11 12 17 19 17 11 20 19 14 15 20 0 0 0 0 20 10 14 15 0 0 0 0 20 14 19 11 13 19 16 12 13 16 19 16 0 0 0 0 
0 0 0 0 0 0 0 0 18 15 20 11 17 19 17 15 13 12 14 14 0 0 0 0 0 0 0 0 0 0 0 0 0 0 0 0 0 0 0 0 0 0 0 0 20 15 11 15 0 0 0 0 10 14 17 16 0 0 0 0 
0 0 0 0 0 0 0 0 0 0 0 0 0 0 0 0 0 0 0 0 0 0 0 0 0 0 0 0 0 0 0 0 0 0 0 0 0 0 0 0 0 0 0 0 0 0 0 0 0 0 0 0 0 0 0 0 14 17 19 10 
17 15 10 20 0 0 0 0 0 0 0 0 0 0 0 0 0 0 0 0 0 0 0 0 0 0 0 0 0 0 0 0 0 0 0 0 0 0 0 0 0 0 0 0 0 0 0 0 0 0 0 0 0 0 0 0 0 0 0 0 
0 0 0 0 0 0 0 0 0 0 0 0 0 0 0 0 19 12 16 16 0 0 0 0 0 0 0 0 17 13 17 15 0 0 0 0 0 0 0 0 0 0 0 0 0 0 0 0 0 0 0 0 0 0 0 0 0 0 0 0 
0 0 0 0 0 0 0 0 16 10 18 20 20 19 16 14 18 20 10 20 13 18 13 13 16 20 14 12 10 16 11 10 12 14 10 15 16 20 16 11 11 11 15 14 0 0 0 0 16 10 11 13 13 12 15 17 0 0 0 0 
0 0 0 0 0 0 0 0 0 0 0 0 0 0 0 0 0 0 0 0 0 0 0 0 0 0 0 0 0 0 0 0 0 0 0 0 16 17 17 10 0 0 0 0 0 0 0 0 0 0 0 0 0 0 0 0 0 0 0 0 
0 0 0 0 0 0 0 0 0 0 0 0 0 0 0 0 0 0 0 0 0 0 0 0 0 0 0 0 0 0 0 0 0 0 0 0 0 0 0 0 0 0 0 0 0 0 0 0 0 0 0 0 0 0 0 0 10 16 12 10 
19 14 18 16 0 0 0 0 0 0 0 0 0 0 0 0 0 0 0 0 0 0 0 0 0 0 0 0 0 0 0 0 0 0 0 0 0 0 0 0 0 0 0 0 0 0 0 0 0 0 0 0 0 0 0 0 0 0 0 0 
0 0 0 0 0 0 0 0 0 0 0 0 19 11 11 18 19 20 15 12 10 12 12 15 0 0 0 0 11 11 10 20 0 0 0 0 17 12 19 13 13 15 12 13 19 10 11 11 14 16 20 15 14 18 10 13 0 0 0 0 
0 0 0 0 20 20 16 12 0 0 0 0 0 0 0 0 0 0 0 0 12 20 16 14 0 0 0 0 20 11 10 10 0 0 0 0 18 15 18 15 0 0 0 0 12 15 11 20 0 0 0 0 17 13 16 13 0 0 0 0 
0 0 0 0 20 11 11 20 0 0 0 0 20 18 10 12 10 14 11 14 15 10 11 12 0 0 0 0 16 14 16 10 0 0 0 0 0 0 0 0 0 0 0 0 0 0 0 0 0 0 0 0 18 14 11 16 0 0 0 0 
0 0 0 0 0 0 0 0 0 0 0 0 0 0 0 0 0 0 0 0 0 0 0 0 0 0 0 0 0 0 0 0 0 0 0 0 0 0 0 0 0 0 0 0 0 0 0 0 0 0 0 0 0 0 0 0 13 10 12 16 
13 20 12 19 0 0 0 0 0 0 0 0 0 0 0 0 0 0 0 0 0 0 0 0 0 0 0 0 0 0 0 0 0 0 0 0 0 0 0 0 0 0 0 0 0 0 0 0 0 0 0 0 0 0 0 0 0 0 0 0 
0 0 0 0 20 14 19 19 0 0 0 0 11 18 17 16 11 15 18 14 12 17 12 14 14 17 12 13 10 18 15 16 10 15 10 15 16 16 17 11 0 0 0 0 15 15 16 12 17 20 17 12 19 11 18 19 0 0 0 0 
0 0 0 0 18 20 19 12 17 14 17 15 0 0 0 0 0 0 0 0 19 20 19 20 12 12 12 15 19 11 18 20 15 16 13 19 16 19 18 14 19 14 12 14 13 16 14 10 0 0 0 0 12 12 19 10 0 0 0 0 
0 0 0 0 18 15 11 12 0 0 0 0 0 0 0 0 10 15 19 12 0 0 0 0 0 0 0 0 0 0 0 0 0 0 0 0 0 0 0 0 0 0 0 0 0 0 0 0 0 0 0 0 0 0 0 0 0 0 0 0 
0 0 0 0 0 0 0 0 0 0 0 0 0 0 0 0 0 0 0 0 0 0 0 0 0 0 0 0 0 0 0 0 0 0 0 0 0 0 0 0 0 0 0 0 0 0 0 0 0 0 0 0 0 0 0 0 10 16 15 20 
15 11 12 14 0 0 0 0 0 0 0 0 0 0 0 0 0 0 0 0 0 0 0 0 0 0 0 0 0 0 0 0 0 0 0 0 0 0 0 0 0 0 0 0 0 0 0 0 0 0 0 0 0 0 0 0 0 0 0 0 
0 0 0 0 0 0 0 0 17 15 14 15 20 16 15 13 18 17 13 17 17 18 14 18 0 0 0 0 16 15 18 20 13 16 12 13 20 20 20 18 11 10 14 18 12 19 19 10 20 13 15 11 12 18 14 11 0 0 0 0 
0 0 0 0 12 13 11 11 10 19 16 18 20 10 11 10 14 15 18 18 0 0 0 0 0 0 0 0 16 20 11 14 17 20 10 16 16 14 12 11 20 14 16 11 17 20 15 16 16 17 13 11 14 18 17 19 0 0 0 0 
0 0 0 0 0 0 0 0 0 0 0 0 13 17 12 13 0 0 0 0 16 18 18 12 14 20 16 11 12 20 11 11 14 12 16 12 17 17 17 16 12 16 18 12 19 14 12 18 16 19 16 19 17 19 15 20 0 0 0 0 
0 0 0 0 0 0 0 0 0 0 0 0 0 0 0 0 0 0 0 0 0 0 0 0 0 0 0 0 0 0 0 0 0 0 0 0 0 0 0 0 0 0 0 0 0 0 0 0 0 0 0 0 0 0 0 0 11 15 11 11 
19 19 13 18 0 0 0 0 0 0 0 0 0 0 0 0 0 0 0 0 0 0 0 0 0 0 0 0 0 0 0 0 0 0 0 0 0 0 0 0 0 0 0 0 0 0 0 0 0 0 0 0 0 0 0 0 0 0 0 0 
0 0 0 0 19 11 16 18 16 19 10 20 16 14 12 20 14 19 20 19 15 16 17 17 18 17 19 18 17 19 15 20 14 10 11 20 14 13 13 10 10 14 16 20 17 11 13 12 20 14 14 19 12 19 10 16 0 0 0 0 
0 0 0 0 11 19 17 10 0 0 0 0 0 0 0 0 0 0 0 0 0 0 0 0 20 16 15 17 0 0 0 0 0 0 0 0 12 17 13 18 0 0 0 0 20 15 10 20 0 0 0 0 0 0 0 0 0 0 0 0 
0 0 0 0 16 16 14 14 11 17 18 13 10 20 20 15 0 0 0 0 0 0 0 0 15 20 18 13 16 13 11 19 0 0 0 0 18 11 13 13 0 0 0 0 0 0 0 0 16 10 11 11 0 0 0 0 0 0 0 0 
0 0 0 0 0 0 0 0 0 0 0 0 0 0 0 0 0 0 0 0 0 0 0 0 0 0 0 0 0 0 0 0 0 0 0 0 0 0 0 0 0 0 0 0 0 0 0 0 0 0 0 0 0 0 0 0 11 12 15 19 
11 17 18 17 0 0 0 0 0 0 0 0 0 0 0 0 0 0 0 0 0 0 0 0 0 0 0 0 0 0 0 0 0 0 0 0 0 0 0 0 0 0 0 0 0 0 0 0 0 0 0 0 0 0 0 0 0 0 0 0 
0 0 0 0 20 11 10 16 0 0 0 0 0 0 0 0 0 0 0 0 0 0 0 0 0 0 0 0 0 0 0 0 0 0 0 0 0 0 0 0 0 0 0 0 0 0 0 0 0 0 0 0 0 0 0 0 0 0 0 0 
0 0 0 0 0 0 0 0 0 0 0 0 0 0 0 0 0 0 0 0 0 0 0 0 0 0 0 0 15 18 10 15 0 0 0 0 0 0 0 0 0 0 0 0 0 0 0 0 0 0 0 0 0 0 0 0 0 0 0 0 
0 0 0 0 0 0 0 0 10 15 12 10 0 0 0 0 10 16 16 20 0 0 0 0 0 0 0 0 0 0 0 0 0 0 0 0 0 0 0 0 0 0 0 0 14 13 20 13 19 19 15 12 16 14 20 19 0 0 0 0 
0 0 0 0 0 0 0 0 0 0 0 0 0 0 0 0 0 0 0 0 0 0 0 0 0 0 0 0 0 0 0 0 0 0 0 0 0 0 0 0 0 0 0 0 0 0 0 0 0 0 0 0 0 0 0 0 20 16 11 12 
19 20 12 14 0 0 0 0 0 0 0 0 0 0 0 0 0 0 0 0 0 0 0 0 0 0 0 0 0 0 0 0 0 0 0 0 0 0 0 0 0 0 0 0 0 0 0 0 0 0 0 0 0 0 0 0 0 0 0 0 
0 0 0 0 15 12 13 12 0 0 0 0 20 14 17 13 13 14 10 10 0 0 0 0 19 18 18 13 0 0 0 0 0 0 0 0 0 0 0 0 0 0 0 0 0 0 0 0 16 18 19 15 0 0 0 0 0 0 0 0 
0 0 0 0 0 0 0 0 15 17 11 12 11 14 17 13 12 19 14 16 0 0 0 0 0 0 0 0 10 20 10 16 0 0 0 0 0 0 0 0 14 19 13 11 18 19 14 17 0 0 0 0 0 0 0 0 0 0 0 0 
0 0 0 0 0 0 0 0 0 0 0 0 12 16 17 10 0 0 0 0 0 0 0 0 19 18 13 10 0 0 0 0 0 0 0 0 0 0 0 0 13 10 18 20 0 0 0 0 0 0 0 0 0 0 0 0 0 0 0 0 
0 0 0 0 0 0 0 0 0 0 0 0 0 0 0 0 0 0 0 0 0 0 0 0 0 0 0 0 0 0 0 0 0 0 0 0 0 0 0 0 0 0 0 0 0 0 0 0 0 0 0 0 0 0 0 0 19 10 10 19 
13 17 17 15 0 0 0 0 0 0 0 0 0 0 0 0 0 0 0 0 0 0 0 0 0 0 0 0 0 0 0 0 0 0 0 0 0 0 0 0 0 0 0 0 0 0 0 0 0 0 0 0 0 0 0 0 0 0 0 0 
0 0 0 0 0 0 0 0 18 16 14 13 0 0 0 0 0 0 0 0 0 0 0 0 0 0 0 0 15 17 18 13 0 0 0 0 14 19 18 10 15 13 10 17 15 17 13 11 13 16 17 20 12 14 19 15 0 0 0 0 
0 0 0 0 14 16 10 19 10 10 17 13 11 13 16 20 14 10 11 14 20 17 17 15 20 18 14 10 11 13 12 14 10 15 16 15 14 12 18 12 18 10 20 10 14 18 10 14 14 19 16 10 17 15 15 17 0 0 0 0 
0 0 0 0 10 20 20 20 0 0 0 0 18 18 16 20 0 0 0 0 0 0 0 0 14 16 20 20 0 0 0 0 0 0 0 0 0 0 0 0 0 0 0 0 0 0 0 0 0 0 0 0 0 0 0 0 0 0 0 0 
0 0 0 0 0 0 0 0 0 0 0 0 0 0 0 0 0 0 0 0 0 0 0 0 0 0 0 0 0 0 0 0 0 0 0 0 0 0 0 0 0 0 0 0 0 0 0 0 0 0 0 0 0 0 0 0 16 12 17 14 
11 20 18 16 0 0 0 0 0 0 0 0 0 0 0 0 0 0 0 0 0 0 0 0 0 0 0 0 0 0 0 0 0 0 0 0 0 0 0 0 0 0 0 0 0 0 0 0 0 0 0 0 0 0 0 0 0 0 0 0 
0 0 0 0 0 0 0 0 10 19 11 16 19 12 14 15 0 0 0 0 0 0 0 0 0 0 0 0 0 0 0 0 0 0 0 0 0 0 0 0 0 0 0 0 0 0 0 0 10 19 11 19 0 0 0 0 0 0 0 0 
0 0 0 0 0 0 0 0 20 20 16 15 0 0 0 0 0 0 0 0 0 0 0 0 0 0 0 0 11 12 18 18 0 0 0 0 0 0 0 0 0 0 0 0 19 11 20 14 0 0 0 0 0 0 0 0 0 0 0 0 
0 0 0 0 0 0 0 0 0 0 0 0 0 0 0 0 10 12 20 10 14 11 20 15 0 0 0 0 0 0 0 0 0 0 0 0 0 0 0 0 0 0 0 0 0 0 0 0 0 0 0 0 14 13 17 20 0 0 0 0 
0 0 0 0 0 0 0 0 0 0 0 0 0 0 0 0 0 0 0 0 0 0 0 0 0 0 0 0 0 0 0 0 0 0 0 0 0 0 0 0 0 0 0 0 0 0 0 0 0 0 0 0 0 0 0 0 20 18 17 11 
10 15 18 10 0 0 0 0 0 0 0 0 0 0 0 0 0 0 0 0 0 0 0 0 0 0 0 0 0 0 0 0 0 0 0 0 0 0 0 0 0 0 0 0 0 0 0 0 0 0 0 0 0 0 0 0 0 0 0 0 
0 0 0 0 16 17 16 14 15 16 14 11 12 18 16 11 0 0 0 0 13 19 10 17 0 0 0 0 10 15 13 20 0 0 0 0 18 19 19 18 19 16 14 18 0 0 0 0 0 0 0 0 0 0 0 0 0 0 0 0 
0 0 0 0 16 16 15 19 11 19 13 10 16 11 20 20 11 17 16 18 16 18 17 13 10 13 13 20 12 12 10 13 12 16 14 20 19 16 17 16 12 12 12 14 19 15 12 13 14 15 10 10 16 10 15 20 0 0 0 0 
0 0 0 0 10 14 17 19 0 0 0 0 16 14 17 16 0 0 0 0 11 16 13 18 11 11 17 18 10 19 13 18 13 20 13 13 0 0 0 0 0 0 0 0 0 0 0 0 0 0 0 0 0 0 0 0 0 0 0 0 
0 0 0 0 0 0 0 0 0 0 0 0 0 0 0 0 0 0 0 0 0 0 0 0 0 0 0 0 0 0 0 0 0 0 0 0 0 0 0 0 0 0 0 0 0 0 0 0 0 0 0 0 0 0 0 0 12 13 14 11 
20 10 15 17 0 0 0 0 0 0 0 0 0 0 0 0 0 0 0 0 0 0 0 0 0 0 0 0 0 0 0 0 0 0 0 0 0 0 0 0 0 0 0 0 0 0 0 0 0 0 0 0 0 0 0 0 0 0 0 0 
0 0 0 0 11 18 16 15 14 11 11 15 20 14 11 19 14 11 10 17 13 15 11 19 14 13 15 10 0 0 0 0 19 11 14 17 19 13 20 19 11 11 15 14 0 0 0 0 0 0 0 0 17 19 15 14 0 0 0 0 
0 0 0 0 0 0 0 0 0 0 0 0 20 11 18 10 0 0 0 0 0 0 0 0 0 0 0 0 0 0 0 0 0 0 0 0 0 0 0 0 0 0 0 0 0 0 0 0 0 0 0 0 0 0 0 0 0 0 0 0 
0 0 0 0 0 0 0 0 16 13 20 18 0 0 0 0 15 16 15 19 0 0 0 0 0 0 0 0 19 11 18 18 0 0 0 0 19 10 12 10 0 0 0 0 0 0 0 0 0 0 0 0 0 0 0 0 0 0 0 0 
0 0 0 0 0 0 0 0 0 0 0 0 0 0 0 0 0 0 0 0 0 0 0 0 0 0 0 0 0 0 0 0 0 0 0 0 0 0 0 0 0 0 0 0 0 0 0 0 0 0 0 0 0 0 0 0 20 17 12 10 
14 17 16 13 0 0 0 0 0 0 0 0 0 0 0 0 0 0 0 0 0 0 0 0 0 0 0 0 0 0 0 0 0 0 0 0 0 0 0 0 0 0 0 0 0 0 0 0 0 0 0 0 0 0 0 0 0 0 0 0 
0 0 0 0 0 0 0 0 0 0 0 0 15 16 10 12 0 0 0 0 0 0 0 0 19 20 12 19 13 13 12 18 0 0 0 0 0 0 0 0 0 0 0 0 12 15 13 12 0 0 0 0 12 15 14 14 0 0 0 0 
0 0 0 0 10 11 18 20 19 10 20 13 12 15 18 15 18 12 14 14 14 12 20 19 20 14 12 16 12 19 11 19 12 13 13 13 16 19 15 16 18 11 19 16 14 17 15 12 14 19 17 16 13 17 18 19 0 0 0 0 
0 0 0 0 0 0 0 0 0 0 0 0 0 0 0 0 0 0 0 0 0 0 0 0 0 0 0 0 0 0 0 0 0 0 0 0 0 0 0 0 18 18 12 12 0 0 0 0 0 0 0 0 0 0 0 0 0 0 0 0 
0 0 0 0 0 0 0 0 0 0 0 0 0 0 0 0 0 0 0 0 0 0 0 0 0 0 0 0 0 0 0 0 0 0 0 0 0 0 0 0 0 0 0 0 0 0 0 0 0 0 0 0 0 0 0 0 20 14 19 10 
13 20 18 20 0 0 0 0 0 0 0 0 0 0 0 0 0 0 0 0 0 0 0 0 0 0 0 0 0 0 0 0 0 0 0 0 0 0 0 0 0 0 0 0 0 0 0 0 0 0 0 0 0 0 0 0 0 0 0 0 
0 0 0 0 0 0 0 0 0 0 0 0 0 0 0 0 0 0 0 0 18 13 14 18 0 0 0 0 10 10 16 20 18 18 18 11 0 0 0 0 0 0 0 0 0 0 0 0 0 0 0 0 20 12 17 17 0 0 0 0 
0 0 0 0 19 10 20 13 20 16 10 13 0 0 0 0 0 0 0 0 0 0 0 0 0 0 0 0 0 0 0 0 14 17 12 13 10 20 13 12 14 17 13 16 0 0 0 0 16 11 11 20 12 17 11 17 0 0 0 0 
0 0 0 0 0 0 0 0 16 12 16 20 0 0 0 0 18 19 11 10 11 10 20 13 0 0 0 0 0 0 0 0 12 13 19 18 15 15 17 18 0 0 0 0 15 16 12 10 10 14 11 18 16 14 18 15 0 0 0 0 
0 0 0 0 0 0 0 0 0 0 0 0 0 0 0 0 0 0 0 0 0 0 0 0 0 0 0 0 0 0 0 0 0 0 0 0 0 0 0 0 0 0 0 0 0 0 0 0 0 0 0 0 0 0 0 0 16 14 10 14 
18 11 11 12 0 0 0 0 0 0 0 0 0 0 0 0 0 0 0 0 0 0 0 0 0 0 0 0 0 0 0 0 0 0 0 0 0 0 0 0 0 0 0 0 0 0 0 0 0 0 0 0 0 0 0 0 0 0 0 0 
0 0 0 0 18 20 16 17 10 16 15 18 16 19 15 13 0 0 0 0 11 15 10 12 15 19 15 14 0 0 0 0 0 0 0 0 13 11 10 18 15 16 17 20 11 17 12 13 0 0 0 0 17 20 20 15 0 0 0 0 
0 0 0 0 14 20 20 12 15 16 13 10 18 12 13 20 18 14 11 10 0 0 0 0 16 20 11 11 20 19 15 19 16 20 14 16 16 20 16 14 11 16 19 16 0 0 0 0 19 14 17 13 0 0 0 0 0 0 0 0 
0 0 0 0 0 0 0 0 0 0 0 0 17 15 17 14 0 0 0 0 0 0 0 0 0 0 0 0 0 0 0 0 0 0 0 0 0 0 0 0 0 0 0 0 0 0 0 0 0 0 0 0 0 0 0 0 0 0 0 0 
0 0 0 0 0 0 0 0 0 0 0 0 0 0 0 0 0 0 0 0 0 0 0 0 0 0 0 0 0 0 0 0 0 0 0 0 0 0 0 0 0 0 0 0 0 0 0 0 0 0 0 0 0 0 0 0 12 15 15 12 
18 15 15 18 0 0 0 0 0 0 0 0 0 0 0 0 0 0 0 0 0 0 0 0 0 0 0 0 0 0 0 0 0 0 0 0 0 0 0 0 0 0 0 0 0 0 0 0 0 0 0 0 0 0 0 0 0 0 0 0 
0 0 0 0 18 15 20 14 0 0 0 0 15 16 19 11 0 0 0 0 20 12 10 20 18 14 11 11 0 0 0 0 15 16 19 12 14 17 16 18 14 19 15 14 13 13 14 18 13 10 10 20 15 10 14 19 0 0 0 0 
0 0 0 0 13 13 17 14 0 0 0 0 0 0 0 0 0 0 0 0 19 17 15 15 20 17 11 10 0 0 0 0 0 0 0 0 0 0 0 0 18 14 12 13 0 0 0 0 0 0 0 0 0 0 0 0 0 0 0 0 
0 0 0 0 18 12 19 18 0 0 0 0 19 14 16 13 16 19 12 17 17 15 11 17 13 11 13 14 20 15 16 14 10 17 15 10 13 16 16 18 0 0 0 0 15 20 14 12 19 10 19 20 19 20 16 18 0 0 0 0 
0 0 0 0 0 0 0 0 0 0 0 0 0 0 0 0 0 0 0 0 0 0 0 0 0 0 0 0 0 0 0 0 0 0 0 0 0 0 0 0 0 0 0 0 0 0 0 0 0 0 0 0 0 0 0 0 14 13 13 15 
17 19 13 12 0 0 0 0 0 0 0 0 0 0 0 0 0 0 0 0 0 0 0 0 0 0 0 0 0 0 0 0 0 0 0 0 0 0 0 0 0 0 0 0 0 0 0 0 0 0 0 0 0 0 0 0 0 0 0 0 
0 0 0 0 12 15 12 12 13 15 10 11 17 16 20 18 20 13 13 10 14 14 17 17 11 11 19 10 13 17 11 12 16 16 15 20 18 16 16 17 13 15 18 16 15 10 15 20 14 20 11 16 14 10 14 15 0 0 0 0 
0 0 0 0 17 13 10 20 0 0 0 0 0 0 0 0 0 0 0 0 16 19 19 16 0 0 0 0 0 0 0 0 11 16 17 11 11 17 15 14 13 13 19 19 0 0 0 0 0 0 0 0 0 0 0 0 0 0 0 0 
0 0 0 0 13 15 20 11 16 11 18 11 11 19 11 15 18 16 20 10 20 11 17 12 19 16 18 11 10 12 19 16 10 13 19 10 20 16 13 19 0 0 0 0 15 16 18 17 13 10 19 11 16 20 12 20 0 0 0 0 
0 0 0 0 0 0 0 0 0 0 0 0 0 0 0 0 0 0 0 0 0 0 0 0 0 0 0 0 0 0 0 0 0 0 0 0 0 0 0 0 0 0 0 0 0 0 0 0 0 0 0 0 0 0 0 0 17 20 12 13 
15 15 14 15 0 0 0 0 0 0 0 0 0 0 0 0 0 0 0 0 0 0 0 0 0 0 0 0 0 0 0 0 0 0 0 0 0 0 0 0 0 0 0 0 0 0 0 0 0 0 0 0 0 0 0 0 0 0 0 0 
0 0 0 0 17 16 18 12 10 18 14 14 16 17 12 11 19 10 15 14 20 12 15 13 0 0 0 0 18 16 18 11 13 12 18 11 0 0 0 0 13 11 15 18 15 12 20 14 20 20 15 15 0 0 0 0 0 0 0 0 
0 0 0 0 0 0 0 0 16 20 19 15 14 17 15 15 0 0 0 0 0 0 0 0 0 0 0 0 0 0 0 0 0 0 0 0 0 0 0 0 0 0 0 0 0 0 0 0 0 0 0 0 17 19 19 13 0 0 0 0 
0 0 0 0 0 0 0 0 0 0 0 0 0 0 0 0 0 0 0 0 0 0 0 0 0 0 0 0 20 11 12 13 0 0 0 0 0 0 0 0 17 16 14 14 0 0 0 0 0 0 0 0 0 0 0 0 0 0 0 0 
0 0 0 0 0 0 0 0 0 0 0 0 0 0 0 0 0 0 0 0 0 0 0 0 0 0 0 0 0 0 0 0 0 0 0 0 0 0 0 0 0 0 0 0 0 0 0 0 0 0 0 0 0 0 0 0 11 19 16 17 
15 12 11 13 0 0 0 0 0 0 0 0 0 0 0 0 0 0 0 0 0 0 0 0 0 0 0 0 0 0 0 0 0 0 0 0 0 0 0 0 0 0 0 0 0 0 0 0 0 0 0 0 0 0 0 0 0 0 0 0 
0 0 0 0 13 13 13 14 20 14 17 14 15 15 17 14 16 18 12 10 0 0 0 0 14 16 13 12 0 0 0 0 16 16 15 12 0 0 0 0 0 0 0 0 0 0 0 0 0 0 0 0 0 0 0 0 0 0 0 0 
0 0 0 0 19 17 19 14 0 0 0 0 13 17 14 11 0 0 0 0 0 0 0 0 0 0 0 0 0 0 0 0 0 0 0 0 19 11 13 19 18 10 14 13 20 15 10 14 0 0 0 0 13 11 19 20 0 0 0 0 
0 0 0 0 0 0 0 0 14 15 18 10 15 12 13 20 19 18 17 14 16 12 16 17 19 10 12 20 10 17 17 12 16 13 20 12 10 20 14 20 12 15 15 18 16 19 15 17 20 11 19 14 18 20 12 17 0 0 0 0 
0 0 0 0 0 0 0 0 0 0 0 0 0 0 0 0 0 0 0 0 0 0 0 0 0 0 0 0 0 0 0 0 0 0 0 0 0 0 0 0 0 0 0 0 0 0 0 0 0 0 0 0 0 0 0 0 13 16 13 20 
13 20 17 19 0 0 0 0 0 0 0 0 0 0 0 0 0 0 0 0 0 0 0 0 0 0 0 0 0 0 0 0 0 0 0 0 0 0 0 0 0 0 0 0 0 0 0 0 0 0 0 0 0 0 0 0 0 0 0 0 
0 0 0 0 0 0 0 0 0 0 0 0 0 0 0 0 0 0 0 0 0 0 0 0 0 0 0 0 0 0 0 0 0 0 0 0 0 0 0 0 0 0 0 0 0 0 0 0 0 0 0 0 16 20 13 13 0 0 0 0 
0 0 0 0 0 0 0 0 0 0 0 0 0 0 0 0 20 10 15 14 0 0 0 0 19 13 10 11 0 0 0 0 15 18 13 14 0 0 0 0 11 14 17 12 0 0 0 0 10 16 18 10 16 18 11 16 0 0 0 0 
0 0 0 0 15 16 20 17 0 0 0 0 12 12 19 18 0 0 0 0 0 0 0 0 0 0 0 0 14 15 13 17 0 0 0 0 0 0 0 0 0 0 0 0 0 0 0 0 19 11 16 19 0 0 0 0 0 0 0 0 
0 0 0 0 0 0 0 0 0 0 0 0 0 0 0 0 0 0 0 0 0 0 0 0 0 0 0 0 0 0 0 0 0 0 0 0 0 0 0 0 0 0 0 0 0 0 0 0 0 0 0 0 0 0 0 0 19 20 13 12 
10 19 17 12 0 0 0 0 0 0 0 0 0 0 0 0 0 0 0 0 0 0 0 0 0 0 0 0 0 0 0 0 0 0 0 0 0 0 0 0 0 0 0 0 0 0 0 0 0 0 0 0 0 0 0 0 0 0 0 0 
0 0 0 0 0 0 0 0 0 0 0 0 12 19 17 18 15 20 19 15 0 0 0 0 0 0 0 0 17 13 20 17 20 15 14 13 0 0 0 0 19 11 16 10 0 0 0 0 0 0 0 0 0 0 0 0 0 0 0 0 
0 0 0 0 17 17 16 15 20 15 13 15 14 13 15 10 14 14 13 12 0 0 0 0 13 16 18 17 11 16 12 20 10 13 14 14 15 10 20 16 0 0 0 0 11 15 12 10 20 15 20 20 12 14 20 17 0 0 0 0 
0 0 0 0 0 0 0 0 0 0 0 0 0 0 0 0 0 0 0 0 0 0 0 0 0 0 0 0 15 11 18 19 13 12 14 13 18 11 20 12 11 15 10 13 11 14 17 13 0 0 0 0 19 10 17 18 0 0 0 0 
0 0 0 0 0 0 0 0 0 0 0 0 0 0 0 0 0 0 0 0 0 0 0 0 0 0 0 0 0 0 0 0 0 0 0 0 0 0 0 0 0 0 0 0 0 0 0 0 0 0 0 0 0 0 0 0 15 10 13 13 
18 16 13 10 0 0 0 0 0 0 0 0 0 0 0 0 0 0 0 0 0 0 0 0 0 0 0 0 0 0 0 0 0 0 0 0 0 0 0 0 0 0 0 0 0 0 0 0 0 0 0 0 0 0 0 0 0 0 0 0 
0 0 0 0 14 19 15 14 0 0 0 0 20 20 15 15 16 16 17 10 0 0 0 0 0 0 0 0 17 14 15 13 0 0 0 0 19 12 10 11 14 18 19 15 12 19 18 14 17 11 17 11 0 0 0 0 0 0 0 0 
0 0 0 0 15 14 15 19 0 0 0 0 14 20 10 12 20 20 20 14 0 0 0 0 0 0 0 0 0 0 0 0 11 18 15 19 17 20 13 15 0 0 0 0 10 11 14 10 0 0 0 0 0 0 0 0 0 0 0 0 
0 0 0 0 20 12 19 12 17 14 12 10 15 11 13 17 11 20 19 11 17 14 17 10 10 14 18 10 16 17 20 16 0 0 0 0 10 16 17 17 14 19 20 10 19 17 20 11 12 18 18 18 18 20 20 20 0 0 0 0 
0 0 0 0 0 0 0 0 0 0 0 0 0 0 0 0 0 0 0 0 0 0 0 0 0 0 0 0 0 0 0 0 0 0 0 0 0 0 0 0 0 0 0 0 0 0 0 0 0 0 0 0 0 0 0 0 14 20 18 16 
20 10 18 12 0 0 0 0 0 0 0 0 0 0 0 0 0 0 0 0 0 0 0 0 0 0 0 0 0 0 0 0 0 0 0 0 0 0 0 0 0 0 0 0 0 0 0 0 0 0 0 0 0 0 0 0 0 0 0 0 
0 0 0 0 0 0 0 0 0 0 0 0 0 0 0 0 17 16 15 15 0 0 0 0 0 0 0 0 0 0 0 0 0 0 0 0 0 0 0 0 0 0 0 0 15 10 13 16 0 0 0 0 0 0 0 0 0 0 0 0 
0 0 0 0 17 16 19 17 0 0 0 0 0 0 0 0 11 18 17 18 13 14 16 15 17 10 10 13 20 19 19 15 0 0 0 0 0 0 0 0 12 14 18 15 0 0 0 0 0 0 0 0 13 19 14 16 0 0 0 0 
0 0 0 0 19 12 14 10 20 13 10 15 19 12 14 14 10 13 19 11 12 14 10 11 10 15 11 20 19 19 13 15 20 10 12 13 20 10 17 14 16 15 11 13 19 16 11 12 13 13 18 18 17 19 16 13 0 0 0 0 
0 0 0 0 0 0 0 0 0 0 0 0 0 0 0 0 0 0 0 0 0 0 0 0 0 0 0 0 0 0 0 0 0 0 0 0 0 0 0 0 0 0 0 0 0 0 0 0 0 0 0 0 0 0 0 0 19 17 12 16
---------------------
 
Distance between cells
Rows and Columns: correspond to cell number
0 222 490 165 165 77 461 274 157 366 454 480 132 430 227 188 232 391 484 98 
222 0 245 226 118 380 479 493 282 151 266 369 396 350 86 168 189 388 54 223 
490 245 0 376 254 176 144 457 121 278 389 168 315 236 58 114 228 158 340 96 
165 226 376 0 228 410 82 375 78 458 316 488 358 406 115 334 490 457 432 164 
165 118 254 228 0 99 81 57 54 117 468 322 143 108 419 173 411 70 419 408 
77 380 176 410 99 0 142 441 88 428 490 288 341 350 474 350 392 133 370 189 
461 479 144 82 81 142 0 133 436 179 76 365 346 420 416 191 411 292 394 200 
274 493 457 375 57 441 133 0 149 69 199 51 480 54 311 143 166 211 375 425 
157 282 121 78 54 88 436 149 0 216 316 402 116 409 473 433 107 476 167 478 
366 151 278 458 117 428 179 69 216 0 425 207 201 223 344 497 290 155 450 194 
454 266 389 316 468 490 76 199 316 425 0 269 497 73 491 473 492 258 179 500 
480 369 168 488 322 288 365 51 402 207 269 0 464 210 444 102 222 211 428 420 
132 396 315 358 143 341 346 480 116 201 497 464 0 224 442 275 60 77 262 219 
430 350 236 406 108 350 420 54 409 223 73 210 224 0 56 111 354 273 131 436 
227 86 58 115 419 474 416 311 473 344 491 444 442 56 0 211 216 202 242 285 
188 168 114 334 173 350 191 143 433 497 473 102 275 111 211 0 174 435 232 204 
232 189 228 490 411 392 411 166 107 290 492 222 60 354 216 174 0 201 253 290 
391 388 158 457 70 133 292 211 476 155 258 211 77 273 202 435 201 0 313 492 
484 54 340 432 419 370 394 375 167 450 179 428 262 131 242 232 253 313 0 393 
98 223 96 164 408 189 200 425 478 194 500 420 219 436 285 204 290 492 393 0
---------------------
 
Distribution of machines in cells   (1 -- if machine m is distributed in cell u;0 -- else) 
Rows: correspond to cell number; Columns: correspond to machine number
0 0 0 0 0 1 0 0 0 0 1 0 0 0 0 0 0 0 0 0 0 0 0 0 0 0 0 0 0 0 0 0 0 0 0 0 0 0 0 0 0 0 0 0 0 0 0 0 0 0 0 0 0 0 0 0 0 0 0 0 
0 0 0 0 0 0 0 0 0 0 0 0 0 0 0 0 0 0 0 0 0 0 0 0 0 0 0 0 0 0 0 0 0 0 0 0 0 0 1 0 0 0 0 0 0 0 0 0 1 0 0 0 0 0 0 0 1 0 0 0 
0 0 0 0 0 0 0 0 0 0 0 0 0 1 0 0 0 0 0 0 0 0 0 0 0 0 0 0 0 0 0 0 0 0 0 0 0 0 0 1 0 0 0 0 0 0 0 0 0 0 0 0 0 0 0 0 0 0 0 0 
0 0 0 0 0 0 1 0 0 0 0 0 0 0 0 0 0 0 0 0 0 1 1 0 0 0 0 0 1 0 0 0 0 0 0 0 0 0 0 0 0 0 0 0 0 0 0 0 0 0 0 0 0 0 0 0 0 0 0 0 
0 0 0 0 0 0 0 0 0 0 0 0 0 0 0 0 0 0 0 0 0 0 0 0 0 0 0 0 0 0 0 0 0 0 0 0 0 0 0 0 0 0 0 1 0 1 0 0 0 0 0 0 0 0 0 0 0 0 0 0 
0 0 1 0 0 0 0 0 0 1 0 0 0 0 0 0 0 0 1 0 0 0 0 0 0 0 0 1 0 0 0 0 0 0 0 0 0 1 0 0 0 0 0 0 0 0 0 0 0 0 0 0 0 0 0 0 0 0 0 0 
1 0 0 0 1 0 0 0 0 0 0 0 0 0 0 0 0 0 0 0 0 0 0 0 0 0 0 0 0 0 0 0 0 0 0 0 0 0 0 0 0 0 0 0 0 0 0 0 0 0 0 0 0 0 1 0 0 0 0 0 
0 0 0 0 0 0 0 0 0 0 0 0 0 0 0 0 0 0 0 0 0 0 0 0 0 0 0 0 0 0 0 0 0 0 0 0 0 0 0 0 0 0 0 0 0 0 1 0 0 0 0 0 0 1 0 0 0 0 0 0 
0 0 0 0 0 0 0 0 0 0 0 0 0 0 0 0 0 0 0 1 0 0 0 0 0 0 0 0 0 0 0 0 0 0 0 0 0 0 0 0 0 0 0 0 0 0 0 0 0 0 0 0 1 0 0 0 0 0 0 0 
0 0 0 0 0 0 0 0 0 0 0 0 0 0 0 0 0 0 0 0 0 0 0 0 0 0 1 0 0 0 1 0 0 0 0 0 0 0 0 0 0 0 0 0 1 0 0 0 0 1 0 0 0 0 0 0 0 0 0 0 
0 0 0 1 0 0 0 0 0 0 0 0 0 0 0 0 0 0 0 0 0 0 0 0 0 1 0 0 0 0 0 0 1 1 0 0 0 0 0 0 0 0 0 0 0 0 0 0 0 0 0 0 0 0 0 0 0 0 0 1 
0 0 0 0 0 0 0 0 0 0 0 0 0 0 0 1 0 0 0 0 0 0 0 0 0 0 0 0 0 0 0 0 0 0 0 0 1 0 0 0 0 0 0 0 0 0 0 0 0 0 0 0 0 0 0 0 0 0 0 0 
0 0 0 0 0 0 0 0 0 0 0 0 0 0 0 0 0 1 0 0 1 0 0 0 0 0 0 0 0 0 0 0 0 0 0 0 0 0 0 0 0 0 0 0 0 0 0 0 0 0 0 0 0 0 0 0 0 1 0 0 
0 0 0 0 0 0 0 0 0 0 0 1 0 0 0 0 0 0 0 0 0 0 0 0 0 0 0 0 0 1 0 0 0 0 1 0 0 0 0 0 0 0 0 0 0 0 0 0 0 0 0 0 0 0 0 0 0 0 0 0 
0 0 0 0 0 0 0 0 0 0 0 0 0 0 0 0 0 0 0 0 0 0 0 1 1 0 0 0 0 0 0 0 0 0 0 0 0 0 0 0 0 0 0 0 0 0 0 0 0 0 0 0 0 0 0 1 0 0 0 0 
0 0 0 0 0 0 0 1 0 0 0 0 0 0 0 0 0 0 0 0 0 0 0 0 0 0 0 0 0 0 0 0 0 0 0 1 0 0 0 0 0 0 0 0 0 0 0 0 0 0 0 0 0 0 0 0 0 0 1 0 
0 1 0 0 0 0 0 0 1 0 0 0 0 0 1 0 0 0 0 0 0 0 0 0 0 0 0 0 0 0 0 0 0 0 0 0 0 0 0 0 0 0 0 0 0 0 0 0 0 0 0 1 0 0 0 0 0 0 0 0 
0 0 0 0 0 0 0 0 0 0 0 0 1 0 0 0 1 0 0 0 0 0 0 0 0 0 0 0 0 0 0 0 0 0 0 0 0 0 0 0 0 0 0 0 0 0 0 1 0 0 0 0 0 0 0 0 0 0 0 0 
0 0 0 0 0 0 0 0 0 0 0 0 0 0 0 0 0 0 0 0 0 0 0 0 0 0 0 0 0 0 0 1 0 0 0 0 0 0 0 0 1 0 0 0 0 0 0 0 0 0 1 0 0 0 0 0 0 0 0 0 
0 0 0 0 0 0 0 0 0 0 0 0 0 0 0 0 0 0 0 0 0 0 0 0 0 0 0 0 0 0 0 0 0 0 0 0 0 0 0 0 0 1 1 0 0 0 0 0 0 0 0 0 0 0 0 0 0 0 0 0
---------------------
 
