Adaption from Behnke19

Number of operations for each part
5 5 5 5 5 5 5 5 5 5 5 5 5 5 5 5 5 5 5 5 5 5 5 5 5 5 5 5 5 5 5 5 5 5 5 5 5 5 5 5 5 5 5 5 5 5 5 5 5 5 5 5 5 5 5 5 5 5 5 5 5 5 5 5 5 5 5 5 5 5 5 5 5 5 5 5 5 5 5 5 5 5 5 5 5 5 5 5 5 5 5 5 5 5 5 5 5 5 5 5
---------------------
 
Processing time   (0 -- non-optional machine)
Rows: sequential for each operation of each part; Columns: correspond to machine number
30 11 15 23 0 0 0 0 0 0 0 0 0 0 0 0 0 0 0 0 
0 0 0 0 0 0 0 0 0 0 0 0 23 15 20 15 0 0 0 0 
0 0 0 0 0 0 0 0 0 0 0 0 29 21 16 25 0 0 0 0 
0 0 0 0 0 0 0 0 0 0 0 0 13 18 24 29 0 0 0 0 
0 0 0 0 0 0 0 0 0 0 0 0 0 0 0 0 17 13 24 21 
18 11 16 23 0 0 0 0 0 0 0 0 0 0 0 0 0 0 0 0 
0 0 0 0 0 0 0 0 15 25 17 24 0 0 0 0 0 0 0 0 
0 0 0 0 13 12 18 20 23 22 13 20 10 14 19 24 0 0 0 0 
0 0 0 0 11 20 28 29 0 0 0 0 26 22 20 27 0 0 0 0 
0 0 0 0 0 0 0 0 0 0 0 0 0 0 0 0 14 25 10 14 
19 22 24 27 0 0 0 0 0 0 0 0 0 0 0 0 0 0 0 0 
0 0 0 0 24 12 15 20 0 0 0 0 13 19 23 13 0 0 0 0 
0 0 0 0 0 0 0 0 24 10 10 20 0 0 0 0 0 0 0 0 
0 0 0 0 28 28 25 30 16 26 28 12 0 0 0 0 0 0 0 0 
0 0 0 0 0 0 0 0 0 0 0 0 0 0 0 0 13 29 20 28 
21 12 22 10 0 0 0 0 0 0 0 0 0 0 0 0 0 0 0 0 
0 0 0 0 24 19 11 18 0 0 0 0 0 0 0 0 0 0 0 0 
0 0 0 0 12 28 28 16 25 11 12 18 18 30 19 27 0 0 0 0 
0 0 0 0 15 19 24 24 24 14 13 19 28 28 29 25 0 0 0 0 
0 0 0 0 0 0 0 0 0 0 0 0 0 0 0 0 14 29 16 19 
17 30 20 29 0 0 0 0 0 0 0 0 0 0 0 0 0 0 0 0 
0 0 0 0 10 17 16 11 0 0 0 0 0 0 0 0 0 0 0 0 
0 0 0 0 18 10 13 17 15 27 26 22 11 10 11 13 0 0 0 0 
0 0 0 0 21 27 22 22 0 0 0 0 0 0 0 0 0 0 0 0 
0 0 0 0 0 0 0 0 0 0 0 0 0 0 0 0 27 30 11 27 
22 28 22 19 0 0 0 0 0 0 0 0 0 0 0 0 0 0 0 0 
0 0 0 0 0 0 0 0 0 0 0 0 20 16 26 14 0 0 0 0 
0 0 0 0 25 12 30 30 11 17 11 27 0 0 0 0 0 0 0 0 
0 0 0 0 10 16 23 24 11 15 11 25 15 30 13 14 0 0 0 0 
0 0 0 0 0 0 0 0 0 0 0 0 0 0 0 0 21 20 30 18 
12 28 14 18 0 0 0 0 0 0 0 0 0 0 0 0 0 0 0 0 
0 0 0 0 26 20 24 20 22 20 13 17 24 15 23 19 0 0 0 0 
0 0 0 0 25 17 10 23 26 26 30 26 0 0 0 0 0 0 0 0 
0 0 0 0 15 20 13 15 30 24 27 20 0 0 0 0 0 0 0 0 
0 0 0 0 0 0 0 0 0 0 0 0 0 0 0 0 26 12 10 20 
10 12 13 22 0 0 0 0 0 0 0 0 0 0 0 0 0 0 0 0 
0 0 0 0 17 17 21 20 29 16 15 22 24 27 27 25 0 0 0 0 
0 0 0 0 30 20 20 26 25 11 17 20 0 0 0 0 0 0 0 0 
0 0 0 0 0 0 0 0 19 18 26 13 10 12 13 21 0 0 0 0 
0 0 0 0 0 0 0 0 0 0 0 0 0 0 0 0 22 13 10 15 
24 17 20 23 0 0 0 0 0 0 0 0 0 0 0 0 0 0 0 0 
0 0 0 0 0 0 0 0 0 0 0 0 25 19 22 16 0 0 0 0 
0 0 0 0 17 12 16 21 21 22 25 20 11 11 18 21 0 0 0 0 
0 0 0 0 0 0 0 0 0 0 0 0 26 19 16 26 0 0 0 0 
0 0 0 0 0 0 0 0 0 0 0 0 0 0 0 0 20 30 13 22 
24 28 10 19 0 0 0 0 0 0 0 0 0 0 0 0 0 0 0 0 
0 0 0 0 11 19 17 15 18 29 27 19 15 12 16 10 0 0 0 0 
0 0 0 0 16 18 17 16 0 0 0 0 25 20 17 24 0 0 0 0 
0 0 0 0 27 29 27 13 27 17 23 26 19 16 19 23 0 0 0 0 
0 0 0 0 0 0 0 0 0 0 0 0 0 0 0 0 22 24 17 24 
24 27 29 24 0 0 0 0 0 0 0 0 0 0 0 0 0 0 0 0 
0 0 0 0 16 16 19 25 0 0 0 0 0 0 0 0 0 0 0 0 
0 0 0 0 0 0 0 0 14 13 13 19 0 0 0 0 0 0 0 0 
0 0 0 0 25 17 21 15 0 0 0 0 23 21 27 20 0 0 0 0 
0 0 0 0 0 0 0 0 0 0 0 0 0 0 0 0 13 18 11 17 
14 10 14 15 0 0 0 0 0 0 0 0 0 0 0 0 0 0 0 0 
0 0 0 0 17 25 10 16 16 24 12 29 27 20 20 14 0 0 0 0 
0 0 0 0 19 13 28 12 21 20 21 18 29 25 26 15 0 0 0 0 
0 0 0 0 0 0 0 0 27 13 20 28 0 0 0 0 0 0 0 0 
0 0 0 0 0 0 0 0 0 0 0 0 0 0 0 0 13 12 20 29 
24 11 30 14 0 0 0 0 0 0 0 0 0 0 0 0 0 0 0 0 
0 0 0 0 0 0 0 0 0 0 0 0 16 22 14 27 0 0 0 0 
0 0 0 0 24 10 27 25 25 23 28 27 0 0 0 0 0 0 0 0 
0 0 0 0 18 14 28 14 11 28 21 28 30 14 16 29 0 0 0 0 
0 0 0 0 0 0 0 0 0 0 0 0 0 0 0 0 27 13 15 14 
29 26 26 14 0 0 0 0 0 0 0 0 0 0 0 0 0 0 0 0 
0 0 0 0 13 20 19 10 30 11 30 29 14 28 17 24 0 0 0 0 
0 0 0 0 30 15 12 19 17 22 26 29 0 0 0 0 0 0 0 0 
0 0 0 0 29 16 21 19 13 16 12 12 10 10 23 11 0 0 0 0 
0 0 0 0 0 0 0 0 0 0 0 0 0 0 0 0 27 18 25 13 
17 12 19 28 0 0 0 0 0 0 0 0 0 0 0 0 0 0 0 0 
0 0 0 0 0 0 0 0 22 17 30 26 0 0 0 0 0 0 0 0 
0 0 0 0 22 11 10 19 13 16 24 29 28 18 14 11 0 0 0 0 
0 0 0 0 28 23 27 13 12 14 27 27 15 22 26 14 0 0 0 0 
0 0 0 0 0 0 0 0 0 0 0 0 0 0 0 0 27 22 11 14 
15 14 22 17 0 0 0 0 0 0 0 0 0 0 0 0 0 0 0 0 
0 0 0 0 27 13 28 12 29 14 27 14 10 29 15 25 0 0 0 0 
0 0 0 0 12 20 24 20 19 23 16 14 22 18 28 16 0 0 0 0 
0 0 0 0 0 0 0 0 27 19 16 27 0 0 0 0 0 0 0 0 
0 0 0 0 0 0 0 0 0 0 0 0 0 0 0 0 17 12 11 29 
24 19 14 13 0 0 0 0 0 0 0 0 0 0 0 0 0 0 0 0 
0 0 0 0 0 0 0 0 0 0 0 0 11 10 11 25 0 0 0 0 
0 0 0 0 23 20 17 21 22 27 12 20 14 13 28 16 0 0 0 0 
0 0 0 0 0 0 0 0 16 10 12 21 0 0 0 0 0 0 0 0 
0 0 0 0 0 0 0 0 0 0 0 0 0 0 0 0 30 30 30 27 
24 30 15 26 0 0 0 0 0 0 0 0 0 0 0 0 0 0 0 0 
0 0 0 0 16 26 15 14 17 19 15 29 29 11 19 11 0 0 0 0 
0 0 0 0 22 27 16 14 12 25 24 22 28 28 11 13 0 0 0 0 
0 0 0 0 0 0 0 0 16 18 15 27 0 0 0 0 0 0 0 0 
0 0 0 0 0 0 0 0 0 0 0 0 0 0 0 0 19 27 22 26 
14 28 20 10 0 0 0 0 0 0 0 0 0 0 0 0 0 0 0 0 
0 0 0 0 0 0 0 0 19 27 26 14 18 25 22 26 0 0 0 0 
0 0 0 0 0 0 0 0 12 13 10 25 14 26 28 20 0 0 0 0 
0 0 0 0 0 0 0 0 12 26 24 29 0 0 0 0 0 0 0 0 
0 0 0 0 0 0 0 0 0 0 0 0 0 0 0 0 16 10 28 12 
25 14 10 19 0 0 0 0 0 0 0 0 0 0 0 0 0 0 0 0 
0 0 0 0 24 24 28 28 0 0 0 0 0 0 0 0 0 0 0 0 
0 0 0 0 11 28 13 20 0 0 0 0 20 17 17 14 0 0 0 0 
0 0 0 0 14 27 27 16 22 30 20 10 0 0 0 0 0 0 0 0 
0 0 0 0 0 0 0 0 0 0 0 0 0 0 0 0 15 25 11 29 
22 21 21 21 0 0 0 0 0 0 0 0 0 0 0 0 0 0 0 0 
0 0 0 0 27 26 20 12 19 24 20 13 20 14 14 18 0 0 0 0 
0 0 0 0 0 0 0 0 15 25 24 25 0 0 0 0 0 0 0 0 
0 0 0 0 0 0 0 0 26 16 24 13 0 0 0 0 0 0 0 0 
0 0 0 0 0 0 0 0 0 0 0 0 0 0 0 0 17 15 26 29 
19 23 30 18 0 0 0 0 0 0 0 0 0 0 0 0 0 0 0 0 
0 0 0 0 13 23 27 30 0 0 0 0 12 28 30 10 0 0 0 0 
0 0 0 0 0 0 0 0 26 10 27 11 25 15 14 10 0 0 0 0 
0 0 0 0 24 24 13 23 16 16 18 13 18 25 28 22 0 0 0 0 
0 0 0 0 0 0 0 0 0 0 0 0 0 0 0 0 16 25 25 19 
25 18 27 22 0 0 0 0 0 0 0 0 0 0 0 0 0 0 0 0 
0 0 0 0 0 0 0 0 23 27 18 29 23 14 14 29 0 0 0 0 
0 0 0 0 22 27 29 14 18 29 24 23 10 28 15 18 0 0 0 0 
0 0 0 0 0 0 0 0 0 0 0 0 16 16 20 25 0 0 0 0 
0 0 0 0 0 0 0 0 0 0 0 0 0 0 0 0 30 23 24 24 
27 14 30 12 0 0 0 0 0 0 0 0 0 0 0 0 0 0 0 0 
0 0 0 0 30 13 13 10 0 0 0 0 17 21 29 27 0 0 0 0 
0 0 0 0 12 21 15 19 18 15 12 20 25 23 22 14 0 0 0 0 
0 0 0 0 0 0 0 0 19 27 10 22 29 12 20 18 0 0 0 0 
0 0 0 0 0 0 0 0 0 0 0 0 0 0 0 0 24 16 25 28 
13 18 28 27 0 0 0 0 0 0 0 0 0 0 0 0 0 0 0 0 
0 0 0 0 29 13 29 30 0 0 0 0 12 22 19 28 0 0 0 0 
0 0 0 0 0 0 0 0 25 25 21 17 0 0 0 0 0 0 0 0 
0 0 0 0 11 16 17 16 26 12 23 14 12 11 27 14 0 0 0 0 
0 0 0 0 0 0 0 0 0 0 0 0 0 0 0 0 10 25 24 17 
16 26 13 22 0 0 0 0 0 0 0 0 0 0 0 0 0 0 0 0 
0 0 0 0 16 15 29 20 12 18 14 12 26 29 12 15 0 0 0 0 
0 0 0 0 0 0 0 0 11 15 19 11 19 29 25 28 0 0 0 0 
0 0 0 0 12 12 29 23 0 0 0 0 0 0 0 0 0 0 0 0 
0 0 0 0 0 0 0 0 0 0 0 0 0 0 0 0 20 30 24 27 
26 10 23 25 0 0 0 0 0 0 0 0 0 0 0 0 0 0 0 0 
0 0 0 0 12 26 19 28 0 0 0 0 0 0 0 0 0 0 0 0 
0 0 0 0 28 19 13 15 24 12 25 21 29 25 24 29 0 0 0 0 
0 0 0 0 14 18 21 14 14 25 17 16 22 13 12 19 0 0 0 0 
0 0 0 0 0 0 0 0 0 0 0 0 0 0 0 0 24 25 19 26 
13 24 27 20 0 0 0 0 0 0 0 0 0 0 0 0 0 0 0 0 
0 0 0 0 0 0 0 0 15 10 10 15 15 11 12 21 0 0 0 0 
0 0 0 0 10 28 13 15 16 25 21 16 16 18 16 14 0 0 0 0 
0 0 0 0 14 24 25 17 20 28 15 27 10 16 15 11 0 0 0 0 
0 0 0 0 0 0 0 0 0 0 0 0 0 0 0 0 26 19 12 11 
17 12 10 18 0 0 0 0 0 0 0 0 0 0 0 0 0 0 0 0 
0 0 0 0 0 0 0 0 0 0 0 0 23 11 20 23 0 0 0 0 
0 0 0 0 0 0 0 0 0 0 0 0 13 22 27 23 0 0 0 0 
0 0 0 0 18 27 10 19 0 0 0 0 0 0 0 0 0 0 0 0 
0 0 0 0 0 0 0 0 0 0 0 0 0 0 0 0 14 30 11 20 
22 23 12 27 0 0 0 0 0 0 0 0 0 0 0 0 0 0 0 0 
0 0 0 0 0 0 0 0 25 10 21 29 0 0 0 0 0 0 0 0 
0 0 0 0 0 0 0 0 21 29 22 19 24 11 16 28 0 0 0 0 
0 0 0 0 0 0 0 0 26 28 27 29 0 0 0 0 0 0 0 0 
0 0 0 0 0 0 0 0 0 0 0 0 0 0 0 0 28 21 16 11 
17 26 10 18 0 0 0 0 0 0 0 0 0 0 0 0 0 0 0 0 
0 0 0 0 28 13 29 21 0 0 0 0 16 13 19 28 0 0 0 0 
0 0 0 0 17 29 25 16 29 29 22 14 23 26 16 20 0 0 0 0 
0 0 0 0 10 30 12 14 16 19 13 14 22 12 11 14 0 0 0 0 
0 0 0 0 0 0 0 0 0 0 0 0 0 0 0 0 10 22 17 13 
13 21 28 23 0 0 0 0 0 0 0 0 0 0 0 0 0 0 0 0 
0 0 0 0 11 28 26 28 0 0 0 0 11 26 23 29 0 0 0 0 
0 0 0 0 14 12 25 16 17 17 17 29 27 27 18 22 0 0 0 0 
0 0 0 0 26 30 26 22 0 0 0 0 29 26 20 12 0 0 0 0 
0 0 0 0 0 0 0 0 0 0 0 0 0 0 0 0 25 18 16 30 
13 17 18 26 0 0 0 0 0 0 0 0 0 0 0 0 0 0 0 0 
0 0 0 0 17 25 23 26 0 0 0 0 0 0 0 0 0 0 0 0 
0 0 0 0 30 13 23 13 29 15 16 17 30 28 12 22 0 0 0 0 
0 0 0 0 23 15 25 18 14 26 19 15 0 0 0 0 0 0 0 0 
0 0 0 0 0 0 0 0 0 0 0 0 0 0 0 0 27 29 12 27 
26 16 22 27 0 0 0 0 0 0 0 0 0 0 0 0 0 0 0 0 
0 0 0 0 26 25 19 15 27 14 15 16 0 0 0 0 0 0 0 0 
0 0 0 0 15 13 16 22 27 22 17 21 0 0 0 0 0 0 0 0 
0 0 0 0 0 0 0 0 11 28 15 24 0 0 0 0 0 0 0 0 
0 0 0 0 0 0 0 0 0 0 0 0 0 0 0 0 29 22 21 13 
15 24 10 16 0 0 0 0 0 0 0 0 0 0 0 0 0 0 0 0 
0 0 0 0 15 14 16 28 17 27 12 10 20 15 11 13 0 0 0 0 
0 0 0 0 22 19 21 15 0 0 0 0 14 10 28 19 0 0 0 0 
0 0 0 0 0 0 0 0 17 11 17 21 0 0 0 0 0 0 0 0 
0 0 0 0 0 0 0 0 0 0 0 0 0 0 0 0 19 27 25 25 
19 19 11 14 0 0 0 0 0 0 0 0 0 0 0 0 0 0 0 0 
0 0 0 0 26 25 12 29 0 0 0 0 0 0 0 0 0 0 0 0 
0 0 0 0 14 20 15 10 24 19 24 15 12 12 25 28 0 0 0 0 
0 0 0 0 22 17 30 23 15 18 27 15 23 14 12 27 0 0 0 0 
0 0 0 0 0 0 0 0 0 0 0 0 0 0 0 0 27 30 11 25 
20 30 28 16 0 0 0 0 0 0 0 0 0 0 0 0 0 0 0 0 
0 0 0 0 24 22 24 27 0 0 0 0 0 0 0 0 0 0 0 0 
0 0 0 0 28 29 30 16 0 0 0 0 0 0 0 0 0 0 0 0 
0 0 0 0 29 25 16 20 0 0 0 0 14 26 19 15 0 0 0 0 
0 0 0 0 0 0 0 0 0 0 0 0 0 0 0 0 20 21 11 19 
20 25 16 25 0 0 0 0 0 0 0 0 0 0 0 0 0 0 0 0 
0 0 0 0 20 12 10 15 19 14 14 29 15 12 13 21 0 0 0 0 
0 0 0 0 24 25 20 23 0 0 0 0 23 22 21 20 0 0 0 0 
0 0 0 0 0 0 0 0 0 0 0 0 19 22 24 19 0 0 0 0 
0 0 0 0 0 0 0 0 0 0 0 0 0 0 0 0 10 26 28 12 
19 26 18 16 0 0 0 0 0 0 0 0 0 0 0 0 0 0 0 0 
0 0 0 0 19 20 21 24 23 12 20 30 29 17 10 12 0 0 0 0 
0 0 0 0 17 25 15 20 13 24 14 27 20 20 23 18 0 0 0 0 
0 0 0 0 12 17 11 14 0 0 0 0 20 22 16 23 0 0 0 0 
0 0 0 0 0 0 0 0 0 0 0 0 0 0 0 0 10 16 14 27 
29 13 21 23 0 0 0 0 0 0 0 0 0 0 0 0 0 0 0 0 
0 0 0 0 13 24 26 27 21 27 25 13 25 17 19 27 0 0 0 0 
0 0 0 0 0 0 0 0 29 26 26 10 0 0 0 0 0 0 0 0 
0 0 0 0 23 14 13 23 24 24 14 19 27 30 16 15 0 0 0 0 
0 0 0 0 0 0 0 0 0 0 0 0 0 0 0 0 26 18 22 14 
15 13 19 16 0 0 0 0 0 0 0 0 0 0 0 0 0 0 0 0 
0 0 0 0 12 29 11 17 10 14 25 13 15 12 11 11 0 0 0 0 
0 0 0 0 0 0 0 0 20 22 23 22 20 30 25 12 0 0 0 0 
0 0 0 0 0 0 0 0 0 0 0 0 29 21 27 11 0 0 0 0 
0 0 0 0 0 0 0 0 0 0 0 0 0 0 0 0 28 29 12 13 
13 23 28 11 0 0 0 0 0 0 0 0 0 0 0 0 0 0 0 0 
0 0 0 0 29 29 19 17 0 0 0 0 0 0 0 0 0 0 0 0 
0 0 0 0 16 15 13 19 13 26 26 22 10 20 29 17 0 0 0 0 
0 0 0 0 0 0 0 0 20 24 28 21 0 0 0 0 0 0 0 0 
0 0 0 0 0 0 0 0 0 0 0 0 0 0 0 0 24 12 16 26 
10 11 17 25 0 0 0 0 0 0 0 0 0 0 0 0 0 0 0 0 
0 0 0 0 19 12 19 18 11 13 22 27 17 19 30 28 0 0 0 0 
0 0 0 0 19 12 18 11 21 23 10 13 26 11 28 23 0 0 0 0 
0 0 0 0 14 10 27 28 23 30 20 12 0 0 0 0 0 0 0 0 
0 0 0 0 0 0 0 0 0 0 0 0 0 0 0 0 14 16 26 23 
13 18 29 17 0 0 0 0 0 0 0 0 0 0 0 0 0 0 0 0 
0 0 0 0 0 0 0 0 0 0 0 0 27 20 13 22 0 0 0 0 
0 0 0 0 0 0 0 0 21 11 25 14 14 12 29 16 0 0 0 0 
0 0 0 0 28 27 27 11 0 0 0 0 0 0 0 0 0 0 0 0 
0 0 0 0 0 0 0 0 0 0 0 0 0 0 0 0 11 26 19 18 
11 14 28 11 0 0 0 0 0 0 0 0 0 0 0 0 0 0 0 0 
0 0 0 0 22 27 28 13 20 20 30 30 29 23 26 19 0 0 0 0 
0 0 0 0 0 0 0 0 0 0 0 0 22 28 19 29 0 0 0 0 
0 0 0 0 23 14 16 25 22 20 19 25 0 0 0 0 0 0 0 0 
0 0 0 0 0 0 0 0 0 0 0 0 0 0 0 0 27 12 10 23 
16 15 11 13 0 0 0 0 0 0 0 0 0 0 0 0 0 0 0 0 
0 0 0 0 12 29 25 19 0 0 0 0 0 0 0 0 0 0 0 0 
0 0 0 0 28 25 11 14 22 24 15 13 15 16 21 23 0 0 0 0 
0 0 0 0 23 13 17 27 24 30 22 18 16 28 30 17 0 0 0 0 
0 0 0 0 0 0 0 0 0 0 0 0 0 0 0 0 16 24 19 20 
12 30 24 23 0 0 0 0 0 0 0 0 0 0 0 0 0 0 0 0 
0 0 0 0 24 21 24 14 25 21 28 25 0 0 0 0 0 0 0 0 
0 0 0 0 0 0 0 0 0 0 0 0 21 11 30 17 0 0 0 0 
0 0 0 0 18 30 20 23 23 14 19 15 28 11 30 13 0 0 0 0 
0 0 0 0 0 0 0 0 0 0 0 0 0 0 0 0 27 22 24 17 
20 28 18 16 0 0 0 0 0 0 0 0 0 0 0 0 0 0 0 0 
0 0 0 0 0 0 0 0 26 10 28 18 0 0 0 0 0 0 0 0 
0 0 0 0 18 24 18 14 20 12 23 25 0 0 0 0 0 0 0 0 
0 0 0 0 15 10 15 23 16 27 23 25 13 29 12 29 0 0 0 0 
0 0 0 0 0 0 0 0 0 0 0 0 0 0 0 0 29 17 26 27 
25 24 14 18 0 0 0 0 0 0 0 0 0 0 0 0 0 0 0 0 
0 0 0 0 18 23 18 18 17 22 30 17 23 24 15 13 0 0 0 0 
0 0 0 0 26 11 29 26 14 11 21 17 13 19 29 29 0 0 0 0 
0 0 0 0 24 29 13 25 0 0 0 0 0 0 0 0 0 0 0 0 
0 0 0 0 0 0 0 0 0 0 0 0 0 0 0 0 21 12 26 27 
26 20 11 27 0 0 0 0 0 0 0 0 0 0 0 0 0 0 0 0 
0 0 0 0 19 12 13 27 0 0 0 0 19 11 14 28 0 0 0 0 
0 0 0 0 23 19 18 21 25 27 30 14 12 11 28 12 0 0 0 0 
0 0 0 0 0 0 0 0 24 28 21 18 27 26 20 22 0 0 0 0 
0 0 0 0 0 0 0 0 0 0 0 0 0 0 0 0 11 24 30 23 
18 25 30 22 0 0 0 0 0 0 0 0 0 0 0 0 0 0 0 0 
0 0 0 0 28 26 23 18 18 27 11 28 0 0 0 0 0 0 0 0 
0 0 0 0 13 19 11 16 15 19 14 23 20 19 19 24 0 0 0 0 
0 0 0 0 27 21 15 30 0 0 0 0 0 0 0 0 0 0 0 0 
0 0 0 0 0 0 0 0 0 0 0 0 0 0 0 0 22 18 12 30 
23 21 15 23 0 0 0 0 0 0 0 0 0 0 0 0 0 0 0 0 
0 0 0 0 21 19 23 16 13 21 22 29 14 13 30 25 0 0 0 0 
0 0 0 0 30 19 30 24 22 28 20 17 12 24 16 21 0 0 0 0 
0 0 0 0 0 0 0 0 0 0 0 0 13 11 21 12 0 0 0 0 
0 0 0 0 0 0 0 0 0 0 0 0 0 0 0 0 11 21 11 17 
16 16 12 17 0 0 0 0 0 0 0 0 0 0 0 0 0 0 0 0 
0 0 0 0 0 0 0 0 30 23 30 21 29 25 19 19 0 0 0 0 
0 0 0 0 14 15 18 17 14 13 15 17 21 18 15 22 0 0 0 0 
0 0 0 0 0 0 0 0 0 0 0 0 13 29 26 17 0 0 0 0 
0 0 0 0 0 0 0 0 0 0 0 0 0 0 0 0 10 12 24 26 
25 17 12 18 0 0 0 0 0 0 0 0 0 0 0 0 0 0 0 0 
0 0 0 0 26 20 18 27 0 0 0 0 0 0 0 0 0 0 0 0 
0 0 0 0 11 14 12 24 25 27 10 12 0 0 0 0 0 0 0 0 
0 0 0 0 0 0 0 0 26 15 25 11 0 0 0 0 0 0 0 0 
0 0 0 0 0 0 0 0 0 0 0 0 0 0 0 0 28 14 13 20 
21 18 16 30 0 0 0 0 0 0 0 0 0 0 0 0 0 0 0 0 
0 0 0 0 14 26 13 19 24 13 29 11 20 14 16 29 0 0 0 0 
0 0 0 0 10 15 22 10 0 0 0 0 0 0 0 0 0 0 0 0 
0 0 0 0 0 0 0 0 0 0 0 0 14 24 29 11 0 0 0 0 
0 0 0 0 0 0 0 0 0 0 0 0 0 0 0 0 20 26 12 22 
18 10 23 26 0 0 0 0 0 0 0 0 0 0 0 0 0 0 0 0 
0 0 0 0 0 0 0 0 0 0 0 0 28 30 24 29 0 0 0 0 
0 0 0 0 21 27 26 20 0 0 0 0 11 12 23 14 0 0 0 0 
0 0 0 0 17 13 17 10 0 0 0 0 14 29 15 27 0 0 0 0 
0 0 0 0 0 0 0 0 0 0 0 0 0 0 0 0 17 24 24 13 
17 21 24 13 0 0 0 0 0 0 0 0 0 0 0 0 0 0 0 0 
0 0 0 0 29 15 26 17 17 23 21 11 0 0 0 0 0 0 0 0 
0 0 0 0 0 0 0 0 11 18 25 10 0 0 0 0 0 0 0 0 
0 0 0 0 20 21 17 20 23 27 20 13 0 0 0 0 0 0 0 0 
0 0 0 0 0 0 0 0 0 0 0 0 0 0 0 0 22 25 15 19 
29 21 21 19 0 0 0 0 0 0 0 0 0 0 0 0 0 0 0 0 
0 0 0 0 19 21 13 16 0 0 0 0 22 28 19 15 0 0 0 0 
0 0 0 0 29 14 10 21 27 14 13 18 17 22 14 23 0 0 0 0 
0 0 0 0 12 30 13 18 16 14 28 23 0 0 0 0 0 0 0 0 
0 0 0 0 0 0 0 0 0 0 0 0 0 0 0 0 12 19 27 18 
15 28 11 25 0 0 0 0 0 0 0 0 0 0 0 0 0 0 0 0 
0 0 0 0 0 0 0 0 23 29 22 26 18 16 28 11 0 0 0 0 
0 0 0 0 20 18 25 30 0 0 0 0 13 26 14 15 0 0 0 0 
0 0 0 0 14 18 29 28 0 0 0 0 0 0 0 0 0 0 0 0 
0 0 0 0 0 0 0 0 0 0 0 0 0 0 0 0 25 13 15 16 
26 21 23 26 0 0 0 0 0 0 0 0 0 0 0 0 0 0 0 0 
0 0 0 0 0 0 0 0 16 24 29 11 10 24 19 25 0 0 0 0 
0 0 0 0 29 21 23 30 0 0 0 0 0 0 0 0 0 0 0 0 
0 0 0 0 29 18 16 25 15 23 14 17 23 30 15 27 0 0 0 0 
0 0 0 0 0 0 0 0 0 0 0 0 0 0 0 0 28 24 28 11 
14 20 13 17 0 0 0 0 0 0 0 0 0 0 0 0 0 0 0 0 
0 0 0 0 13 24 13 30 25 25 14 28 22 19 29 28 0 0 0 0 
0 0 0 0 0 0 0 0 22 19 29 14 0 0 0 0 0 0 0 0 
0 0 0 0 24 14 22 14 22 19 29 29 0 0 0 0 0 0 0 0 
0 0 0 0 0 0 0 0 0 0 0 0 0 0 0 0 18 29 10 11 
21 20 25 23 0 0 0 0 0 0 0 0 0 0 0 0 0 0 0 0 
0 0 0 0 21 11 17 26 20 24 18 10 21 29 17 12 0 0 0 0 
0 0 0 0 14 19 10 15 19 22 20 13 13 17 11 25 0 0 0 0 
0 0 0 0 0 0 0 0 0 0 0 0 13 28 11 26 0 0 0 0 
0 0 0 0 0 0 0 0 0 0 0 0 0 0 0 0 30 27 22 13 
29 13 10 14 0 0 0 0 0 0 0 0 0 0 0 0 0 0 0 0 
0 0 0 0 0 0 0 0 13 16 21 20 15 10 14 12 0 0 0 0 
0 0 0 0 17 22 23 17 26 18 16 29 19 19 17 27 0 0 0 0 
0 0 0 0 30 18 30 16 0 0 0 0 0 0 0 0 0 0 0 0 
0 0 0 0 0 0 0 0 0 0 0 0 0 0 0 0 27 15 30 24 
10 27 22 24 0 0 0 0 0 0 0 0 0 0 0 0 0 0 0 0 
0 0 0 0 14 24 12 18 17 23 22 25 11 19 14 16 0 0 0 0 
0 0 0 0 19 17 30 17 27 13 25 18 24 23 18 23 0 0 0 0 
0 0 0 0 28 13 15 20 27 17 22 12 30 17 30 18 0 0 0 0 
0 0 0 0 0 0 0 0 0 0 0 0 0 0 0 0 10 28 15 29 
27 20 17 16 0 0 0 0 0 0 0 0 0 0 0 0 0 0 0 0 
0 0 0 0 30 14 29 12 30 16 10 16 0 0 0 0 0 0 0 0 
0 0 0 0 0 0 0 0 20 16 20 16 29 10 28 15 0 0 0 0 
0 0 0 0 0 0 0 0 0 0 0 0 16 14 16 18 0 0 0 0 
0 0 0 0 0 0 0 0 0 0 0 0 0 0 0 0 27 29 29 16 
11 14 22 11 0 0 0 0 0 0 0 0 0 0 0 0 0 0 0 0 
0 0 0 0 13 27 24 24 20 13 25 20 19 25 15 21 0 0 0 0 
0 0 0 0 27 17 16 27 30 25 19 16 0 0 0 0 0 0 0 0 
0 0 0 0 0 0 0 0 13 15 26 21 14 29 30 12 0 0 0 0 
0 0 0 0 0 0 0 0 0 0 0 0 0 0 0 0 18 12 11 24 
20 10 19 29 0 0 0 0 0 0 0 0 0 0 0 0 0 0 0 0 
0 0 0 0 0 0 0 0 13 25 30 13 19 21 30 13 0 0 0 0 
0 0 0 0 20 15 15 16 11 28 22 28 12 26 24 28 0 0 0 0 
0 0 0 0 26 23 17 19 23 12 15 11 25 15 28 15 0 0 0 0 
0 0 0 0 0 0 0 0 0 0 0 0 0 0 0 0 28 29 17 12 
19 17 17 17 0 0 0 0 0 0 0 0 0 0 0 0 0 0 0 0 
0 0 0 0 0 0 0 0 0 0 0 0 30 12 15 23 0 0 0 0 
0 0 0 0 20 20 11 11 20 13 24 30 20 24 13 30 0 0 0 0 
0 0 0 0 0 0 0 0 0 0 0 0 27 12 14 26 0 0 0 0 
0 0 0 0 0 0 0 0 0 0 0 0 0 0 0 0 18 24 12 23 
26 22 30 30 0 0 0 0 0 0 0 0 0 0 0 0 0 0 0 0 
0 0 0 0 23 19 24 25 10 29 21 13 0 0 0 0 0 0 0 0 
0 0 0 0 16 12 27 30 13 22 22 29 0 0 0 0 0 0 0 0 
0 0 0 0 20 24 16 18 17 24 23 27 30 20 18 27 0 0 0 0 
0 0 0 0 0 0 0 0 0 0 0 0 0 0 0 0 23 16 23 19 
14 30 14 18 0 0 0 0 0 0 0 0 0 0 0 0 0 0 0 0 
0 0 0 0 0 0 0 0 18 25 14 17 0 0 0 0 0 0 0 0 
0 0 0 0 23 16 17 11 21 11 22 28 25 27 26 14 0 0 0 0 
0 0 0 0 12 30 28 17 0 0 0 0 22 17 22 15 0 0 0 0 
0 0 0 0 0 0 0 0 0 0 0 0 0 0 0 0 16 25 21 29 
21 27 14 17 0 0 0 0 0 0 0 0 0 0 0 0 0 0 0 0 
0 0 0 0 11 27 12 16 0 0 0 0 24 22 12 20 0 0 0 0 
0 0 0 0 0 0 0 0 16 10 14 14 16 17 15 29 0 0 0 0 
0 0 0 0 0 0 0 0 27 24 15 12 0 0 0 0 0 0 0 0 
0 0 0 0 0 0 0 0 0 0 0 0 0 0 0 0 11 28 18 30 
26 30 16 20 0 0 0 0 0 0 0 0 0 0 0 0 0 0 0 0 
0 0 0 0 30 18 17 23 18 20 20 19 19 28 30 17 0 0 0 0 
0 0 0 0 11 13 19 28 0 0 0 0 0 0 0 0 0 0 0 0 
0 0 0 0 0 0 0 0 0 0 0 0 26 21 24 26 0 0 0 0 
0 0 0 0 0 0 0 0 0 0 0 0 0 0 0 0 11 26 15 28 
14 28 19 25 0 0 0 0 0 0 0 0 0 0 0 0 0 0 0 0 
0 0 0 0 0 0 0 0 25 15 28 26 23 15 14 12 0 0 0 0 
0 0 0 0 11 26 15 20 0 0 0 0 21 18 30 14 0 0 0 0 
0 0 0 0 0 0 0 0 17 13 14 23 0 0 0 0 0 0 0 0 
0 0 0 0 0 0 0 0 0 0 0 0 0 0 0 0 14 23 14 27 
22 26 26 24 0 0 0 0 0 0 0 0 0 0 0 0 0 0 0 0 
0 0 0 0 20 23 29 27 29 22 19 12 19 30 26 11 0 0 0 0 
0 0 0 0 0 0 0 0 0 0 0 0 15 24 15 21 0 0 0 0 
0 0 0 0 22 18 22 11 0 0 0 0 0 0 0 0 0 0 0 0 
0 0 0 0 0 0 0 0 0 0 0 0 0 0 0 0 11 19 11 28 
21 20 30 11 0 0 0 0 0 0 0 0 0 0 0 0 0 0 0 0 
0 0 0 0 29 14 17 18 18 13 23 18 26 10 18 18 0 0 0 0 
0 0 0 0 0 0 0 0 29 18 30 24 11 20 22 23 0 0 0 0 
0 0 0 0 28 28 17 18 18 24 21 21 12 30 14 25 0 0 0 0 
0 0 0 0 0 0 0 0 0 0 0 0 0 0 0 0 23 26 17 13 
26 23 18 30 0 0 0 0 0 0 0 0 0 0 0 0 0 0 0 0 
0 0 0 0 17 26 28 15 24 30 15 26 22 18 14 25 0 0 0 0 
0 0 0 0 0 0 0 0 0 0 0 0 13 13 13 26 0 0 0 0 
0 0 0 0 27 27 29 27 15 21 14 16 16 15 10 11 0 0 0 0 
0 0 0 0 0 0 0 0 0 0 0 0 0 0 0 0 11 29 10 20 
23 14 26 24 0 0 0 0 0 0 0 0 0 0 0 0 0 0 0 0 
0 0 0 0 0 0 0 0 0 0 0 0 19 19 19 18 0 0 0 0 
0 0 0 0 13 17 30 25 20 10 19 18 30 22 26 17 0 0 0 0 
0 0 0 0 10 29 17 21 19 27 26 20 0 0 0 0 0 0 0 0 
0 0 0 0 0 0 0 0 0 0 0 0 0 0 0 0 29 30 13 18 
13 18 21 10 0 0 0 0 0 0 0 0 0 0 0 0 0 0 0 0 
0 0 0 0 29 23 27 29 18 26 30 13 0 0 0 0 0 0 0 0 
0 0 0 0 0 0 0 0 22 15 12 16 0 0 0 0 0 0 0 0 
0 0 0 0 24 26 27 13 17 24 28 17 18 13 24 13 0 0 0 0 
0 0 0 0 0 0 0 0 0 0 0 0 0 0 0 0 27 18 17 10 
21 10 25 28 0 0 0 0 0 0 0 0 0 0 0 0 0 0 0 0 
0 0 0 0 28 27 14 15 28 22 16 20 0 0 0 0 0 0 0 0 
0 0 0 0 10 30 21 27 24 20 13 15 15 29 30 23 0 0 0 0 
0 0 0 0 17 13 15 25 16 21 24 16 30 19 29 12 0 0 0 0 
0 0 0 0 0 0 0 0 0 0 0 0 0 0 0 0 30 21 11 13 
28 14 12 14 0 0 0 0 0 0 0 0 0 0 0 0 0 0 0 0 
0 0 0 0 15 21 23 30 19 15 13 11 13 16 27 12 0 0 0 0 
0 0 0 0 0 0 0 0 19 26 10 28 27 20 17 15 0 0 0 0 
0 0 0 0 0 0 0 0 12 16 11 16 0 0 0 0 0 0 0 0 
0 0 0 0 0 0 0 0 0 0 0 0 0 0 0 0 16 12 22 11 
17 14 25 30 0 0 0 0 0 0 0 0 0 0 0 0 0 0 0 0 
0 0 0 0 30 23 20 18 11 11 29 23 22 27 18 23 0 0 0 0 
0 0 0 0 11 10 15 27 17 18 23 21 29 26 20 10 0 0 0 0 
0 0 0 0 23 15 10 20 0 0 0 0 28 24 30 21 0 0 0 0 
0 0 0 0 0 0 0 0 0 0 0 0 0 0 0 0 26 29 25 10 
14 17 19 12 0 0 0 0 0 0 0 0 0 0 0 0 0 0 0 0 
0 0 0 0 13 26 11 19 24 30 26 14 17 23 19 20 0 0 0 0 
0 0 0 0 13 25 17 11 26 29 28 14 14 23 10 19 0 0 0 0 
0 0 0 0 0 0 0 0 0 0 0 0 13 11 23 30 0 0 0 0 
0 0 0 0 0 0 0 0 0 0 0 0 0 0 0 0 26 29 15 13 
26 28 28 26 0 0 0 0 0 0 0 0 0 0 0 0 0 0 0 0 
0 0 0 0 0 0 0 0 0 0 0 0 19 26 10 15 0 0 0 0 
0 0 0 0 11 12 22 21 20 19 27 12 13 10 28 30 0 0 0 0 
0 0 0 0 18 24 29 18 0 0 0 0 0 0 0 0 0 0 0 0 
0 0 0 0 0 0 0 0 0 0 0 0 0 0 0 0 26 10 30 29 
13 13 17 12 0 0 0 0 0 0 0 0 0 0 0 0 0 0 0 0 
0 0 0 0 0 0 0 0 12 27 29 24 0 0 0 0 0 0 0 0 
0 0 0 0 16 17 21 16 14 19 27 24 18 13 13 23 0 0 0 0 
0 0 0 0 0 0 0 0 0 0 0 0 23 25 27 28 0 0 0 0 
0 0 0 0 0 0 0 0 0 0 0 0 0 0 0 0 17 27 17 23 
23 18 18 25 0 0 0 0 0 0 0 0 0 0 0 0 0 0 0 0 
0 0 0 0 22 12 29 10 16 23 19 15 14 24 22 21 0 0 0 0 
0 0 0 0 15 26 22 30 0 0 0 0 0 0 0 0 0 0 0 0 
0 0 0 0 23 30 12 12 22 30 29 19 22 30 11 27 0 0 0 0 
0 0 0 0 0 0 0 0 0 0 0 0 0 0 0 0 22 28 11 15 
19 16 23 12 0 0 0 0 0 0 0 0 0 0 0 0 0 0 0 0 
0 0 0 0 0 0 0 0 19 15 17 24 0 0 0 0 0 0 0 0 
0 0 0 0 0 0 0 0 0 0 0 0 25 24 12 28 0 0 0 0 
0 0 0 0 26 17 15 22 21 29 18 22 0 0 0 0 0 0 0 0 
0 0 0 0 0 0 0 0 0 0 0 0 0 0 0 0 30 15 18 10 
14 28 10 16 0 0 0 0 0 0 0 0 0 0 0 0 0 0 0 0 
0 0 0 0 0 0 0 0 14 27 24 13 0 0 0 0 0 0 0 0 
0 0 0 0 17 11 27 26 0 0 0 0 0 0 0 0 0 0 0 0 
0 0 0 0 0 0 0 0 28 26 21 14 0 0 0 0 0 0 0 0 
0 0 0 0 0 0 0 0 0 0 0 0 0 0 0 0 26 24 14 13 
24 22 29 27 0 0 0 0 0 0 0 0 0 0 0 0 0 0 0 0 
0 0 0 0 15 23 11 14 28 29 18 15 20 10 21 26 0 0 0 0 
0 0 0 0 18 19 22 26 17 24 12 21 25 29 13 30 0 0 0 0 
0 0 0 0 0 0 0 0 15 12 29 25 16 14 28 25 0 0 0 0 
0 0 0 0 0 0 0 0 0 0 0 0 0 0 0 0 27 16 28 24 
24 23 26 24 0 0 0 0 0 0 0 0 0 0 0 0 0 0 0 0 
0 0 0 0 0 0 0 0 0 0 0 0 15 19 10 24 0 0 0 0 
0 0 0 0 0 0 0 0 0 0 0 0 14 15 21 18 0 0 0 0 
0 0 0 0 0 0 0 0 25 30 12 26 0 0 0 0 0 0 0 0 
0 0 0 0 0 0 0 0 0 0 0 0 0 0 0 0 28 19 14 12 
19 28 17 29 0 0 0 0 0 0 0 0 0 0 0 0 0 0 0 0 
0 0 0 0 27 30 11 24 11 18 23 25 0 0 0 0 0 0 0 0 
0 0 0 0 27 12 30 12 21 14 28 12 29 22 30 17 0 0 0 0 
0 0 0 0 22 26 10 18 25 26 24 30 23 15 11 30 0 0 0 0 
0 0 0 0 0 0 0 0 0 0 0 0 0 0 0 0 29 30 13 22 
14 18 20 12 0 0 0 0 0 0 0 0 0 0 0 0 0 0 0 0 
0 0 0 0 23 10 30 29 24 11 17 14 0 0 0 0 0 0 0 0 
0 0 0 0 21 11 14 12 24 26 15 19 28 22 26 28 0 0 0 0 
0 0 0 0 0 0 0 0 26 12 29 15 0 0 0 0 0 0 0 0 
0 0 0 0 0 0 0 0 0 0 0 0 0 0 0 0 20 26 26 12 
13 19 25 17 0 0 0 0 0 0 0 0 0 0 0 0 0 0 0 0 
0 0 0 0 0 0 0 0 0 0 0 0 21 16 17 25 0 0 0 0 
0 0 0 0 13 16 20 18 0 0 0 0 0 0 0 0 0 0 0 0 
0 0 0 0 15 27 22 30 12 16 16 25 19 18 13 14 0 0 0 0 
0 0 0 0 0 0 0 0 0 0 0 0 0 0 0 0 10 22 26 18 
15 30 26 25 0 0 0 0 0 0 0 0 0 0 0 0 0 0 0 0 
0 0 0 0 27 21 12 15 15 16 24 12 21 20 20 24 0 0 0 0 
0 0 0 0 22 20 11 28 10 22 14 20 30 22 29 29 0 0 0 0 
0 0 0 0 17 17 15 13 14 17 13 14 18 18 23 27 0 0 0 0 
0 0 0 0 0 0 0 0 0 0 0 0 0 0 0 0 22 10 27 23 
14 18 12 15 0 0 0 0 0 0 0 0 0 0 0 0 0 0 0 0 
0 0 0 0 0 0 0 0 14 19 15 10 0 0 0 0 0 0 0 0 
0 0 0 0 0 0 0 0 0 0 0 0 15 24 24 17 0 0 0 0 
0 0 0 0 14 15 28 17 18 29 21 25 30 10 24 12 0 0 0 0 
0 0 0 0 0 0 0 0 0 0 0 0 0 0 0 0 15 30 24 17 
26 21 28 25 0 0 0 0 0 0 0 0 0 0 0 0 0 0 0 0 
0 0 0 0 19 27 26 25 0 0 0 0 0 0 0 0 0 0 0 0 
0 0 0 0 25 17 29 15 21 30 15 30 28 19 30 30 0 0 0 0 
0 0 0 0 0 0 0 0 14 21 13 25 29 25 11 30 0 0 0 0 
0 0 0 0 0 0 0 0 0 0 0 0 0 0 0 0 17 23 17 14 
17 14 30 25 0 0 0 0 0 0 0 0 0 0 0 0 0 0 0 0 
0 0 0 0 0 0 0 0 12 23 16 15 0 0 0 0 0 0 0 0 
0 0 0 0 0 0 0 0 26 19 25 23 14 20 27 21 0 0 0 0 
0 0 0 0 0 0 0 0 0 0 0 0 27 24 14 19 0 0 0 0 
0 0 0 0 0 0 0 0 0 0 0 0 0 0 0 0 18 19 10 15 
17 18 21 13 0 0 0 0 0 0 0 0 0 0 0 0 0 0 0 0 
0 0 0 0 26 10 19 29 16 26 22 22 19 20 17 13 0 0 0 0 
0 0 0 0 12 21 24 27 10 10 17 19 0 0 0 0 0 0 0 0 
0 0 0 0 0 0 0 0 0 0 0 0 15 21 20 25 0 0 0 0 
0 0 0 0 0 0 0 0 0 0 0 0 0 0 0 0 25 30 22 30 
12 11 11 24 0 0 0 0 0 0 0 0 0 0 0 0 0 0 0 0 
0 0 0 0 13 27 18 15 0 0 0 0 22 19 24 19 0 0 0 0 
0 0 0 0 0 0 0 0 0 0 0 0 29 19 28 12 0 0 0 0 
0 0 0 0 10 25 14 11 0 0 0 0 18 25 10 27 0 0 0 0 
0 0 0 0 0 0 0 0 0 0 0 0 0 0 0 0 16 22 16 11 
26 25 25 26 0 0 0 0 0 0 0 0 0 0 0 0 0 0 0 0 
0 0 0 0 26 11 12 17 21 18 30 12 10 21 30 25 0 0 0 0 
0 0 0 0 10 10 25 14 20 14 12 11 30 13 28 20 0 0 0 0 
0 0 0 0 16 25 12 11 12 19 28 24 15 15 11 11 0 0 0 0 
0 0 0 0 0 0 0 0 0 0 0 0 0 0 0 0 10 18 29 14 
19 16 21 10 0 0 0 0 0 0 0 0 0 0 0 0 0 0 0 0 
0 0 0 0 0 0 0 0 0 0 0 0 22 10 23 21 0 0 0 0 
0 0 0 0 11 21 24 20 23 13 18 12 0 0 0 0 0 0 0 0 
0 0 0 0 12 18 30 22 0 0 0 0 15 17 29 14 0 0 0 0 
0 0 0 0 0 0 0 0 0 0 0 0 0 0 0 0 28 23 18 25
---------------------
 
Processing cost   (0 -- non-optional machine)
Rows: sequential for each operation of each part; Columns: correspond to machine number
17 11 16 18 0 0 0 0 0 0 0 0 0 0 0 0 0 0 0 0 
0 0 0 0 0 0 0 0 0 0 0 0 14 14 13 12 0 0 0 0 
0 0 0 0 0 0 0 0 0 0 0 0 12 12 10 11 0 0 0 0 
0 0 0 0 0 0 0 0 0 0 0 0 17 10 19 20 0 0 0 0 
0 0 0 0 0 0 0 0 0 0 0 0 0 0 0 0 12 14 12 12 
16 18 12 10 0 0 0 0 0 0 0 0 0 0 0 0 0 0 0 0 
0 0 0 0 0 0 0 0 19 19 18 18 0 0 0 0 0 0 0 0 
0 0 0 0 18 10 12 18 16 18 18 11 13 10 10 19 0 0 0 0 
0 0 0 0 13 18 14 15 0 0 0 0 18 18 19 20 0 0 0 0 
0 0 0 0 0 0 0 0 0 0 0 0 0 0 0 0 14 16 16 17 
12 10 17 10 0 0 0 0 0 0 0 0 0 0 0 0 0 0 0 0 
0 0 0 0 14 13 15 14 0 0 0 0 15 13 12 19 0 0 0 0 
0 0 0 0 0 0 0 0 13 12 18 10 0 0 0 0 0 0 0 0 
0 0 0 0 13 18 20 10 18 14 14 15 0 0 0 0 0 0 0 0 
0 0 0 0 0 0 0 0 0 0 0 0 0 0 0 0 19 16 18 20 
10 19 19 13 0 0 0 0 0 0 0 0 0 0 0 0 0 0 0 0 
0 0 0 0 10 15 17 13 0 0 0 0 0 0 0 0 0 0 0 0 
0 0 0 0 10 18 19 11 11 20 15 10 15 10 12 17 0 0 0 0 
0 0 0 0 18 11 12 11 10 11 13 16 10 19 18 15 0 0 0 0 
0 0 0 0 0 0 0 0 0 0 0 0 0 0 0 0 17 15 15 12 
16 11 19 10 0 0 0 0 0 0 0 0 0 0 0 0 0 0 0 0 
0 0 0 0 12 12 13 17 0 0 0 0 0 0 0 0 0 0 0 0 
0 0 0 0 11 20 14 16 10 14 18 16 18 16 18 10 0 0 0 0 
0 0 0 0 15 10 11 14 0 0 0 0 0 0 0 0 0 0 0 0 
0 0 0 0 0 0 0 0 0 0 0 0 0 0 0 0 19 11 17 19 
15 14 14 14 0 0 0 0 0 0 0 0 0 0 0 0 0 0 0 0 
0 0 0 0 0 0 0 0 0 0 0 0 12 13 14 18 0 0 0 0 
0 0 0 0 15 12 15 12 18 12 15 14 0 0 0 0 0 0 0 0 
0 0 0 0 16 17 16 20 18 12 17 18 11 14 13 14 0 0 0 0 
0 0 0 0 0 0 0 0 0 0 0 0 0 0 0 0 19 19 15 14 
12 18 12 17 0 0 0 0 0 0 0 0 0 0 0 0 0 0 0 0 
0 0 0 0 20 13 13 19 13 16 14 14 16 10 20 19 0 0 0 0 
0 0 0 0 10 12 13 17 20 20 18 20 0 0 0 0 0 0 0 0 
0 0 0 0 10 17 16 10 14 17 16 15 0 0 0 0 0 0 0 0 
0 0 0 0 0 0 0 0 0 0 0 0 0 0 0 0 11 11 16 13 
17 19 13 11 0 0 0 0 0 0 0 0 0 0 0 0 0 0 0 0 
0 0 0 0 18 19 14 18 17 18 11 18 14 17 12 17 0 0 0 0 
0 0 0 0 15 14 18 13 10 18 14 18 0 0 0 0 0 0 0 0 
0 0 0 0 0 0 0 0 19 17 12 19 19 12 11 20 0 0 0 0 
0 0 0 0 0 0 0 0 0 0 0 0 0 0 0 0 14 19 13 15 
20 14 11 13 0 0 0 0 0 0 0 0 0 0 0 0 0 0 0 0 
0 0 0 0 0 0 0 0 0 0 0 0 13 17 15 19 0 0 0 0 
0 0 0 0 14 16 10 16 16 13 12 19 11 13 14 17 0 0 0 0 
0 0 0 0 0 0 0 0 0 0 0 0 20 12 18 19 0 0 0 0 
0 0 0 0 0 0 0 0 0 0 0 0 0 0 0 0 15 15 11 13 
14 17 14 15 0 0 0 0 0 0 0 0 0 0 0 0 0 0 0 0 
0 0 0 0 13 19 13 16 11 10 19 18 17 14 17 11 0 0 0 0 
0 0 0 0 16 12 15 15 0 0 0 0 13 11 12 16 0 0 0 0 
0 0 0 0 11 12 15 11 14 20 20 20 10 16 10 10 0 0 0 0 
0 0 0 0 0 0 0 0 0 0 0 0 0 0 0 0 16 10 15 14 
12 10 13 14 0 0 0 0 0 0 0 0 0 0 0 0 0 0 0 0 
0 0 0 0 12 14 20 12 0 0 0 0 0 0 0 0 0 0 0 0 
0 0 0 0 0 0 0 0 12 11 11 16 0 0 0 0 0 0 0 0 
0 0 0 0 10 15 20 14 0 0 0 0 12 16 13 20 0 0 0 0 
0 0 0 0 0 0 0 0 0 0 0 0 0 0 0 0 10 15 10 19 
18 11 13 17 0 0 0 0 0 0 0 0 0 0 0 0 0 0 0 0 
0 0 0 0 17 11 15 18 16 19 13 14 15 19 20 11 0 0 0 0 
0 0 0 0 15 12 14 19 20 17 14 11 20 19 14 18 0 0 0 0 
0 0 0 0 0 0 0 0 10 16 11 13 0 0 0 0 0 0 0 0 
0 0 0 0 0 0 0 0 0 0 0 0 0 0 0 0 11 15 19 10 
20 20 19 11 0 0 0 0 0 0 0 0 0 0 0 0 0 0 0 0 
0 0 0 0 0 0 0 0 0 0 0 0 16 14 14 15 0 0 0 0 
0 0 0 0 12 12 11 15 16 19 18 18 0 0 0 0 0 0 0 0 
0 0 0 0 14 12 15 17 19 16 16 15 16 15 13 16 0 0 0 0 
0 0 0 0 0 0 0 0 0 0 0 0 0 0 0 0 11 17 19 16 
11 13 12 17 0 0 0 0 0 0 0 0 0 0 0 0 0 0 0 0 
0 0 0 0 14 18 17 20 19 16 11 13 16 15 13 20 0 0 0 0 
0 0 0 0 13 12 17 18 10 15 16 19 0 0 0 0 0 0 0 0 
0 0 0 0 10 10 18 17 14 17 10 10 17 10 18 13 0 0 0 0 
0 0 0 0 0 0 0 0 0 0 0 0 0 0 0 0 14 15 13 13 
11 12 17 12 0 0 0 0 0 0 0 0 0 0 0 0 0 0 0 0 
0 0 0 0 0 0 0 0 13 20 12 15 0 0 0 0 0 0 0 0 
0 0 0 0 12 17 19 18 12 17 14 18 11 14 12 19 0 0 0 0 
0 0 0 0 20 10 11 14 14 11 15 11 15 17 11 11 0 0 0 0 
0 0 0 0 0 0 0 0 0 0 0 0 0 0 0 0 11 17 12 14 
14 14 18 16 0 0 0 0 0 0 0 0 0 0 0 0 0 0 0 0 
0 0 0 0 16 20 12 20 12 18 10 17 17 15 17 16 0 0 0 0 
0 0 0 0 16 19 18 18 10 14 19 19 12 16 17 20 0 0 0 0 
0 0 0 0 0 0 0 0 11 17 11 19 0 0 0 0 0 0 0 0 
0 0 0 0 0 0 0 0 0 0 0 0 0 0 0 0 16 15 12 12 
14 19 16 18 0 0 0 0 0 0 0 0 0 0 0 0 0 0 0 0 
0 0 0 0 0 0 0 0 0 0 0 0 11 10 12 20 0 0 0 0 
0 0 0 0 11 16 10 19 19 17 18 19 15 17 14 14 0 0 0 0 
0 0 0 0 0 0 0 0 11 14 12 16 0 0 0 0 0 0 0 0 
0 0 0 0 0 0 0 0 0 0 0 0 0 0 0 0 11 20 16 20 
20 12 15 15 0 0 0 0 0 0 0 0 0 0 0 0 0 0 0 0 
0 0 0 0 18 16 12 12 18 19 10 20 15 16 19 11 0 0 0 0 
0 0 0 0 10 17 13 16 19 13 20 15 14 12 20 13 0 0 0 0 
0 0 0 0 0 0 0 0 15 20 14 19 0 0 0 0 0 0 0 0 
0 0 0 0 0 0 0 0 0 0 0 0 0 0 0 0 16 13 17 13 
13 18 10 17 0 0 0 0 0 0 0 0 0 0 0 0 0 0 0 0 
0 0 0 0 0 0 0 0 14 12 11 20 17 11 17 12 0 0 0 0 
0 0 0 0 0 0 0 0 17 15 10 19 20 20 14 13 0 0 0 0 
0 0 0 0 0 0 0 0 13 10 18 12 0 0 0 0 0 0 0 0 
0 0 0 0 0 0 0 0 0 0 0 0 0 0 0 0 12 20 14 13 
15 11 14 20 0 0 0 0 0 0 0 0 0 0 0 0 0 0 0 0 
0 0 0 0 16 19 20 13 0 0 0 0 0 0 0 0 0 0 0 0 
0 0 0 0 17 16 10 20 0 0 0 0 18 16 10 19 0 0 0 0 
0 0 0 0 14 10 16 17 17 14 14 14 0 0 0 0 0 0 0 0 
0 0 0 0 0 0 0 0 0 0 0 0 0 0 0 0 13 19 12 18 
17 15 15 12 0 0 0 0 0 0 0 0 0 0 0 0 0 0 0 0 
0 0 0 0 14 14 18 11 20 15 16 15 10 14 10 19 0 0 0 0 
0 0 0 0 0 0 0 0 12 13 19 13 0 0 0 0 0 0 0 0 
0 0 0 0 0 0 0 0 13 16 16 12 0 0 0 0 0 0 0 0 
0 0 0 0 0 0 0 0 0 0 0 0 0 0 0 0 20 13 17 13 
13 15 12 20 0 0 0 0 0 0 0 0 0 0 0 0 0 0 0 0 
0 0 0 0 11 18 19 16 0 0 0 0 15 15 12 12 0 0 0 0 
0 0 0 0 0 0 0 0 15 14 17 10 20 12 15 16 0 0 0 0 
0 0 0 0 10 15 16 14 20 15 14 14 20 13 15 14 0 0 0 0 
0 0 0 0 0 0 0 0 0 0 0 0 0 0 0 0 16 11 10 18 
19 11 13 13 0 0 0 0 0 0 0 0 0 0 0 0 0 0 0 0 
0 0 0 0 0 0 0 0 15 18 20 11 12 14 18 12 0 0 0 0 
0 0 0 0 14 10 12 13 19 10 10 16 18 12 19 15 0 0 0 0 
0 0 0 0 0 0 0 0 0 0 0 0 20 20 12 13 0 0 0 0 
0 0 0 0 0 0 0 0 0 0 0 0 0 0 0 0 11 10 13 12 
16 20 13 17 0 0 0 0 0 0 0 0 0 0 0 0 0 0 0 0 
0 0 0 0 10 15 15 15 0 0 0 0 14 11 18 13 0 0 0 0 
0 0 0 0 17 20 17 16 18 19 11 10 10 15 11 15 0 0 0 0 
0 0 0 0 0 0 0 0 20 13 20 11 11 18 15 11 0 0 0 0 
0 0 0 0 0 0 0 0 0 0 0 0 0 0 0 0 12 17 17 20 
12 10 12 17 0 0 0 0 0 0 0 0 0 0 0 0 0 0 0 0 
0 0 0 0 20 18 13 12 0 0 0 0 17 18 15 17 0 0 0 0 
0 0 0 0 0 0 0 0 16 13 16 11 0 0 0 0 0 0 0 0 
0 0 0 0 10 19 12 17 13 13 16 18 12 12 12 15 0 0 0 0 
0 0 0 0 0 0 0 0 0 0 0 0 0 0 0 0 18 17 14 19 
16 19 11 18 0 0 0 0 0 0 0 0 0 0 0 0 0 0 0 0 
0 0 0 0 20 14 18 14 10 15 16 11 11 13 18 14 0 0 0 0 
0 0 0 0 0 0 0 0 12 14 13 15 12 11 12 13 0 0 0 0 
0 0 0 0 11 16 10 17 0 0 0 0 0 0 0 0 0 0 0 0 
0 0 0 0 0 0 0 0 0 0 0 0 0 0 0 0 17 20 19 15 
18 11 16 16 0 0 0 0 0 0 0 0 0 0 0 0 0 0 0 0 
0 0 0 0 18 19 14 17 0 0 0 0 0 0 0 0 0 0 0 0 
0 0 0 0 10 13 18 11 19 19 19 17 14 12 17 11 0 0 0 0 
0 0 0 0 15 12 19 17 14 14 10 13 14 17 17 15 0 0 0 0 
0 0 0 0 0 0 0 0 0 0 0 0 0 0 0 0 16 11 19 20 
13 17 15 15 0 0 0 0 0 0 0 0 0 0 0 0 0 0 0 0 
0 0 0 0 0 0 0 0 12 20 16 15 14 17 13 13 0 0 0 0 
0 0 0 0 11 14 11 20 14 16 11 16 16 15 15 10 0 0 0 0 
0 0 0 0 19 14 12 15 20 18 19 20 12 20 13 17 0 0 0 0 
0 0 0 0 0 0 0 0 0 0 0 0 0 0 0 0 17 17 16 14 
14 18 19 13 0 0 0 0 0 0 0 0 0 0 0 0 0 0 0 0 
0 0 0 0 0 0 0 0 0 0 0 0 20 17 14 14 0 0 0 0 
0 0 0 0 0 0 0 0 0 0 0 0 17 13 15 15 0 0 0 0 
0 0 0 0 17 11 20 13 0 0 0 0 0 0 0 0 0 0 0 0 
0 0 0 0 0 0 0 0 0 0 0 0 0 0 0 0 10 14 19 10 
17 20 20 11 0 0 0 0 0 0 0 0 0 0 0 0 0 0 0 0 
0 0 0 0 0 0 0 0 12 11 12 13 0 0 0 0 0 0 0 0 
0 0 0 0 0 0 0 0 18 19 10 17 11 16 11 16 0 0 0 0 
0 0 0 0 0 0 0 0 14 14 15 18 0 0 0 0 0 0 0 0 
0 0 0 0 0 0 0 0 0 0 0 0 0 0 0 0 13 17 13 16 
17 20 15 11 0 0 0 0 0 0 0 0 0 0 0 0 0 0 0 0 
0 0 0 0 14 12 20 12 0 0 0 0 18 15 12 20 0 0 0 0 
0 0 0 0 13 14 10 13 18 18 10 12 20 16 12 11 0 0 0 0 
0 0 0 0 16 18 14 15 12 17 12 16 11 20 11 13 0 0 0 0 
0 0 0 0 0 0 0 0 0 0 0 0 0 0 0 0 13 17 19 15 
18 11 13 18 0 0 0 0 0 0 0 0 0 0 0 0 0 0 0 0 
0 0 0 0 15 18 16 20 0 0 0 0 10 16 15 19 0 0 0 0 
0 0 0 0 15 13 17 12 17 18 20 19 16 13 20 10 0 0 0 0 
0 0 0 0 16 17 10 18 0 0 0 0 15 11 14 16 0 0 0 0 
0 0 0 0 0 0 0 0 0 0 0 0 0 0 0 0 11 16 13 10 
11 13 19 20 0 0 0 0 0 0 0 0 0 0 0 0 0 0 0 0 
0 0 0 0 11 13 18 13 0 0 0 0 0 0 0 0 0 0 0 0 
0 0 0 0 14 11 20 11 19 13 12 17 17 19 19 11 0 0 0 0 
0 0 0 0 13 10 12 20 20 16 14 14 0 0 0 0 0 0 0 0 
0 0 0 0 0 0 0 0 0 0 0 0 0 0 0 0 15 19 15 19 
13 15 13 17 0 0 0 0 0 0 0 0 0 0 0 0 0 0 0 0 
0 0 0 0 13 20 18 20 17 20 18 19 0 0 0 0 0 0 0 0 
0 0 0 0 10 15 12 18 13 11 11 15 0 0 0 0 0 0 0 0 
0 0 0 0 0 0 0 0 19 11 12 18 0 0 0 0 0 0 0 0 
0 0 0 0 0 0 0 0 0 0 0 0 0 0 0 0 16 17 19 16 
11 14 14 11 0 0 0 0 0 0 0 0 0 0 0 0 0 0 0 0 
0 0 0 0 17 18 12 19 20 15 11 10 12 13 12 10 0 0 0 0 
0 0 0 0 11 14 18 16 0 0 0 0 13 16 13 13 0 0 0 0 
0 0 0 0 0 0 0 0 16 19 20 14 0 0 0 0 0 0 0 0 
0 0 0 0 0 0 0 0 0 0 0 0 0 0 0 0 16 11 17 14 
18 20 18 15 0 0 0 0 0 0 0 0 0 0 0 0 0 0 0 0 
0 0 0 0 17 13 18 10 0 0 0 0 0 0 0 0 0 0 0 0 
0 0 0 0 11 14 14 11 16 10 11 18 18 13 17 11 0 0 0 0 
0 0 0 0 15 12 12 16 17 15 12 20 13 11 11 10 0 0 0 0 
0 0 0 0 0 0 0 0 0 0 0 0 0 0 0 0 13 16 11 14 
16 13 13 19 0 0 0 0 0 0 0 0 0 0 0 0 0 0 0 0 
0 0 0 0 18 15 14 13 0 0 0 0 0 0 0 0 0 0 0 0 
0 0 0 0 16 19 20 17 0 0 0 0 0 0 0 0 0 0 0 0 
0 0 0 0 10 14 14 11 0 0 0 0 12 15 17 20 0 0 0 0 
0 0 0 0 0 0 0 0 0 0 0 0 0 0 0 0 17 13 19 15 
16 10 13 14 0 0 0 0 0 0 0 0 0 0 0 0 0 0 0 0 
0 0 0 0 12 19 10 13 10 15 16 19 14 10 17 13 0 0 0 0 
0 0 0 0 12 15 12 18 0 0 0 0 10 17 15 19 0 0 0 0 
0 0 0 0 0 0 0 0 0 0 0 0 13 17 18 19 0 0 0 0 
0 0 0 0 0 0 0 0 0 0 0 0 0 0 0 0 19 18 19 13 
12 16 18 14 0 0 0 0 0 0 0 0 0 0 0 0 0 0 0 0 
0 0 0 0 13 18 17 13 12 19 10 12 10 18 17 18 0 0 0 0 
0 0 0 0 13 15 20 18 10 10 11 10 17 14 17 11 0 0 0 0 
0 0 0 0 20 12 17 13 0 0 0 0 13 13 10 19 0 0 0 0 
0 0 0 0 0 0 0 0 0 0 0 0 0 0 0 0 17 13 16 13 
12 10 10 11 0 0 0 0 0 0 0 0 0 0 0 0 0 0 0 0 
0 0 0 0 13 15 16 17 18 16 18 18 13 19 14 18 0 0 0 0 
0 0 0 0 0 0 0 0 13 14 13 10 0 0 0 0 0 0 0 0 
0 0 0 0 15 12 14 12 11 15 17 16 14 13 14 16 0 0 0 0 
0 0 0 0 0 0 0 0 0 0 0 0 0 0 0 0 17 17 18 12 
20 19 11 16 0 0 0 0 0 0 0 0 0 0 0 0 0 0 0 0 
0 0 0 0 20 14 14 12 14 14 17 11 12 15 14 11 0 0 0 0 
0 0 0 0 0 0 0 0 15 12 11 12 16 19 17 12 0 0 0 0 
0 0 0 0 0 0 0 0 0 0 0 0 17 12 14 16 0 0 0 0 
0 0 0 0 0 0 0 0 0 0 0 0 0 0 0 0 13 16 20 17 
15 16 17 20 0 0 0 0 0 0 0 0 0 0 0 0 0 0 0 0 
0 0 0 0 19 15 12 18 0 0 0 0 0 0 0 0 0 0 0 0 
0 0 0 0 19 14 20 10 15 15 15 18 18 12 12 20 0 0 0 0 
0 0 0 0 0 0 0 0 19 10 15 13 0 0 0 0 0 0 0 0 
0 0 0 0 0 0 0 0 0 0 0 0 0 0 0 0 20 17 15 13 
11 16 13 18 0 0 0 0 0 0 0 0 0 0 0 0 0 0 0 0 
0 0 0 0 17 19 20 14 15 15 19 13 13 18 14 14 0 0 0 0 
0 0 0 0 13 11 13 15 18 13 11 10 11 20 18 11 0 0 0 0 
0 0 0 0 13 20 10 11 11 14 17 14 0 0 0 0 0 0 0 0 
0 0 0 0 0 0 0 0 0 0 0 0 0 0 0 0 18 13 19 11 
16 13 12 14 0 0 0 0 0 0 0 0 0 0 0 0 0 0 0 0 
0 0 0 0 0 0 0 0 0 0 0 0 17 12 15 16 0 0 0 0 
0 0 0 0 0 0 0 0 18 18 12 15 13 13 11 15 0 0 0 0 
0 0 0 0 15 12 19 16 0 0 0 0 0 0 0 0 0 0 0 0 
0 0 0 0 0 0 0 0 0 0 0 0 0 0 0 0 20 10 16 11 
10 15 15 11 0 0 0 0 0 0 0 0 0 0 0 0 0 0 0 0 
0 0 0 0 16 11 19 14 14 11 19 12 17 11 18 10 0 0 0 0 
0 0 0 0 0 0 0 0 0 0 0 0 19 20 14 14 0 0 0 0 
0 0 0 0 14 19 13 11 15 10 15 18 0 0 0 0 0 0 0 0 
0 0 0 0 0 0 0 0 0 0 0 0 0 0 0 0 20 11 11 14 
13 14 16 15 0 0 0 0 0 0 0 0 0 0 0 0 0 0 0 0 
0 0 0 0 19 18 10 13 0 0 0 0 0 0 0 0 0 0 0 0 
0 0 0 0 19 19 11 18 13 20 14 18 19 15 14 19 0 0 0 0 
0 0 0 0 16 19 15 10 10 19 12 18 12 20 11 12 0 0 0 0 
0 0 0 0 0 0 0 0 0 0 0 0 0 0 0 0 14 11 12 15 
20 20 20 16 0 0 0 0 0 0 0 0 0 0 0 0 0 0 0 0 
0 0 0 0 20 15 18 16 18 10 11 14 0 0 0 0 0 0 0 0 
0 0 0 0 0 0 0 0 0 0 0 0 17 14 20 17 0 0 0 0 
0 0 0 0 12 19 12 12 10 16 20 12 11 13 13 13 0 0 0 0 
0 0 0 0 0 0 0 0 0 0 0 0 0 0 0 0 12 18 18 16 
17 13 13 20 0 0 0 0 0 0 0 0 0 0 0 0 0 0 0 0 
0 0 0 0 0 0 0 0 11 11 15 12 0 0 0 0 0 0 0 0 
0 0 0 0 18 10 14 16 10 18 14 12 0 0 0 0 0 0 0 0 
0 0 0 0 14 16 17 10 13 14 20 17 12 16 15 17 0 0 0 0 
0 0 0 0 0 0 0 0 0 0 0 0 0 0 0 0 16 18 15 10 
17 11 17 17 0 0 0 0 0 0 0 0 0 0 0 0 0 0 0 0 
0 0 0 0 14 13 18 18 16 18 12 10 15 17 17 18 0 0 0 0 
0 0 0 0 16 20 19 16 11 17 19 16 15 16 17 17 0 0 0 0 
0 0 0 0 18 11 12 11 0 0 0 0 0 0 0 0 0 0 0 0 
0 0 0 0 0 0 0 0 0 0 0 0 0 0 0 0 14 16 10 15 
17 15 17 19 0 0 0 0 0 0 0 0 0 0 0 0 0 0 0 0 
0 0 0 0 18 20 20 18 0 0 0 0 19 12 11 16 0 0 0 0 
0 0 0 0 20 17 17 12 15 19 19 13 15 16 19 10 0 0 0 0 
0 0 0 0 0 0 0 0 12 15 14 10 12 14 18 12 0 0 0 0 
0 0 0 0 0 0 0 0 0 0 0 0 0 0 0 0 13 11 17 14 
16 19 10 19 0 0 0 0 0 0 0 0 0 0 0 0 0 0 0 0 
0 0 0 0 10 20 10 13 16 19 11 12 0 0 0 0 0 0 0 0 
0 0 0 0 18 13 12 17 15 12 14 16 17 18 13 11 0 0 0 0 
0 0 0 0 16 20 15 13 0 0 0 0 0 0 0 0 0 0 0 0 
0 0 0 0 0 0 0 0 0 0 0 0 0 0 0 0 20 20 10 17 
14 17 15 19 0 0 0 0 0 0 0 0 0 0 0 0 0 0 0 0 
0 0 0 0 17 18 16 19 20 17 17 14 15 12 17 12 0 0 0 0 
0 0 0 0 20 12 18 17 12 16 14 20 12 13 19 16 0 0 0 0 
0 0 0 0 0 0 0 0 0 0 0 0 10 15 19 15 0 0 0 0 
0 0 0 0 0 0 0 0 0 0 0 0 0 0 0 0 20 11 18 12 
11 15 13 20 0 0 0 0 0 0 0 0 0 0 0 0 0 0 0 0 
0 0 0 0 0 0 0 0 16 13 17 16 20 18 13 17 0 0 0 0 
0 0 0 0 12 18 20 10 10 20 11 13 14 16 16 10 0 0 0 0 
0 0 0 0 0 0 0 0 0 0 0 0 18 20 10 13 0 0 0 0 
0 0 0 0 0 0 0 0 0 0 0 0 0 0 0 0 19 11 19 18 
18 10 18 16 0 0 0 0 0 0 0 0 0 0 0 0 0 0 0 0 
0 0 0 0 16 10 10 13 0 0 0 0 0 0 0 0 0 0 0 0 
0 0 0 0 11 15 13 17 15 15 11 19 0 0 0 0 0 0 0 0 
0 0 0 0 0 0 0 0 20 13 16 17 0 0 0 0 0 0 0 0 
0 0 0 0 0 0 0 0 0 0 0 0 0 0 0 0 12 14 18 20 
11 16 17 17 0 0 0 0 0 0 0 0 0 0 0 0 0 0 0 0 
0 0 0 0 12 12 11 15 20 15 16 19 14 10 19 16 0 0 0 0 
0 0 0 0 20 13 20 20 0 0 0 0 0 0 0 0 0 0 0 0 
0 0 0 0 0 0 0 0 0 0 0 0 10 16 10 13 0 0 0 0 
0 0 0 0 0 0 0 0 0 0 0 0 0 0 0 0 17 18 20 13 
12 11 11 11 0 0 0 0 0 0 0 0 0 0 0 0 0 0 0 0 
0 0 0 0 0 0 0 0 0 0 0 0 20 16 20 15 0 0 0 0 
0 0 0 0 10 19 16 13 0 0 0 0 16 11 18 15 0 0 0 0 
0 0 0 0 19 15 17 19 0 0 0 0 18 15 16 15 0 0 0 0 
0 0 0 0 0 0 0 0 0 0 0 0 0 0 0 0 11 12 11 11 
10 20 18 17 0 0 0 0 0 0 0 0 0 0 0 0 0 0 0 0 
0 0 0 0 18 15 13 14 10 10 11 14 0 0 0 0 0 0 0 0 
0 0 0 0 0 0 0 0 19 13 14 20 0 0 0 0 0 0 0 0 
0 0 0 0 19 12 12 19 11 20 17 10 0 0 0 0 0 0 0 0 
0 0 0 0 0 0 0 0 0 0 0 0 0 0 0 0 15 16 18 17 
10 11 17 10 0 0 0 0 0 0 0 0 0 0 0 0 0 0 0 0 
0 0 0 0 12 11 17 18 0 0 0 0 10 16 13 14 0 0 0 0 
0 0 0 0 12 10 18 12 16 18 13 17 10 12 14 15 0 0 0 0 
0 0 0 0 13 15 15 15 11 12 17 16 0 0 0 0 0 0 0 0 
0 0 0 0 0 0 0 0 0 0 0 0 0 0 0 0 18 17 19 18 
13 19 15 17 0 0 0 0 0 0 0 0 0 0 0 0 0 0 0 0 
0 0 0 0 0 0 0 0 14 15 15 15 15 19 15 19 0 0 0 0 
0 0 0 0 10 19 13 19 0 0 0 0 18 13 19 17 0 0 0 0 
0 0 0 0 10 18 12 20 0 0 0 0 0 0 0 0 0 0 0 0 
0 0 0 0 0 0 0 0 0 0 0 0 0 0 0 0 14 14 16 18 
14 14 18 11 0 0 0 0 0 0 0 0 0 0 0 0 0 0 0 0 
0 0 0 0 0 0 0 0 19 18 15 12 18 19 15 12 0 0 0 0 
0 0 0 0 11 16 18 17 0 0 0 0 0 0 0 0 0 0 0 0 
0 0 0 0 12 16 10 12 11 17 17 14 19 11 19 15 0 0 0 0 
0 0 0 0 0 0 0 0 0 0 0 0 0 0 0 0 15 13 17 10 
14 20 17 13 0 0 0 0 0 0 0 0 0 0 0 0 0 0 0 0 
0 0 0 0 20 11 14 17 10 12 16 11 20 12 20 15 0 0 0 0 
0 0 0 0 0 0 0 0 10 12 20 10 0 0 0 0 0 0 0 0 
0 0 0 0 11 16 14 15 18 17 14 20 0 0 0 0 0 0 0 0 
0 0 0 0 0 0 0 0 0 0 0 0 0 0 0 0 11 10 15 20 
12 18 18 10 0 0 0 0 0 0 0 0 0 0 0 0 0 0 0 0 
0 0 0 0 16 11 10 16 16 20 11 19 13 17 16 10 0 0 0 0 
0 0 0 0 14 11 11 16 10 17 19 17 10 19 16 14 0 0 0 0 
0 0 0 0 0 0 0 0 0 0 0 0 20 14 10 15 0 0 0 0 
0 0 0 0 0 0 0 0 0 0 0 0 0 0 0 0 20 20 16 19 
16 20 18 12 0 0 0 0 0 0 0 0 0 0 0 0 0 0 0 0 
0 0 0 0 0 0 0 0 17 19 18 18 15 13 20 11 0 0 0 0 
0 0 0 0 20 12 10 14 20 19 11 17 17 14 14 12 0 0 0 0 
0 0 0 0 19 12 13 14 0 0 0 0 0 0 0 0 0 0 0 0 
0 0 0 0 0 0 0 0 0 0 0 0 0 0 0 0 20 10 14 13 
14 13 14 19 0 0 0 0 0 0 0 0 0 0 0 0 0 0 0 0 
0 0 0 0 13 12 11 17 19 10 16 15 10 19 12 10 0 0 0 0 
0 0 0 0 14 12 12 17 17 20 14 16 20 10 20 11 0 0 0 0 
0 0 0 0 12 14 10 13 14 12 16 20 13 15 18 12 0 0 0 0 
0 0 0 0 0 0 0 0 0 0 0 0 0 0 0 0 11 17 13 18 
20 16 15 10 0 0 0 0 0 0 0 0 0 0 0 0 0 0 0 0 
0 0 0 0 19 14 13 15 17 18 13 20 0 0 0 0 0 0 0 0 
0 0 0 0 0 0 0 0 17 11 18 13 19 17 19 19 0 0 0 0 
0 0 0 0 0 0 0 0 0 0 0 0 13 14 18 20 0 0 0 0 
0 0 0 0 0 0 0 0 0 0 0 0 0 0 0 0 18 18 19 12 
14 17 17 18 0 0 0 0 0 0 0 0 0 0 0 0 0 0 0 0 
0 0 0 0 20 17 10 17 20 11 18 15 19 10 20 11 0 0 0 0 
0 0 0 0 16 14 18 10 20 16 19 12 0 0 0 0 0 0 0 0 
0 0 0 0 0 0 0 0 13 18 14 14 14 16 15 10 0 0 0 0 
0 0 0 0 0 0 0 0 0 0 0 0 0 0 0 0 10 18 20 17 
12 17 18 18 0 0 0 0 0 0 0 0 0 0 0 0 0 0 0 0 
0 0 0 0 0 0 0 0 12 19 15 17 11 12 14 20 0 0 0 0 
0 0 0 0 12 19 15 13 12 20 14 12 15 18 11 11 0 0 0 0 
0 0 0 0 11 17 11 13 13 12 16 17 10 16 13 19 0 0 0 0 
0 0 0 0 0 0 0 0 0 0 0 0 0 0 0 0 18 11 16 14 
11 18 18 15 0 0 0 0 0 0 0 0 0 0 0 0 0 0 0 0 
0 0 0 0 0 0 0 0 0 0 0 0 20 19 12 15 0 0 0 0 
0 0 0 0 14 17 19 10 16 10 12 14 10 15 13 20 0 0 0 0 
0 0 0 0 0 0 0 0 0 0 0 0 15 17 14 12 0 0 0 0 
0 0 0 0 0 0 0 0 0 0 0 0 0 0 0 0 19 10 11 20 
20 18 15 20 0 0 0 0 0 0 0 0 0 0 0 0 0 0 0 0 
0 0 0 0 18 12 13 11 14 16 20 16 0 0 0 0 0 0 0 0 
0 0 0 0 11 13 20 16 12 16 13 15 0 0 0 0 0 0 0 0 
0 0 0 0 10 19 15 16 14 11 17 12 11 19 20 18 0 0 0 0 
0 0 0 0 0 0 0 0 0 0 0 0 0 0 0 0 13 17 17 15 
16 11 11 10 0 0 0 0 0 0 0 0 0 0 0 0 0 0 0 0 
0 0 0 0 0 0 0 0 17 12 16 20 0 0 0 0 0 0 0 0 
0 0 0 0 20 14 10 10 19 11 13 14 10 19 18 16 0 0 0 0 
0 0 0 0 10 11 20 19 0 0 0 0 16 15 20 13 0 0 0 0 
0 0 0 0 0 0 0 0 0 0 0 0 0 0 0 0 14 14 12 17 
13 18 15 11 0 0 0 0 0 0 0 0 0 0 0 0 0 0 0 0 
0 0 0 0 10 16 17 11 0 0 0 0 16 20 20 14 0 0 0 0 
0 0 0 0 0 0 0 0 15 10 13 19 10 14 18 18 0 0 0 0 
0 0 0 0 0 0 0 0 15 20 15 13 0 0 0 0 0 0 0 0 
0 0 0 0 0 0 0 0 0 0 0 0 0 0 0 0 19 11 10 14 
19 10 10 12 0 0 0 0 0 0 0 0 0 0 0 0 0 0 0 0 
0 0 0 0 11 17 14 16 10 16 12 20 12 17 13 11 0 0 0 0 
0 0 0 0 10 14 20 16 0 0 0 0 0 0 0 0 0 0 0 0 
0 0 0 0 0 0 0 0 0 0 0 0 12 18 12 19 0 0 0 0 
0 0 0 0 0 0 0 0 0 0 0 0 0 0 0 0 13 14 20 12 
15 13 14 17 0 0 0 0 0 0 0 0 0 0 0 0 0 0 0 0 
0 0 0 0 0 0 0 0 10 11 10 19 16 14 16 10 0 0 0 0 
0 0 0 0 13 11 14 12 0 0 0 0 13 18 17 16 0 0 0 0 
0 0 0 0 0 0 0 0 11 15 18 19 0 0 0 0 0 0 0 0 
0 0 0 0 0 0 0 0 0 0 0 0 0 0 0 0 10 16 13 16 
19 16 11 16 0 0 0 0 0 0 0 0 0 0 0 0 0 0 0 0 
0 0 0 0 14 15 20 15 10 13 17 14 17 20 15 20 0 0 0 0 
0 0 0 0 0 0 0 0 0 0 0 0 10 12 19 14 0 0 0 0 
0 0 0 0 15 20 11 14 0 0 0 0 0 0 0 0 0 0 0 0 
0 0 0 0 0 0 0 0 0 0 0 0 0 0 0 0 10 16 11 20 
16 13 16 19 0 0 0 0 0 0 0 0 0 0 0 0 0 0 0 0 
0 0 0 0 18 20 19 15 13 19 16 20 20 15 11 20 0 0 0 0 
0 0 0 0 0 0 0 0 19 10 19 17 17 17 11 18 0 0 0 0 
0 0 0 0 20 16 11 12 12 12 12 13 13 15 18 15 0 0 0 0 
0 0 0 0 0 0 0 0 0 0 0 0 0 0 0 0 16 19 20 20 
19 11 17 15 0 0 0 0 0 0 0 0 0 0 0 0 0 0 0 0 
0 0 0 0 19 17 14 18 17 10 18 14 10 11 12 14 0 0 0 0 
0 0 0 0 0 0 0 0 0 0 0 0 12 15 17 10 0 0 0 0 
0 0 0 0 14 20 16 10 13 12 15 17 13 11 11 18 0 0 0 0 
0 0 0 0 0 0 0 0 0 0 0 0 0 0 0 0 13 12 13 16 
20 17 17 18 0 0 0 0 0 0 0 0 0 0 0 0 0 0 0 0 
0 0 0 0 0 0 0 0 0 0 0 0 20 13 10 13 0 0 0 0 
0 0 0 0 19 18 11 18 15 16 18 17 16 16 16 16 0 0 0 0 
0 0 0 0 16 12 19 20 10 10 12 14 0 0 0 0 0 0 0 0 
0 0 0 0 0 0 0 0 0 0 0 0 0 0 0 0 16 17 19 11 
18 15 17 12 0 0 0 0 0 0 0 0 0 0 0 0 0 0 0 0 
0 0 0 0 19 17 15 19 14 15 16 20 0 0 0 0 0 0 0 0 
0 0 0 0 0 0 0 0 20 16 18 17 0 0 0 0 0 0 0 0 
0 0 0 0 16 11 12 11 14 20 16 18 16 19 13 15 0 0 0 0 
0 0 0 0 0 0 0 0 0 0 0 0 0 0 0 0 12 17 10 18 
20 16 11 18 0 0 0 0 0 0 0 0 0 0 0 0 0 0 0 0 
0 0 0 0 13 11 19 20 12 20 12 15 0 0 0 0 0 0 0 0 
0 0 0 0 13 20 13 14 10 13 13 12 12 20 16 11 0 0 0 0 
0 0 0 0 19 16 17 11 19 11 12 19 10 14 13 12 0 0 0 0 
0 0 0 0 0 0 0 0 0 0 0 0 0 0 0 0 11 18 11 20 
15 14 10 16 0 0 0 0 0 0 0 0 0 0 0 0 0 0 0 0 
0 0 0 0 18 12 11 17 14 10 16 14 19 13 14 14 0 0 0 0 
0 0 0 0 0 0 0 0 12 12 11 19 17 17 18 19 0 0 0 0 
0 0 0 0 0 0 0 0 19 19 17 19 0 0 0 0 0 0 0 0 
0 0 0 0 0 0 0 0 0 0 0 0 0 0 0 0 14 18 14 11 
15 13 13 19 0 0 0 0 0 0 0 0 0 0 0 0 0 0 0 0 
0 0 0 0 11 10 11 11 10 11 14 19 13 16 17 13 0 0 0 0 
0 0 0 0 19 11 17 13 15 11 12 19 14 20 13 15 0 0 0 0 
0 0 0 0 17 10 17 10 0 0 0 0 14 11 10 15 0 0 0 0 
0 0 0 0 0 0 0 0 0 0 0 0 0 0 0 0 19 20 19 19 
20 16 11 20 0 0 0 0 0 0 0 0 0 0 0 0 0 0 0 0 
0 0 0 0 13 12 18 14 15 13 17 18 13 19 19 12 0 0 0 0 
0 0 0 0 11 20 14 10 10 13 14 13 13 19 20 16 0 0 0 0 
0 0 0 0 0 0 0 0 0 0 0 0 19 20 20 17 0 0 0 0 
0 0 0 0 0 0 0 0 0 0 0 0 0 0 0 0 19 19 20 10 
15 19 17 12 0 0 0 0 0 0 0 0 0 0 0 0 0 0 0 0 
0 0 0 0 0 0 0 0 0 0 0 0 20 13 12 18 0 0 0 0 
0 0 0 0 19 16 19 12 12 14 17 19 19 11 12 20 0 0 0 0 
0 0 0 0 17 14 11 17 0 0 0 0 0 0 0 0 0 0 0 0 
0 0 0 0 0 0 0 0 0 0 0 0 0 0 0 0 11 12 10 12 
15 11 19 16 0 0 0 0 0 0 0 0 0 0 0 0 0 0 0 0 
0 0 0 0 0 0 0 0 19 15 18 12 0 0 0 0 0 0 0 0 
0 0 0 0 16 16 20 10 10 19 19 14 20 14 19 17 0 0 0 0 
0 0 0 0 0 0 0 0 0 0 0 0 12 10 13 13 0 0 0 0 
0 0 0 0 0 0 0 0 0 0 0 0 0 0 0 0 19 18 10 15 
20 20 17 11 0 0 0 0 0 0 0 0 0 0 0 0 0 0 0 0 
0 0 0 0 14 11 13 17 12 15 20 12 19 20 20 17 0 0 0 0 
0 0 0 0 10 17 18 10 0 0 0 0 0 0 0 0 0 0 0 0 
0 0 0 0 19 11 20 18 13 19 10 16 14 11 18 10 0 0 0 0 
0 0 0 0 0 0 0 0 0 0 0 0 0 0 0 0 17 14 17 11 
18 13 14 11 0 0 0 0 0 0 0 0 0 0 0 0 0 0 0 0 
0 0 0 0 0 0 0 0 17 10 20 17 0 0 0 0 0 0 0 0 
0 0 0 0 0 0 0 0 0 0 0 0 20 18 18 17 0 0 0 0 
0 0 0 0 18 13 12 15 18 16 15 15 0 0 0 0 0 0 0 0 
0 0 0 0 0 0 0 0 0 0 0 0 0 0 0 0 17 14 17 20 
18 11 20 20 0 0 0 0 0 0 0 0 0 0 0 0 0 0 0 0 
0 0 0 0 0 0 0 0 10 19 19 16 0 0 0 0 0 0 0 0 
0 0 0 0 13 17 10 13 0 0 0 0 0 0 0 0 0 0 0 0 
0 0 0 0 0 0 0 0 11 15 10 19 0 0 0 0 0 0 0 0 
0 0 0 0 0 0 0 0 0 0 0 0 0 0 0 0 19 13 16 15 
20 15 12 16 0 0 0 0 0 0 0 0 0 0 0 0 0 0 0 0 
0 0 0 0 12 19 11 15 16 10 17 18 15 20 17 20 0 0 0 0 
0 0 0 0 17 20 16 12 15 10 20 16 11 16 16 12 0 0 0 0 
0 0 0 0 0 0 0 0 11 10 12 13 14 11 16 18 0 0 0 0 
0 0 0 0 0 0 0 0 0 0 0 0 0 0 0 0 15 19 11 17 
17 10 18 19 0 0 0 0 0 0 0 0 0 0 0 0 0 0 0 0 
0 0 0 0 0 0 0 0 0 0 0 0 15 20 20 11 0 0 0 0 
0 0 0 0 0 0 0 0 0 0 0 0 15 15 19 18 0 0 0 0 
0 0 0 0 0 0 0 0 11 10 11 12 0 0 0 0 0 0 0 0 
0 0 0 0 0 0 0 0 0 0 0 0 0 0 0 0 15 18 13 19 
14 11 20 15 0 0 0 0 0 0 0 0 0 0 0 0 0 0 0 0 
0 0 0 0 12 20 20 10 10 16 14 18 0 0 0 0 0 0 0 0 
0 0 0 0 11 10 16 17 10 11 11 13 11 10 13 11 0 0 0 0 
0 0 0 0 15 19 19 14 14 18 12 12 19 16 11 13 0 0 0 0 
0 0 0 0 0 0 0 0 0 0 0 0 0 0 0 0 18 10 10 19 
17 12 19 20 0 0 0 0 0 0 0 0 0 0 0 0 0 0 0 0 
0 0 0 0 20 17 13 17 18 11 20 13 0 0 0 0 0 0 0 0 
0 0 0 0 17 17 14 19 17 10 15 17 10 15 10 10 0 0 0 0 
0 0 0 0 0 0 0 0 13 15 19 13 0 0 0 0 0 0 0 0 
0 0 0 0 0 0 0 0 0 0 0 0 0 0 0 0 17 10 15 13 
10 18 14 15 0 0 0 0 0 0 0 0 0 0 0 0 0 0 0 0 
0 0 0 0 0 0 0 0 0 0 0 0 19 19 18 14 0 0 0 0 
0 0 0 0 19 13 16 17 0 0 0 0 0 0 0 0 0 0 0 0 
0 0 0 0 14 17 13 15 10 10 13 18 14 12 14 16 0 0 0 0 
0 0 0 0 0 0 0 0 0 0 0 0 0 0 0 0 15 14 15 14 
18 11 11 15 0 0 0 0 0 0 0 0 0 0 0 0 0 0 0 0 
0 0 0 0 19 19 14 17 18 12 16 20 15 20 12 18 0 0 0 0 
0 0 0 0 11 18 14 12 15 13 10 15 19 19 14 15 0 0 0 0 
0 0 0 0 10 15 12 14 15 16 14 19 12 17 17 14 0 0 0 0 
0 0 0 0 0 0 0 0 0 0 0 0 0 0 0 0 20 19 20 13 
13 15 14 19 0 0 0 0 0 0 0 0 0 0 0 0 0 0 0 0 
0 0 0 0 0 0 0 0 16 15 16 12 0 0 0 0 0 0 0 0 
0 0 0 0 0 0 0 0 0 0 0 0 11 13 20 11 0 0 0 0 
0 0 0 0 13 13 18 10 20 11 10 12 18 12 16 10 0 0 0 0 
0 0 0 0 0 0 0 0 0 0 0 0 0 0 0 0 16 15 16 19 
11 16 13 11 0 0 0 0 0 0 0 0 0 0 0 0 0 0 0 0 
0 0 0 0 20 10 12 10 0 0 0 0 0 0 0 0 0 0 0 0 
0 0 0 0 16 15 13 14 10 18 15 10 14 14 19 18 0 0 0 0 
0 0 0 0 0 0 0 0 17 19 19 16 11 12 15 11 0 0 0 0 
0 0 0 0 0 0 0 0 0 0 0 0 0 0 0 0 20 16 16 12 
11 12 11 18 0 0 0 0 0 0 0 0 0 0 0 0 0 0 0 0 
0 0 0 0 0 0 0 0 13 20 16 15 0 0 0 0 0 0 0 0 
0 0 0 0 0 0 0 0 13 11 14 15 13 16 11 18 0 0 0 0 
0 0 0 0 0 0 0 0 0 0 0 0 15 13 12 20 0 0 0 0 
0 0 0 0 0 0 0 0 0 0 0 0 0 0 0 0 13 11 12 11 
18 11 17 18 0 0 0 0 0 0 0 0 0 0 0 0 0 0 0 0 
0 0 0 0 15 20 14 11 16 16 13 17 17 17 15 11 0 0 0 0 
0 0 0 0 12 13 10 11 19 12 14 16 0 0 0 0 0 0 0 0 
0 0 0 0 0 0 0 0 0 0 0 0 15 11 11 11 0 0 0 0 
0 0 0 0 0 0 0 0 0 0 0 0 0 0 0 0 19 12 12 18 
15 10 17 18 0 0 0 0 0 0 0 0 0 0 0 0 0 0 0 0 
0 0 0 0 17 10 15 10 0 0 0 0 15 20 14 12 0 0 0 0 
0 0 0 0 0 0 0 0 0 0 0 0 12 17 13 17 0 0 0 0 
0 0 0 0 11 16 15 10 0 0 0 0 12 17 14 14 0 0 0 0 
0 0 0 0 0 0 0 0 0 0 0 0 0 0 0 0 13 14 13 10 
15 13 18 17 0 0 0 0 0 0 0 0 0 0 0 0 0 0 0 0 
0 0 0 0 11 12 20 14 11 13 19 17 20 19 11 20 0 0 0 0 
0 0 0 0 18 16 16 14 12 16 10 15 13 17 11 16 0 0 0 0 
0 0 0 0 11 18 14 14 12 18 14 11 15 18 19 18 0 0 0 0 
0 0 0 0 0 0 0 0 0 0 0 0 0 0 0 0 14 15 16 19 
14 11 17 14 0 0 0 0 0 0 0 0 0 0 0 0 0 0 0 0 
0 0 0 0 0 0 0 0 0 0 0 0 16 14 15 20 0 0 0 0 
0 0 0 0 16 10 17 12 15 16 18 10 0 0 0 0 0 0 0 0 
0 0 0 0 17 12 10 19 0 0 0 0 19 10 20 12 0 0 0 0 
0 0 0 0 0 0 0 0 0 0 0 0 0 0 0 0 11 16 14 14
---------------------
 
Distance between cells
Rows and Columns: correspond to cell number
0 66 427 352 213 283 
66 0 453 397 357 153 
427 453 0 454 374 243 
352 397 454 0 151 211 
213 357 374 151 0 458 
283 153 243 211 458 0
---------------------
 
Distribution of machines in cells   (1 -- if machine m is distributed in cell u;0 -- else) 
Rows: correspond to cell number; Columns: correspond to machine number
1 0 0 0 0 0 0 0 1 0 0 1 0 0 0 0 0 0 0 1 
0 1 0 1 0 0 0 0 0 0 0 0 0 0 0 0 1 0 0 0 
0 0 1 0 0 0 0 1 0 1 0 0 0 1 1 0 0 0 0 0 
0 0 0 0 0 1 0 0 0 0 0 0 0 0 0 1 0 1 0 0 
0 0 0 0 0 0 1 0 0 0 0 0 0 0 0 0 0 0 1 0 
0 0 0 0 1 0 0 0 0 0 1 0 1 0 0 0 0 0 0 0
---------------------
 
