Adaption from Behnke20

Number of operations for each part
5 5 5 5 5 5 5 5 5 5 5 5 5 5 5 5 5 5 5 5 5 5 5 5 5 5 5 5 5 5 5 5 5 5 5 5 5 5 5 5 5 5 5 5 5 5 5 5 5 5 5 5 5 5 5 5 5 5 5 5 5 5 5 5 5 5 5 5 5 5 5 5 5 5 5 5 5 5 5 5 5 5 5 5 5 5 5 5 5 5 5 5 5 5 5 5 5 5 5 5
---------------------
 
Processing time   (0 -- non-optional machine)
Rows: sequential for each operation of each part; Columns: correspond to machine number
13 11 26 12 0 0 0 0 0 0 0 0 0 0 0 0 0 0 0 0 
0 0 0 0 26 26 24 26 28 18 18 10 0 0 0 0 0 0 0 0 
0 0 0 0 0 0 0 0 17 26 18 22 0 0 0 0 0 0 0 0 
0 0 0 0 15 21 28 27 0 0 0 0 0 0 0 0 0 0 0 0 
0 0 0 0 0 0 0 0 0 0 0 0 0 0 0 0 24 27 16 28 
10 20 22 15 0 0 0 0 0 0 0 0 0 0 0 0 0 0 0 0 
0 0 0 0 16 24 20 27 14 13 13 20 21 14 27 26 0 0 0 0 
0 0 0 0 0 0 0 0 23 30 17 27 18 18 29 18 0 0 0 0 
0 0 0 0 14 11 22 16 19 29 12 15 14 19 26 30 0 0 0 0 
0 0 0 0 0 0 0 0 0 0 0 0 0 0 0 0 12 10 10 22 
12 14 27 14 0 0 0 0 0 0 0 0 0 0 0 0 0 0 0 0 
0 0 0 0 17 19 11 16 15 15 20 28 16 12 28 26 0 0 0 0 
0 0 0 0 14 22 15 11 30 30 15 10 0 0 0 0 0 0 0 0 
0 0 0 0 0 0 0 0 0 0 0 0 24 19 19 19 0 0 0 0 
0 0 0 0 0 0 0 0 0 0 0 0 0 0 0 0 26 18 14 12 
27 30 27 29 0 0 0 0 0 0 0 0 0 0 0 0 0 0 0 0 
0 0 0 0 0 0 0 0 20 29 10 16 23 12 25 20 0 0 0 0 
0 0 0 0 0 0 0 0 0 0 0 0 26 12 13 10 0 0 0 0 
0 0 0 0 26 22 20 11 24 16 28 13 17 16 16 12 0 0 0 0 
0 0 0 0 0 0 0 0 0 0 0 0 0 0 0 0 25 10 16 29 
21 10 19 29 0 0 0 0 0 0 0 0 0 0 0 0 0 0 0 0 
0 0 0 0 29 28 20 14 23 12 14 17 26 10 28 22 0 0 0 0 
0 0 0 0 22 11 23 24 11 26 22 26 0 0 0 0 0 0 0 0 
0 0 0 0 0 0 0 0 27 18 27 17 0 0 0 0 0 0 0 0 
0 0 0 0 0 0 0 0 0 0 0 0 0 0 0 0 28 28 10 17 
28 27 10 20 0 0 0 0 0 0 0 0 0 0 0 0 0 0 0 0 
0 0 0 0 14 10 10 30 0 0 0 0 26 29 24 15 0 0 0 0 
0 0 0 0 0 0 0 0 14 21 11 14 18 10 29 16 0 0 0 0 
0 0 0 0 25 15 15 28 0 0 0 0 23 12 14 25 0 0 0 0 
0 0 0 0 0 0 0 0 0 0 0 0 0 0 0 0 25 20 12 27 
28 30 19 17 0 0 0 0 0 0 0 0 0 0 0 0 0 0 0 0 
0 0 0 0 0 0 0 0 14 14 10 16 22 19 19 26 0 0 0 0 
0 0 0 0 29 11 15 22 13 25 16 19 27 27 27 27 0 0 0 0 
0 0 0 0 19 19 30 24 30 21 13 14 28 24 14 28 0 0 0 0 
0 0 0 0 0 0 0 0 0 0 0 0 0 0 0 0 24 17 27 21 
23 22 17 27 0 0 0 0 0 0 0 0 0 0 0 0 0 0 0 0 
0 0 0 0 26 23 23 26 14 26 15 13 30 16 19 22 0 0 0 0 
0 0 0 0 12 25 29 13 0 0 0 0 15 26 29 20 0 0 0 0 
0 0 0 0 0 0 0 0 18 22 10 24 27 14 30 22 0 0 0 0 
0 0 0 0 0 0 0 0 0 0 0 0 0 0 0 0 11 14 14 25 
29 20 26 14 0 0 0 0 0 0 0 0 0 0 0 0 0 0 0 0 
0 0 0 0 24 24 22 16 11 25 30 11 29 14 13 10 0 0 0 0 
0 0 0 0 24 26 17 13 15 16 16 12 29 18 16 20 0 0 0 0 
0 0 0 0 12 20 29 25 0 0 0 0 21 30 30 19 0 0 0 0 
0 0 0 0 0 0 0 0 0 0 0 0 0 0 0 0 14 15 18 13 
18 28 17 27 0 0 0 0 0 0 0 0 0 0 0 0 0 0 0 0 
0 0 0 0 0 0 0 0 28 24 20 30 14 13 30 21 0 0 0 0 
0 0 0 0 28 10 14 10 19 26 30 18 28 17 17 24 0 0 0 0 
0 0 0 0 0 0 0 0 24 24 14 11 0 0 0 0 0 0 0 0 
0 0 0 0 0 0 0 0 0 0 0 0 0 0 0 0 27 21 13 27 
20 24 26 10 0 0 0 0 0 0 0 0 0 0 0 0 0 0 0 0 
0 0 0 0 21 19 24 24 0 0 0 0 24 27 21 23 0 0 0 0 
0 0 0 0 0 0 0 0 30 18 17 17 22 30 25 13 0 0 0 0 
0 0 0 0 0 0 0 0 17 25 17 15 0 0 0 0 0 0 0 0 
0 0 0 0 0 0 0 0 0 0 0 0 0 0 0 0 12 10 12 21 
21 15 22 13 0 0 0 0 0 0 0 0 0 0 0 0 0 0 0 0 
0 0 0 0 11 11 14 25 25 19 22 22 13 25 21 10 0 0 0 0 
0 0 0 0 0 0 0 0 24 20 28 24 15 25 30 29 0 0 0 0 
0 0 0 0 11 15 18 21 0 0 0 0 0 0 0 0 0 0 0 0 
0 0 0 0 0 0 0 0 0 0 0 0 0 0 0 0 21 17 12 25 
14 22 25 26 0 0 0 0 0 0 0 0 0 0 0 0 0 0 0 0 
0 0 0 0 23 14 16 19 23 15 12 16 0 0 0 0 0 0 0 0 
0 0 0 0 0 0 0 0 21 30 23 18 18 18 26 13 0 0 0 0 
0 0 0 0 26 29 24 26 13 19 17 19 15 15 14 23 0 0 0 0 
0 0 0 0 0 0 0 0 0 0 0 0 0 0 0 0 20 11 22 14 
12 19 23 27 0 0 0 0 0 0 0 0 0 0 0 0 0 0 0 0 
0 0 0 0 27 15 18 29 18 24 12 19 18 16 21 14 0 0 0 0 
0 0 0 0 0 0 0 0 0 0 0 0 21 10 28 21 0 0 0 0 
0 0 0 0 0 0 0 0 0 0 0 0 30 11 13 14 0 0 0 0 
0 0 0 0 0 0 0 0 0 0 0 0 0 0 0 0 13 27 10 26 
30 24 21 13 0 0 0 0 0 0 0 0 0 0 0 0 0 0 0 0 
0 0 0 0 13 28 24 25 17 27 11 29 24 20 25 16 0 0 0 0 
0 0 0 0 22 25 26 27 17 25 29 26 25 17 10 29 0 0 0 0 
0 0 0 0 30 26 29 30 16 15 25 21 0 0 0 0 0 0 0 0 
0 0 0 0 0 0 0 0 0 0 0 0 0 0 0 0 26 10 22 21 
11 12 26 16 0 0 0 0 0 0 0 0 0 0 0 0 0 0 0 0 
0 0 0 0 27 28 30 17 15 21 17 20 29 29 14 30 0 0 0 0 
0 0 0 0 0 0 0 0 28 20 27 23 17 22 23 17 0 0 0 0 
0 0 0 0 26 23 19 24 12 15 19 27 10 14 16 27 0 0 0 0 
0 0 0 0 0 0 0 0 0 0 0 0 0 0 0 0 28 28 12 18 
27 18 29 24 0 0 0 0 0 0 0 0 0 0 0 0 0 0 0 0 
0 0 0 0 24 29 25 13 19 26 24 20 12 19 17 30 0 0 0 0 
0 0 0 0 20 12 23 26 20 25 20 26 11 16 30 24 0 0 0 0 
0 0 0 0 17 11 28 16 20 29 14 14 0 0 0 0 0 0 0 0 
0 0 0 0 0 0 0 0 0 0 0 0 0 0 0 0 27 10 25 17 
22 17 16 16 0 0 0 0 0 0 0 0 0 0 0 0 0 0 0 0 
0 0 0 0 0 0 0 0 13 27 29 21 26 25 25 22 0 0 0 0 
0 0 0 0 18 14 15 30 12 29 26 27 14 21 25 27 0 0 0 0 
0 0 0 0 10 26 27 29 0 0 0 0 15 29 30 27 0 0 0 0 
0 0 0 0 0 0 0 0 0 0 0 0 0 0 0 0 22 19 14 16 
27 20 12 17 0 0 0 0 0 0 0 0 0 0 0 0 0 0 0 0 
0 0 0 0 22 19 27 15 11 30 19 11 21 19 16 18 0 0 0 0 
0 0 0 0 17 14 20 28 20 22 10 19 12 21 26 19 0 0 0 0 
0 0 0 0 0 0 0 0 0 0 0 0 24 30 21 10 0 0 0 0 
0 0 0 0 0 0 0 0 0 0 0 0 0 0 0 0 27 10 16 19 
17 20 20 17 0 0 0 0 0 0 0 0 0 0 0 0 0 0 0 0 
0 0 0 0 30 27 20 15 0 0 0 0 13 27 21 25 0 0 0 0 
0 0 0 0 26 15 10 17 28 24 28 19 0 0 0 0 0 0 0 0 
0 0 0 0 21 22 12 27 14 28 28 25 11 21 10 22 0 0 0 0 
0 0 0 0 0 0 0 0 0 0 0 0 0 0 0 0 12 21 19 25 
10 11 24 10 0 0 0 0 0 0 0 0 0 0 0 0 0 0 0 0 
0 0 0 0 15 25 22 11 26 26 12 13 21 26 30 21 0 0 0 0 
0 0 0 0 16 10 11 10 0 0 0 0 27 21 20 11 0 0 0 0 
0 0 0 0 23 16 16 20 0 0 0 0 0 0 0 0 0 0 0 0 
0 0 0 0 0 0 0 0 0 0 0 0 0 0 0 0 17 19 20 27 
16 30 14 15 0 0 0 0 0 0 0 0 0 0 0 0 0 0 0 0 
0 0 0 0 23 23 27 18 30 28 23 24 30 23 13 23 0 0 0 0 
0 0 0 0 28 19 16 19 29 28 10 14 26 27 14 30 0 0 0 0 
0 0 0 0 0 0 0 0 10 30 12 17 10 12 14 14 0 0 0 0 
0 0 0 0 0 0 0 0 0 0 0 0 0 0 0 0 19 18 28 24 
10 24 27 14 0 0 0 0 0 0 0 0 0 0 0 0 0 0 0 0 
0 0 0 0 30 26 29 11 0 0 0 0 20 18 10 14 0 0 0 0 
0 0 0 0 0 0 0 0 23 29 16 12 0 0 0 0 0 0 0 0 
0 0 0 0 0 0 0 0 24 11 27 10 0 0 0 0 0 0 0 0 
0 0 0 0 0 0 0 0 0 0 0 0 0 0 0 0 30 28 20 15 
26 15 15 27 0 0 0 0 0 0 0 0 0 0 0 0 0 0 0 0 
0 0 0 0 0 0 0 0 25 17 18 10 26 24 22 20 0 0 0 0 
0 0 0 0 12 20 17 23 24 24 27 30 0 0 0 0 0 0 0 0 
0 0 0 0 0 0 0 0 23 16 23 18 29 30 26 22 0 0 0 0 
0 0 0 0 0 0 0 0 0 0 0 0 0 0 0 0 20 14 30 30 
23 19 11 20 0 0 0 0 0 0 0 0 0 0 0 0 0 0 0 0 
0 0 0 0 11 12 17 23 11 18 11 12 16 17 12 11 0 0 0 0 
0 0 0 0 0 0 0 0 27 26 24 20 13 17 29 29 0 0 0 0 
0 0 0 0 19 23 29 13 15 22 27 25 26 20 30 29 0 0 0 0 
0 0 0 0 0 0 0 0 0 0 0 0 0 0 0 0 24 26 22 16 
23 13 22 16 0 0 0 0 0 0 0 0 0 0 0 0 0 0 0 0 
0 0 0 0 12 23 19 10 0 0 0 0 0 0 0 0 0 0 0 0 
0 0 0 0 0 0 0 0 18 22 27 26 15 24 23 21 0 0 0 0 
0 0 0 0 21 15 16 21 12 14 21 29 10 24 27 16 0 0 0 0 
0 0 0 0 0 0 0 0 0 0 0 0 0 0 0 0 13 17 10 30 
19 18 28 24 0 0 0 0 0 0 0 0 0 0 0 0 0 0 0 0 
0 0 0 0 11 19 18 13 15 16 26 19 0 0 0 0 0 0 0 0 
0 0 0 0 0 0 0 0 0 0 0 0 22 17 27 23 0 0 0 0 
0 0 0 0 0 0 0 0 18 30 22 26 20 21 11 21 0 0 0 0 
0 0 0 0 0 0 0 0 0 0 0 0 0 0 0 0 29 14 17 18 
20 14 10 21 0 0 0 0 0 0 0 0 0 0 0 0 0 0 0 0 
0 0 0 0 10 20 20 12 17 17 28 30 11 25 12 28 0 0 0 0 
0 0 0 0 13 18 13 24 15 14 21 11 23 19 11 10 0 0 0 0 
0 0 0 0 0 0 0 0 13 17 15 25 0 0 0 0 0 0 0 0 
0 0 0 0 0 0 0 0 0 0 0 0 0 0 0 0 25 24 28 20 
27 17 16 29 0 0 0 0 0 0 0 0 0 0 0 0 0 0 0 0 
0 0 0 0 19 14 18 15 22 15 23 27 13 11 10 30 0 0 0 0 
0 0 0 0 20 16 21 14 25 11 14 19 0 0 0 0 0 0 0 0 
0 0 0 0 12 27 13 19 0 0 0 0 0 0 0 0 0 0 0 0 
0 0 0 0 0 0 0 0 0 0 0 0 0 0 0 0 12 14 23 29 
20 17 16 16 0 0 0 0 0 0 0 0 0 0 0 0 0 0 0 0 
0 0 0 0 29 18 22 20 0 0 0 0 30 13 30 23 0 0 0 0 
0 0 0 0 11 11 13 28 15 29 10 22 13 11 17 10 0 0 0 0 
0 0 0 0 0 0 0 0 21 18 16 19 26 16 17 21 0 0 0 0 
0 0 0 0 0 0 0 0 0 0 0 0 0 0 0 0 30 29 21 28 
14 18 16 13 0 0 0 0 0 0 0 0 0 0 0 0 0 0 0 0 
0 0 0 0 10 24 29 28 13 21 25 22 16 20 16 10 0 0 0 0 
0 0 0 0 23 12 13 19 11 24 17 22 15 14 30 15 0 0 0 0 
0 0 0 0 29 25 14 12 0 0 0 0 27 12 12 22 0 0 0 0 
0 0 0 0 0 0 0 0 0 0 0 0 0 0 0 0 23 13 28 28 
23 26 15 30 0 0 0 0 0 0 0 0 0 0 0 0 0 0 0 0 
0 0 0 0 0 0 0 0 0 0 0 0 19 15 17 30 0 0 0 0 
0 0 0 0 25 11 30 23 24 22 19 17 0 0 0 0 0 0 0 0 
0 0 0 0 27 27 27 23 19 18 26 27 0 0 0 0 0 0 0 0 
0 0 0 0 0 0 0 0 0 0 0 0 0 0 0 0 17 11 24 11 
17 26 20 17 0 0 0 0 0 0 0 0 0 0 0 0 0 0 0 0 
0 0 0 0 0 0 0 0 12 22 29 25 0 0 0 0 0 0 0 0 
0 0 0 0 0 0 0 0 13 28 15 24 27 20 19 24 0 0 0 0 
0 0 0 0 0 0 0 0 15 18 19 22 0 0 0 0 0 0 0 0 
0 0 0 0 0 0 0 0 0 0 0 0 0 0 0 0 13 21 22 24 
17 24 22 11 0 0 0 0 0 0 0 0 0 0 0 0 0 0 0 0 
0 0 0 0 16 12 15 19 0 0 0 0 0 0 0 0 0 0 0 0 
0 0 0 0 30 16 12 26 14 26 25 16 26 24 20 25 0 0 0 0 
0 0 0 0 22 16 28 27 23 12 30 23 11 19 21 28 0 0 0 0 
0 0 0 0 0 0 0 0 0 0 0 0 0 0 0 0 13 27 29 15 
21 29 14 10 0 0 0 0 0 0 0 0 0 0 0 0 0 0 0 0 
0 0 0 0 22 21 15 19 21 29 16 23 0 0 0 0 0 0 0 0 
0 0 0 0 0 0 0 0 29 22 29 26 20 18 23 30 0 0 0 0 
0 0 0 0 21 18 13 15 23 18 19 27 24 11 13 26 0 0 0 0 
0 0 0 0 0 0 0 0 0 0 0 0 0 0 0 0 15 18 14 22 
13 12 11 21 0 0 0 0 0 0 0 0 0 0 0 0 0 0 0 0 
0 0 0 0 0 0 0 0 0 0 0 0 22 27 30 23 0 0 0 0 
0 0 0 0 18 30 23 11 21 27 18 13 0 0 0 0 0 0 0 0 
0 0 0 0 13 27 30 23 16 15 26 25 0 0 0 0 0 0 0 0 
0 0 0 0 0 0 0 0 0 0 0 0 0 0 0 0 21 10 17 15 
25 27 19 28 0 0 0 0 0 0 0 0 0 0 0 0 0 0 0 0 
0 0 0 0 0 0 0 0 0 0 0 0 25 28 10 28 0 0 0 0 
0 0 0 0 26 15 11 27 13 18 10 29 12 24 18 30 0 0 0 0 
0 0 0 0 0 0 0 0 29 10 30 23 0 0 0 0 0 0 0 0 
0 0 0 0 0 0 0 0 0 0 0 0 0 0 0 0 26 14 26 15 
25 27 28 19 0 0 0 0 0 0 0 0 0 0 0 0 0 0 0 0 
0 0 0 0 0 0 0 0 19 28 21 22 30 17 10 22 0 0 0 0 
0 0 0 0 27 18 27 23 25 12 10 26 21 29 23 14 0 0 0 0 
0 0 0 0 0 0 0 0 0 0 0 0 30 21 19 28 0 0 0 0 
0 0 0 0 0 0 0 0 0 0 0 0 0 0 0 0 12 20 13 21 
24 25 19 17 0 0 0 0 0 0 0 0 0 0 0 0 0 0 0 0 
0 0 0 0 21 26 26 22 0 0 0 0 26 28 30 12 0 0 0 0 
0 0 0 0 11 16 28 29 30 10 22 17 10 12 28 10 0 0 0 0 
0 0 0 0 0 0 0 0 26 10 10 23 0 0 0 0 0 0 0 0 
0 0 0 0 0 0 0 0 0 0 0 0 0 0 0 0 11 16 16 18 
23 30 25 16 0 0 0 0 0 0 0 0 0 0 0 0 0 0 0 0 
0 0 0 0 16 19 12 19 15 28 28 30 17 22 16 22 0 0 0 0 
0 0 0 0 0 0 0 0 24 14 17 11 24 29 24 20 0 0 0 0 
0 0 0 0 0 0 0 0 28 13 22 13 0 0 0 0 0 0 0 0 
0 0 0 0 0 0 0 0 0 0 0 0 0 0 0 0 30 24 26 13 
17 15 24 17 0 0 0 0 0 0 0 0 0 0 0 0 0 0 0 0 
0 0 0 0 10 17 30 19 21 29 25 14 10 19 15 19 0 0 0 0 
0 0 0 0 19 20 28 25 0 0 0 0 0 0 0 0 0 0 0 0 
0 0 0 0 20 11 16 30 16 26 23 15 18 23 17 13 0 0 0 0 
0 0 0 0 0 0 0 0 0 0 0 0 0 0 0 0 13 10 25 21 
25 24 22 25 0 0 0 0 0 0 0 0 0 0 0 0 0 0 0 0 
0 0 0 0 0 0 0 0 27 23 19 13 0 0 0 0 0 0 0 0 
0 0 0 0 25 18 20 18 0 0 0 0 0 0 0 0 0 0 0 0 
0 0 0 0 11 15 30 25 0 0 0 0 22 20 17 14 0 0 0 0 
0 0 0 0 0 0 0 0 0 0 0 0 0 0 0 0 17 29 27 24 
18 12 12 13 0 0 0 0 0 0 0 0 0 0 0 0 0 0 0 0 
0 0 0 0 0 0 0 0 0 0 0 0 29 21 18 18 0 0 0 0 
0 0 0 0 20 13 28 11 14 23 27 23 18 10 10 13 0 0 0 0 
0 0 0 0 0 0 0 0 16 13 29 30 0 0 0 0 0 0 0 0 
0 0 0 0 0 0 0 0 0 0 0 0 0 0 0 0 26 25 18 10 
25 21 18 11 0 0 0 0 0 0 0 0 0 0 0 0 0 0 0 0 
0 0 0 0 16 15 19 15 0 0 0 0 0 0 0 0 0 0 0 0 
0 0 0 0 18 26 16 19 13 14 28 29 0 0 0 0 0 0 0 0 
0 0 0 0 24 16 26 24 16 13 23 17 22 30 19 26 0 0 0 0 
0 0 0 0 0 0 0 0 0 0 0 0 0 0 0 0 11 17 23 18 
25 10 14 27 0 0 0 0 0 0 0 0 0 0 0 0 0 0 0 0 
0 0 0 0 17 14 26 21 0 0 0 0 0 0 0 0 0 0 0 0 
0 0 0 0 0 0 0 0 25 27 13 24 0 0 0 0 0 0 0 0 
0 0 0 0 0 0 0 0 0 0 0 0 29 24 20 21 0 0 0 0 
0 0 0 0 0 0 0 0 0 0 0 0 0 0 0 0 16 17 30 13 
26 19 29 15 0 0 0 0 0 0 0 0 0 0 0 0 0 0 0 0 
0 0 0 0 0 0 0 0 0 0 0 0 19 18 11 27 0 0 0 0 
0 0 0 0 0 0 0 0 13 16 18 15 0 0 0 0 0 0 0 0 
0 0 0 0 28 29 17 28 0 0 0 0 18 25 18 15 0 0 0 0 
0 0 0 0 0 0 0 0 0 0 0 0 0 0 0 0 27 27 13 12 
12 12 25 17 0 0 0 0 0 0 0 0 0 0 0 0 0 0 0 0 
0 0 0 0 11 25 17 19 14 11 26 16 18 13 16 19 0 0 0 0 
0 0 0 0 0 0 0 0 28 22 15 10 0 0 0 0 0 0 0 0 
0 0 0 0 0 0 0 0 29 26 28 10 0 0 0 0 0 0 0 0 
0 0 0 0 0 0 0 0 0 0 0 0 0 0 0 0 11 19 17 12 
19 28 29 21 0 0 0 0 0 0 0 0 0 0 0 0 0 0 0 0 
0 0 0 0 0 0 0 0 0 0 0 0 23 18 16 17 0 0 0 0 
0 0 0 0 23 18 16 26 0 0 0 0 26 26 25 11 0 0 0 0 
0 0 0 0 0 0 0 0 22 11 19 22 16 28 15 23 0 0 0 0 
0 0 0 0 0 0 0 0 0 0 0 0 0 0 0 0 20 13 10 14 
16 12 22 20 0 0 0 0 0 0 0 0 0 0 0 0 0 0 0 0 
0 0 0 0 23 18 10 30 30 14 28 11 26 13 24 18 0 0 0 0 
0 0 0 0 17 29 28 30 13 29 22 25 0 0 0 0 0 0 0 0 
0 0 0 0 0 0 0 0 26 26 10 10 0 0 0 0 0 0 0 0 
0 0 0 0 0 0 0 0 0 0 0 0 0 0 0 0 22 18 16 23 
24 30 10 11 0 0 0 0 0 0 0 0 0 0 0 0 0 0 0 0 
0 0 0 0 21 22 14 13 10 14 25 10 28 16 13 15 0 0 0 0 
0 0 0 0 28 16 28 22 16 30 12 16 17 24 24 20 0 0 0 0 
0 0 0 0 15 25 24 14 0 0 0 0 0 0 0 0 0 0 0 0 
0 0 0 0 0 0 0 0 0 0 0 0 0 0 0 0 17 27 30 15 
11 30 22 19 0 0 0 0 0 0 0 0 0 0 0 0 0 0 0 0 
0 0 0 0 0 0 0 0 0 0 0 0 16 22 23 23 0 0 0 0 
0 0 0 0 23 30 13 24 29 28 19 13 0 0 0 0 0 0 0 0 
0 0 0 0 20 21 27 25 30 27 15 17 17 14 15 14 0 0 0 0 
0 0 0 0 0 0 0 0 0 0 0 0 0 0 0 0 14 18 24 12 
25 30 13 24 0 0 0 0 0 0 0 0 0 0 0 0 0 0 0 0 
0 0 0 0 0 0 0 0 17 10 18 29 16 23 21 23 0 0 0 0 
0 0 0 0 0 0 0 0 16 15 13 20 24 20 27 29 0 0 0 0 
0 0 0 0 0 0 0 0 17 30 27 29 0 0 0 0 0 0 0 0 
0 0 0 0 0 0 0 0 0 0 0 0 0 0 0 0 26 26 29 30 
12 29 22 26 0 0 0 0 0 0 0 0 0 0 0 0 0 0 0 0 
0 0 0 0 21 23 26 25 16 15 17 21 13 20 13 22 0 0 0 0 
0 0 0 0 25 14 18 13 0 0 0 0 20 30 26 23 0 0 0 0 
0 0 0 0 11 16 23 17 0 0 0 0 0 0 0 0 0 0 0 0 
0 0 0 0 0 0 0 0 0 0 0 0 0 0 0 0 26 12 11 12 
13 19 10 14 0 0 0 0 0 0 0 0 0 0 0 0 0 0 0 0 
0 0 0 0 19 27 15 21 0 0 0 0 0 0 0 0 0 0 0 0 
0 0 0 0 24 30 30 10 0 0 0 0 0 0 0 0 0 0 0 0 
0 0 0 0 0 0 0 0 0 0 0 0 30 29 27 11 0 0 0 0 
0 0 0 0 0 0 0 0 0 0 0 0 0 0 0 0 29 11 16 27 
11 14 11 17 0 0 0 0 0 0 0 0 0 0 0 0 0 0 0 0 
0 0 0 0 30 26 25 19 22 21 30 22 20 29 30 24 0 0 0 0 
0 0 0 0 23 26 25 21 29 16 23 12 12 18 23 19 0 0 0 0 
0 0 0 0 0 0 0 0 0 0 0 0 11 20 14 17 0 0 0 0 
0 0 0 0 0 0 0 0 0 0 0 0 0 0 0 0 16 29 13 27 
26 30 21 21 0 0 0 0 0 0 0 0 0 0 0 0 0 0 0 0 
0 0 0 0 13 29 25 17 14 12 14 25 17 29 25 12 0 0 0 0 
0 0 0 0 0 0 0 0 17 22 22 17 0 0 0 0 0 0 0 0 
0 0 0 0 18 16 10 17 17 27 26 26 24 18 13 13 0 0 0 0 
0 0 0 0 0 0 0 0 0 0 0 0 0 0 0 0 16 10 23 29 
14 18 18 30 0 0 0 0 0 0 0 0 0 0 0 0 0 0 0 0 
0 0 0 0 28 13 17 26 26 18 18 21 21 17 16 16 0 0 0 0 
0 0 0 0 26 30 26 28 0 0 0 0 0 0 0 0 0 0 0 0 
0 0 0 0 15 21 27 22 13 18 24 17 11 15 23 28 0 0 0 0 
0 0 0 0 0 0 0 0 0 0 0 0 0 0 0 0 10 23 27 13 
14 29 12 27 0 0 0 0 0 0 0 0 0 0 0 0 0 0 0 0 
0 0 0 0 28 20 21 24 0 0 0 0 26 22 25 24 0 0 0 0 
0 0 0 0 15 29 14 29 18 10 26 10 13 23 28 30 0 0 0 0 
0 0 0 0 21 28 25 28 24 16 21 23 18 23 22 12 0 0 0 0 
0 0 0 0 0 0 0 0 0 0 0 0 0 0 0 0 12 12 18 10 
27 10 20 14 0 0 0 0 0 0 0 0 0 0 0 0 0 0 0 0 
0 0 0 0 23 30 29 26 19 26 16 29 26 16 25 14 0 0 0 0 
0 0 0 0 0 0 0 0 0 0 0 0 22 10 27 18 0 0 0 0 
0 0 0 0 0 0 0 0 26 11 28 10 0 0 0 0 0 0 0 0 
0 0 0 0 0 0 0 0 0 0 0 0 0 0 0 0 18 11 21 18 
29 20 19 10 0 0 0 0 0 0 0 0 0 0 0 0 0 0 0 0 
0 0 0 0 23 28 25 11 12 12 17 22 13 17 10 11 0 0 0 0 
0 0 0 0 10 10 21 16 10 25 21 21 16 14 25 27 0 0 0 0 
0 0 0 0 29 28 18 13 21 12 19 24 11 20 21 10 0 0 0 0 
0 0 0 0 0 0 0 0 0 0 0 0 0 0 0 0 20 29 17 12 
29 27 29 18 0 0 0 0 0 0 0 0 0 0 0 0 0 0 0 0 
0 0 0 0 17 12 10 10 0 0 0 0 29 29 30 30 0 0 0 0 
0 0 0 0 22 30 29 11 28 13 28 18 12 22 28 17 0 0 0 0 
0 0 0 0 28 29 14 13 23 22 15 27 0 0 0 0 0 0 0 0 
0 0 0 0 0 0 0 0 0 0 0 0 0 0 0 0 16 10 17 12 
12 28 25 29 0 0 0 0 0 0 0 0 0 0 0 0 0 0 0 0 
0 0 0 0 25 26 11 28 24 10 28 22 0 0 0 0 0 0 0 0 
0 0 0 0 0 0 0 0 17 13 19 13 10 30 13 14 0 0 0 0 
0 0 0 0 0 0 0 0 0 0 0 0 20 13 28 10 0 0 0 0 
0 0 0 0 0 0 0 0 0 0 0 0 0 0 0 0 30 29 18 12 
20 17 15 28 0 0 0 0 0 0 0 0 0 0 0 0 0 0 0 0 
0 0 0 0 22 29 21 27 18 29 18 25 18 11 13 17 0 0 0 0 
0 0 0 0 15 18 23 13 25 24 13 27 18 28 24 21 0 0 0 0 
0 0 0 0 0 0 0 0 15 13 13 30 0 0 0 0 0 0 0 0 
0 0 0 0 0 0 0 0 0 0 0 0 0 0 0 0 10 24 24 25 
13 22 22 18 0 0 0 0 0 0 0 0 0 0 0 0 0 0 0 0 
0 0 0 0 13 26 21 20 0 0 0 0 0 0 0 0 0 0 0 0 
0 0 0 0 0 0 0 0 17 26 15 28 19 21 24 18 0 0 0 0 
0 0 0 0 0 0 0 0 23 19 25 24 12 24 27 24 0 0 0 0 
0 0 0 0 0 0 0 0 0 0 0 0 0 0 0 0 16 23 13 21 
18 21 25 29 0 0 0 0 0 0 0 0 0 0 0 0 0 0 0 0 
0 0 0 0 11 10 17 19 0 0 0 0 26 14 12 23 0 0 0 0 
0 0 0 0 0 0 0 0 0 0 0 0 13 12 15 27 0 0 0 0 
0 0 0 0 0 0 0 0 26 22 18 30 27 27 14 14 0 0 0 0 
0 0 0 0 0 0 0 0 0 0 0 0 0 0 0 0 11 10 19 12 
15 29 16 14 0 0 0 0 0 0 0 0 0 0 0 0 0 0 0 0 
0 0 0 0 22 16 24 12 0 0 0 0 11 13 28 12 0 0 0 0 
0 0 0 0 0 0 0 0 19 25 28 28 21 16 25 26 0 0 0 0 
0 0 0 0 0 0 0 0 29 29 26 10 17 23 29 25 0 0 0 0 
0 0 0 0 0 0 0 0 0 0 0 0 0 0 0 0 14 18 18 19 
21 23 28 13 0 0 0 0 0 0 0 0 0 0 0 0 0 0 0 0 
0 0 0 0 18 23 16 25 11 16 30 20 22 17 29 15 0 0 0 0 
0 0 0 0 17 10 11 11 0 0 0 0 0 0 0 0 0 0 0 0 
0 0 0 0 0 0 0 0 0 0 0 0 28 29 12 12 0 0 0 0 
0 0 0 0 0 0 0 0 0 0 0 0 0 0 0 0 30 15 23 26 
30 19 25 17 0 0 0 0 0 0 0 0 0 0 0 0 0 0 0 0 
0 0 0 0 13 29 28 25 0 0 0 0 14 13 25 12 0 0 0 0 
0 0 0 0 20 17 14 24 0 0 0 0 0 0 0 0 0 0 0 0 
0 0 0 0 0 0 0 0 0 0 0 0 21 14 24 10 0 0 0 0 
0 0 0 0 0 0 0 0 0 0 0 0 0 0 0 0 29 20 17 23 
24 16 18 17 0 0 0 0 0 0 0 0 0 0 0 0 0 0 0 0 
0 0 0 0 0 0 0 0 10 27 11 13 0 0 0 0 0 0 0 0 
0 0 0 0 30 19 18 24 10 18 21 25 0 0 0 0 0 0 0 0 
0 0 0 0 19 24 30 10 16 13 14 25 11 17 16 24 0 0 0 0 
0 0 0 0 0 0 0 0 0 0 0 0 0 0 0 0 13 15 27 14 
25 10 11 29 0 0 0 0 0 0 0 0 0 0 0 0 0 0 0 0 
0 0 0 0 0 0 0 0 16 24 17 17 0 0 0 0 0 0 0 0 
0 0 0 0 25 11 28 13 17 16 23 28 0 0 0 0 0 0 0 0 
0 0 0 0 0 0 0 0 27 12 13 25 0 0 0 0 0 0 0 0 
0 0 0 0 0 0 0 0 0 0 0 0 0 0 0 0 17 22 26 14 
19 13 24 10 0 0 0 0 0 0 0 0 0 0 0 0 0 0 0 0 
0 0 0 0 0 0 0 0 20 24 15 18 15 26 16 27 0 0 0 0 
0 0 0 0 12 10 19 30 21 22 12 24 0 0 0 0 0 0 0 0 
0 0 0 0 25 14 22 17 19 24 28 30 10 13 23 29 0 0 0 0 
0 0 0 0 0 0 0 0 0 0 0 0 0 0 0 0 16 11 18 22 
12 22 23 12 0 0 0 0 0 0 0 0 0 0 0 0 0 0 0 0 
0 0 0 0 26 30 23 30 0 0 0 0 24 23 28 14 0 0 0 0 
0 0 0 0 17 15 15 27 0 0 0 0 0 0 0 0 0 0 0 0 
0 0 0 0 0 0 0 0 27 28 21 22 30 30 25 26 0 0 0 0 
0 0 0 0 0 0 0 0 0 0 0 0 0 0 0 0 23 29 25 11 
23 23 16 24 0 0 0 0 0 0 0 0 0 0 0 0 0 0 0 0 
0 0 0 0 30 11 14 29 0 0 0 0 29 14 23 29 0 0 0 0 
0 0 0 0 25 25 16 19 11 18 13 10 23 10 12 24 0 0 0 0 
0 0 0 0 0 0 0 0 17 14 21 20 13 20 18 20 0 0 0 0 
0 0 0 0 0 0 0 0 0 0 0 0 0 0 0 0 29 24 15 27 
27 27 29 20 0 0 0 0 0 0 0 0 0 0 0 0 0 0 0 0 
0 0 0 0 20 29 12 29 11 24 12 24 17 18 28 17 0 0 0 0 
0 0 0 0 27 18 26 22 0 0 0 0 0 0 0 0 0 0 0 0 
0 0 0 0 30 13 22 23 21 26 24 15 0 0 0 0 0 0 0 0 
0 0 0 0 0 0 0 0 0 0 0 0 0 0 0 0 20 29 30 12 
18 24 19 10 0 0 0 0 0 0 0 0 0 0 0 0 0 0 0 0 
0 0 0 0 20 22 12 13 19 14 13 22 19 12 17 30 0 0 0 0 
0 0 0 0 21 30 26 22 0 0 0 0 0 0 0 0 0 0 0 0 
0 0 0 0 0 0 0 0 10 11 24 22 0 0 0 0 0 0 0 0 
0 0 0 0 0 0 0 0 0 0 0 0 0 0 0 0 24 10 17 11 
30 22 16 11 0 0 0 0 0 0 0 0 0 0 0 0 0 0 0 0 
0 0 0 0 27 18 20 30 22 24 29 28 26 21 26 19 0 0 0 0 
0 0 0 0 0 0 0 0 13 27 22 13 22 13 20 18 0 0 0 0 
0 0 0 0 0 0 0 0 0 0 0 0 13 21 23 10 0 0 0 0 
0 0 0 0 0 0 0 0 0 0 0 0 0 0 0 0 13 10 17 20 
22 16 18 28 0 0 0 0 0 0 0 0 0 0 0 0 0 0 0 0 
0 0 0 0 0 0 0 0 23 19 21 13 13 21 16 23 0 0 0 0 
0 0 0 0 0 0 0 0 27 24 22 25 12 20 23 17 0 0 0 0 
0 0 0 0 0 0 0 0 0 0 0 0 14 20 19 30 0 0 0 0 
0 0 0 0 0 0 0 0 0 0 0 0 0 0 0 0 22 10 28 12 
26 10 12 28 0 0 0 0 0 0 0 0 0 0 0 0 0 0 0 0 
0 0 0 0 21 27 12 27 15 29 23 23 0 0 0 0 0 0 0 0 
0 0 0 0 23 16 10 18 0 0 0 0 0 0 0 0 0 0 0 0 
0 0 0 0 28 23 14 18 23 24 15 11 13 22 19 18 0 0 0 0 
0 0 0 0 0 0 0 0 0 0 0 0 0 0 0 0 11 29 28 22 
17 30 21 13 0 0 0 0 0 0 0 0 0 0 0 0 0 0 0 0 
0 0 0 0 0 0 0 0 0 0 0 0 22 24 11 15 0 0 0 0 
0 0 0 0 0 0 0 0 22 11 29 11 0 0 0 0 0 0 0 0 
0 0 0 0 0 0 0 0 21 18 17 30 0 0 0 0 0 0 0 0 
0 0 0 0 0 0 0 0 0 0 0 0 0 0 0 0 26 30 24 18 
28 22 18 13 0 0 0 0 0 0 0 0 0 0 0 0 0 0 0 0 
0 0 0 0 16 13 14 23 25 24 28 18 17 28 28 20 0 0 0 0 
0 0 0 0 0 0 0 0 27 14 23 21 0 0 0 0 0 0 0 0 
0 0 0 0 0 0 0 0 19 12 16 29 19 22 15 27 0 0 0 0 
0 0 0 0 0 0 0 0 0 0 0 0 0 0 0 0 10 18 22 30 
26 16 19 20 0 0 0 0 0 0 0 0 0 0 0 0 0 0 0 0 
0 0 0 0 25 28 20 28 0 0 0 0 0 0 0 0 0 0 0 0 
0 0 0 0 30 13 24 21 23 12 29 14 23 23 17 26 0 0 0 0 
0 0 0 0 0 0 0 0 0 0 0 0 10 19 12 22 0 0 0 0 
0 0 0 0 0 0 0 0 0 0 0 0 0 0 0 0 29 10 10 18 
29 20 20 20 0 0 0 0 0 0 0 0 0 0 0 0 0 0 0 0 
0 0 0 0 15 29 17 21 19 23 22 26 27 12 19 22 0 0 0 0 
0 0 0 0 21 22 23 21 18 28 18 14 16 18 14 28 0 0 0 0 
0 0 0 0 0 0 0 0 14 17 17 23 14 28 10 27 0 0 0 0 
0 0 0 0 0 0 0 0 0 0 0 0 0 0 0 0 25 26 19 11 
14 30 11 29 0 0 0 0 0 0 0 0 0 0 0 0 0 0 0 0 
0 0 0 0 24 25 17 25 0 0 0 0 12 29 30 28 0 0 0 0 
0 0 0 0 26 24 15 30 15 18 28 29 0 0 0 0 0 0 0 0 
0 0 0 0 22 24 23 12 15 12 26 10 19 12 11 19 0 0 0 0 
0 0 0 0 0 0 0 0 0 0 0 0 0 0 0 0 12 15 15 21 
28 12 30 15 0 0 0 0 0 0 0 0 0 0 0 0 0 0 0 0 
0 0 0 0 29 19 15 19 13 17 16 24 14 12 21 20 0 0 0 0 
0 0 0 0 0 0 0 0 18 28 10 14 0 0 0 0 0 0 0 0 
0 0 0 0 0 0 0 0 0 0 0 0 13 28 11 21 0 0 0 0 
0 0 0 0 0 0 0 0 0 0 0 0 0 0 0 0 14 10 12 15 
16 12 16 16 0 0 0 0 0 0 0 0 0 0 0 0 0 0 0 0 
0 0 0 0 0 0 0 0 26 12 20 22 0 0 0 0 0 0 0 0 
0 0 0 0 22 21 14 18 0 0 0 0 0 0 0 0 0 0 0 0 
0 0 0 0 18 14 23 26 29 24 23 12 20 22 21 16 0 0 0 0 
0 0 0 0 0 0 0 0 0 0 0 0 0 0 0 0 11 12 25 22 
30 13 20 15 0 0 0 0 0 0 0 0 0 0 0 0 0 0 0 0 
0 0 0 0 10 29 25 28 29 15 13 26 19 17 24 24 0 0 0 0 
0 0 0 0 0 0 0 0 0 0 0 0 22 29 26 20 0 0 0 0 
0 0 0 0 30 21 20 29 0 0 0 0 0 0 0 0 0 0 0 0 
0 0 0 0 0 0 0 0 0 0 0 0 0 0 0 0 11 29 21 22 
21 13 21 17 0 0 0 0 0 0 0 0 0 0 0 0 0 0 0 0 
0 0 0 0 0 0 0 0 30 30 13 21 0 0 0 0 0 0 0 0 
0 0 0 0 23 10 22 28 16 22 22 27 0 0 0 0 0 0 0 0 
0 0 0 0 23 26 16 24 0 0 0 0 21 11 24 11 0 0 0 0 
0 0 0 0 0 0 0 0 0 0 0 0 0 0 0 0 30 21 19 30 
25 22 15 27 0 0 0 0 0 0 0 0 0 0 0 0 0 0 0 0 
0 0 0 0 30 13 17 29 28 14 24 14 23 14 23 17 0 0 0 0 
0 0 0 0 16 22 10 27 0 0 0 0 20 12 15 28 0 0 0 0 
0 0 0 0 30 20 13 18 18 10 20 16 0 0 0 0 0 0 0 0 
0 0 0 0 0 0 0 0 0 0 0 0 0 0 0 0 16 16 22 22 
15 29 23 10 0 0 0 0 0 0 0 0 0 0 0 0 0 0 0 0 
0 0 0 0 0 0 0 0 19 19 12 30 10 14 17 25 0 0 0 0 
0 0 0 0 25 11 14 27 0 0 0 0 0 0 0 0 0 0 0 0 
0 0 0 0 16 28 20 22 0 0 0 0 0 0 0 0 0 0 0 0 
0 0 0 0 0 0 0 0 0 0 0 0 0 0 0 0 27 16 20 16 
23 18 15 30 0 0 0 0 0 0 0 0 0 0 0 0 0 0 0 0 
0 0 0 0 14 22 21 19 21 15 29 25 17 13 20 19 0 0 0 0 
0 0 0 0 0 0 0 0 30 13 29 20 0 0 0 0 0 0 0 0 
0 0 0 0 19 14 16 13 0 0 0 0 0 0 0 0 0 0 0 0 
0 0 0 0 0 0 0 0 0 0 0 0 0 0 0 0 26 25 29 18 
11 27 19 30 0 0 0 0 0 0 0 0 0 0 0 0 0 0 0 0 
0 0 0 0 23 16 19 24 14 22 16 19 0 0 0 0 0 0 0 0 
0 0 0 0 30 30 13 24 0 0 0 0 0 0 0 0 0 0 0 0 
0 0 0 0 16 12 25 15 0 0 0 0 14 23 27 17 0 0 0 0 
0 0 0 0 0 0 0 0 0 0 0 0 0 0 0 0 28 20 24 21 
10 22 15 11 0 0 0 0 0 0 0 0 0 0 0 0 0 0 0 0 
0 0 0 0 0 0 0 0 29 30 27 30 0 0 0 0 0 0 0 0 
0 0 0 0 12 18 12 11 0 0 0 0 12 17 24 19 0 0 0 0 
0 0 0 0 21 25 12 18 12 29 13 14 27 27 13 23 0 0 0 0 
0 0 0 0 0 0 0 0 0 0 0 0 0 0 0 0 20 24 15 23 
14 15 25 22 0 0 0 0 0 0 0 0 0 0 0 0 0 0 0 0 
0 0 0 0 12 12 14 10 0 0 0 0 24 28 25 10 0 0 0 0 
0 0 0 0 0 0 0 0 11 28 14 20 0 0 0 0 0 0 0 0 
0 0 0 0 11 21 27 26 16 27 17 13 18 10 25 19 0 0 0 0 
0 0 0 0 0 0 0 0 0 0 0 0 0 0 0 0 29 18 30 29 
19 21 27 27 0 0 0 0 0 0 0 0 0 0 0 0 0 0 0 0 
0 0 0 0 13 14 28 15 0 0 0 0 11 26 22 10 0 0 0 0 
0 0 0 0 17 15 30 29 0 0 0 0 0 0 0 0 0 0 0 0 
0 0 0 0 0 0 0 0 20 10 12 18 0 0 0 0 0 0 0 0 
0 0 0 0 0 0 0 0 0 0 0 0 0 0 0 0 28 22 23 23 
29 30 18 29 0 0 0 0 0 0 0 0 0 0 0 0 0 0 0 0 
0 0 0 0 13 15 16 12 12 12 16 19 12 21 28 17 0 0 0 0 
0 0 0 0 13 18 21 12 26 14 27 26 18 16 26 15 0 0 0 0 
0 0 0 0 11 15 27 11 12 21 12 16 17 19 17 16 0 0 0 0 
0 0 0 0 0 0 0 0 0 0 0 0 0 0 0 0 28 22 20 12 
25 21 24 27 0 0 0 0 0 0 0 0 0 0 0 0 0 0 0 0 
0 0 0 0 0 0 0 0 15 19 27 11 22 11 16 20 0 0 0 0 
0 0 0 0 13 20 13 16 0 0 0 0 25 18 23 16 0 0 0 0 
0 0 0 0 30 17 24 13 16 21 14 25 0 0 0 0 0 0 0 0 
0 0 0 0 0 0 0 0 0 0 0 0 0 0 0 0 12 19 27 23 
23 12 26 21 0 0 0 0 0 0 0 0 0 0 0 0 0 0 0 0 
0 0 0 0 0 0 0 0 0 0 0 0 22 29 11 24 0 0 0 0 
0 0 0 0 25 10 14 23 0 0 0 0 0 0 0 0 0 0 0 0 
0 0 0 0 12 19 15 19 0 0 0 0 12 13 27 10 0 0 0 0 
0 0 0 0 0 0 0 0 0 0 0 0 0 0 0 0 23 13 12 29 
28 29 27 16 0 0 0 0 0 0 0 0 0 0 0 0 0 0 0 0 
0 0 0 0 0 0 0 0 0 0 0 0 10 12 22 16 0 0 0 0 
0 0 0 0 0 0 0 0 0 0 0 0 13 13 16 22 0 0 0 0 
0 0 0 0 0 0 0 0 30 30 30 26 17 24 29 17 0 0 0 0 
0 0 0 0 0 0 0 0 0 0 0 0 0 0 0 0 18 18 24 25 
23 18 17 25 0 0 0 0 0 0 0 0 0 0 0 0 0 0 0 0 
0 0 0 0 0 0 0 0 0 0 0 0 16 23 19 30 0 0 0 0 
0 0 0 0 0 0 0 0 0 0 0 0 28 23 18 29 0 0 0 0 
0 0 0 0 0 0 0 0 0 0 0 0 22 27 15 30 0 0 0 0 
0 0 0 0 0 0 0 0 0 0 0 0 0 0 0 0 19 11 10 25 
25 27 15 17 0 0 0 0 0 0 0 0 0 0 0 0 0 0 0 0 
0 0 0 0 19 28 24 29 22 14 22 26 0 0 0 0 0 0 0 0 
0 0 0 0 19 15 18 30 19 25 16 11 14 28 21 16 0 0 0 0 
0 0 0 0 12 27 25 14 24 23 30 22 19 15 16 27 0 0 0 0 
0 0 0 0 0 0 0 0 0 0 0 0 0 0 0 0 16 19 27 10
---------------------
 
Processing cost   (0 -- non-optional machine)
Rows: sequential for each operation of each part; Columns: correspond to machine number
16 12 10 13 0 0 0 0 0 0 0 0 0 0 0 0 0 0 0 0 
0 0 0 0 19 20 19 12 12 17 11 14 0 0 0 0 0 0 0 0 
0 0 0 0 0 0 0 0 16 14 16 16 0 0 0 0 0 0 0 0 
0 0 0 0 18 19 13 10 0 0 0 0 0 0 0 0 0 0 0 0 
0 0 0 0 0 0 0 0 0 0 0 0 0 0 0 0 20 12 17 18 
10 13 14 13 0 0 0 0 0 0 0 0 0 0 0 0 0 0 0 0 
0 0 0 0 11 17 16 16 20 15 13 16 11 15 17 19 0 0 0 0 
0 0 0 0 0 0 0 0 10 19 17 14 10 20 12 10 0 0 0 0 
0 0 0 0 13 10 11 12 16 15 19 20 13 10 19 12 0 0 0 0 
0 0 0 0 0 0 0 0 0 0 0 0 0 0 0 0 11 15 18 11 
14 16 14 12 0 0 0 0 0 0 0 0 0 0 0 0 0 0 0 0 
0 0 0 0 12 12 17 14 20 18 15 12 20 18 12 20 0 0 0 0 
0 0 0 0 11 19 13 18 15 10 11 19 0 0 0 0 0 0 0 0 
0 0 0 0 0 0 0 0 0 0 0 0 16 18 16 11 0 0 0 0 
0 0 0 0 0 0 0 0 0 0 0 0 0 0 0 0 20 14 12 17 
12 20 17 20 0 0 0 0 0 0 0 0 0 0 0 0 0 0 0 0 
0 0 0 0 0 0 0 0 19 16 11 19 16 15 17 11 0 0 0 0 
0 0 0 0 0 0 0 0 0 0 0 0 17 11 16 16 0 0 0 0 
0 0 0 0 19 12 12 14 18 19 16 15 11 20 11 17 0 0 0 0 
0 0 0 0 0 0 0 0 0 0 0 0 0 0 0 0 10 19 13 18 
20 13 17 15 0 0 0 0 0 0 0 0 0 0 0 0 0 0 0 0 
0 0 0 0 12 10 15 18 19 15 19 17 13 17 20 13 0 0 0 0 
0 0 0 0 12 20 10 18 13 11 19 12 0 0 0 0 0 0 0 0 
0 0 0 0 0 0 0 0 15 19 20 15 0 0 0 0 0 0 0 0 
0 0 0 0 0 0 0 0 0 0 0 0 0 0 0 0 18 18 16 12 
18 19 14 20 0 0 0 0 0 0 0 0 0 0 0 0 0 0 0 0 
0 0 0 0 15 12 12 13 0 0 0 0 20 17 14 17 0 0 0 0 
0 0 0 0 0 0 0 0 16 16 12 15 19 15 20 10 0 0 0 0 
0 0 0 0 11 16 20 17 0 0 0 0 15 16 13 18 0 0 0 0 
0 0 0 0 0 0 0 0 0 0 0 0 0 0 0 0 18 20 18 10 
19 11 16 14 0 0 0 0 0 0 0 0 0 0 0 0 0 0 0 0 
0 0 0 0 0 0 0 0 11 14 16 19 20 10 11 17 0 0 0 0 
0 0 0 0 11 10 10 14 17 10 19 15 20 18 19 17 0 0 0 0 
0 0 0 0 18 17 12 13 13 11 17 18 13 16 11 16 0 0 0 0 
0 0 0 0 0 0 0 0 0 0 0 0 0 0 0 0 12 19 11 13 
13 20 17 18 0 0 0 0 0 0 0 0 0 0 0 0 0 0 0 0 
0 0 0 0 18 10 18 13 14 15 14 19 16 10 12 20 0 0 0 0 
0 0 0 0 12 15 15 16 0 0 0 0 15 10 17 19 0 0 0 0 
0 0 0 0 0 0 0 0 10 18 20 13 12 16 17 20 0 0 0 0 
0 0 0 0 0 0 0 0 0 0 0 0 0 0 0 0 13 17 17 13 
12 17 14 16 0 0 0 0 0 0 0 0 0 0 0 0 0 0 0 0 
0 0 0 0 18 11 17 10 20 20 16 14 13 18 13 17 0 0 0 0 
0 0 0 0 18 11 11 15 15 20 19 13 20 17 12 13 0 0 0 0 
0 0 0 0 13 11 19 10 0 0 0 0 17 16 13 19 0 0 0 0 
0 0 0 0 0 0 0 0 0 0 0 0 0 0 0 0 11 14 11 10 
11 10 16 11 0 0 0 0 0 0 0 0 0 0 0 0 0 0 0 0 
0 0 0 0 0 0 0 0 18 11 17 20 20 20 16 19 0 0 0 0 
0 0 0 0 12 12 10 17 12 10 13 10 18 12 18 15 0 0 0 0 
0 0 0 0 0 0 0 0 18 10 13 19 0 0 0 0 0 0 0 0 
0 0 0 0 0 0 0 0 0 0 0 0 0 0 0 0 12 20 20 16 
11 20 19 14 0 0 0 0 0 0 0 0 0 0 0 0 0 0 0 0 
0 0 0 0 14 20 17 16 0 0 0 0 11 11 20 19 0 0 0 0 
0 0 0 0 0 0 0 0 15 19 16 15 17 15 12 11 0 0 0 0 
0 0 0 0 0 0 0 0 12 16 10 19 0 0 0 0 0 0 0 0 
0 0 0 0 0 0 0 0 0 0 0 0 0 0 0 0 10 12 17 13 
17 11 13 13 0 0 0 0 0 0 0 0 0 0 0 0 0 0 0 0 
0 0 0 0 13 10 16 11 10 20 20 13 18 14 12 12 0 0 0 0 
0 0 0 0 0 0 0 0 16 16 19 14 16 19 20 17 0 0 0 0 
0 0 0 0 17 12 16 15 0 0 0 0 0 0 0 0 0 0 0 0 
0 0 0 0 0 0 0 0 0 0 0 0 0 0 0 0 14 12 12 16 
10 13 13 10 0 0 0 0 0 0 0 0 0 0 0 0 0 0 0 0 
0 0 0 0 14 13 11 14 15 15 20 12 0 0 0 0 0 0 0 0 
0 0 0 0 0 0 0 0 12 11 12 19 16 17 19 18 0 0 0 0 
0 0 0 0 14 15 16 19 14 11 15 17 11 10 15 17 0 0 0 0 
0 0 0 0 0 0 0 0 0 0 0 0 0 0 0 0 17 13 16 20 
10 20 10 16 0 0 0 0 0 0 0 0 0 0 0 0 0 0 0 0 
0 0 0 0 18 16 14 18 11 11 12 14 10 17 12 10 0 0 0 0 
0 0 0 0 0 0 0 0 0 0 0 0 12 10 17 13 0 0 0 0 
0 0 0 0 0 0 0 0 0 0 0 0 16 10 13 10 0 0 0 0 
0 0 0 0 0 0 0 0 0 0 0 0 0 0 0 0 13 14 11 13 
12 11 14 16 0 0 0 0 0 0 0 0 0 0 0 0 0 0 0 0 
0 0 0 0 13 19 18 17 15 11 16 14 19 14 15 10 0 0 0 0 
0 0 0 0 10 11 15 15 13 13 16 17 19 11 17 19 0 0 0 0 
0 0 0 0 17 12 10 14 15 15 13 17 0 0 0 0 0 0 0 0 
0 0 0 0 0 0 0 0 0 0 0 0 0 0 0 0 18 19 12 12 
14 17 10 19 0 0 0 0 0 0 0 0 0 0 0 0 0 0 0 0 
0 0 0 0 17 18 11 16 18 20 14 20 11 16 14 11 0 0 0 0 
0 0 0 0 0 0 0 0 20 15 20 16 19 18 16 11 0 0 0 0 
0 0 0 0 10 15 11 19 18 12 16 13 16 20 16 18 0 0 0 0 
0 0 0 0 0 0 0 0 0 0 0 0 0 0 0 0 17 17 19 16 
17 10 16 12 0 0 0 0 0 0 0 0 0 0 0 0 0 0 0 0 
0 0 0 0 19 16 14 10 16 11 17 11 12 14 11 20 0 0 0 0 
0 0 0 0 20 12 15 17 20 10 17 12 13 19 17 17 0 0 0 0 
0 0 0 0 10 18 11 16 12 19 10 10 0 0 0 0 0 0 0 0 
0 0 0 0 0 0 0 0 0 0 0 0 0 0 0 0 17 18 18 20 
20 17 13 19 0 0 0 0 0 0 0 0 0 0 0 0 0 0 0 0 
0 0 0 0 0 0 0 0 11 17 14 13 10 15 20 13 0 0 0 0 
0 0 0 0 13 18 19 14 14 20 13 11 10 17 11 18 0 0 0 0 
0 0 0 0 18 19 15 17 0 0 0 0 15 16 14 13 0 0 0 0 
0 0 0 0 0 0 0 0 0 0 0 0 0 0 0 0 15 14 13 15 
12 15 10 16 0 0 0 0 0 0 0 0 0 0 0 0 0 0 0 0 
0 0 0 0 13 14 17 20 14 20 19 18 18 16 16 20 0 0 0 0 
0 0 0 0 20 20 20 13 13 20 14 13 12 19 18 13 0 0 0 0 
0 0 0 0 0 0 0 0 0 0 0 0 10 18 10 13 0 0 0 0 
0 0 0 0 0 0 0 0 0 0 0 0 0 0 0 0 12 17 13 16 
15 12 17 20 0 0 0 0 0 0 0 0 0 0 0 0 0 0 0 0 
0 0 0 0 16 16 17 10 0 0 0 0 12 14 17 20 0 0 0 0 
0 0 0 0 16 20 17 10 19 14 20 11 0 0 0 0 0 0 0 0 
0 0 0 0 14 11 12 10 16 11 13 20 19 11 16 17 0 0 0 0 
0 0 0 0 0 0 0 0 0 0 0 0 0 0 0 0 20 20 10 10 
16 15 11 11 0 0 0 0 0 0 0 0 0 0 0 0 0 0 0 0 
0 0 0 0 10 11 17 19 12 16 15 16 19 13 19 13 0 0 0 0 
0 0 0 0 15 19 20 13 0 0 0 0 10 19 14 20 0 0 0 0 
0 0 0 0 20 16 17 19 0 0 0 0 0 0 0 0 0 0 0 0 
0 0 0 0 0 0 0 0 0 0 0 0 0 0 0 0 16 14 11 16 
15 17 15 20 0 0 0 0 0 0 0 0 0 0 0 0 0 0 0 0 
0 0 0 0 16 18 14 14 20 12 16 10 13 17 17 17 0 0 0 0 
0 0 0 0 17 20 10 18 20 20 15 17 12 12 13 10 0 0 0 0 
0 0 0 0 0 0 0 0 10 18 14 12 19 18 16 18 0 0 0 0 
0 0 0 0 0 0 0 0 0 0 0 0 0 0 0 0 16 18 13 19 
18 11 16 12 0 0 0 0 0 0 0 0 0 0 0 0 0 0 0 0 
0 0 0 0 11 12 10 12 0 0 0 0 14 18 16 20 0 0 0 0 
0 0 0 0 0 0 0 0 15 13 10 14 0 0 0 0 0 0 0 0 
0 0 0 0 0 0 0 0 19 12 13 20 0 0 0 0 0 0 0 0 
0 0 0 0 0 0 0 0 0 0 0 0 0 0 0 0 18 20 20 18 
12 13 19 18 0 0 0 0 0 0 0 0 0 0 0 0 0 0 0 0 
0 0 0 0 0 0 0 0 10 14 12 11 18 11 13 10 0 0 0 0 
0 0 0 0 16 20 16 16 10 15 17 17 0 0 0 0 0 0 0 0 
0 0 0 0 0 0 0 0 11 12 14 18 17 12 19 13 0 0 0 0 
0 0 0 0 0 0 0 0 0 0 0 0 0 0 0 0 14 12 19 15 
13 20 12 18 0 0 0 0 0 0 0 0 0 0 0 0 0 0 0 0 
0 0 0 0 17 18 16 13 17 14 11 10 16 16 17 12 0 0 0 0 
0 0 0 0 0 0 0 0 19 16 13 10 18 11 12 13 0 0 0 0 
0 0 0 0 14 10 18 16 11 16 11 13 15 20 15 20 0 0 0 0 
0 0 0 0 0 0 0 0 0 0 0 0 0 0 0 0 14 15 18 19 
15 15 19 14 0 0 0 0 0 0 0 0 0 0 0 0 0 0 0 0 
0 0 0 0 16 10 12 12 0 0 0 0 0 0 0 0 0 0 0 0 
0 0 0 0 0 0 0 0 15 15 19 20 14 15 16 20 0 0 0 0 
0 0 0 0 13 16 18 20 15 19 10 13 13 15 10 18 0 0 0 0 
0 0 0 0 0 0 0 0 0 0 0 0 0 0 0 0 19 18 17 20 
17 17 20 10 0 0 0 0 0 0 0 0 0 0 0 0 0 0 0 0 
0 0 0 0 17 14 17 20 20 18 18 13 0 0 0 0 0 0 0 0 
0 0 0 0 0 0 0 0 0 0 0 0 14 12 16 16 0 0 0 0 
0 0 0 0 0 0 0 0 19 10 12 12 10 19 15 10 0 0 0 0 
0 0 0 0 0 0 0 0 0 0 0 0 0 0 0 0 16 11 10 20 
14 15 18 13 0 0 0 0 0 0 0 0 0 0 0 0 0 0 0 0 
0 0 0 0 13 19 10 10 18 10 14 12 20 15 10 19 0 0 0 0 
0 0 0 0 11 16 19 16 18 11 11 11 18 18 12 10 0 0 0 0 
0 0 0 0 0 0 0 0 16 14 17 20 0 0 0 0 0 0 0 0 
0 0 0 0 0 0 0 0 0 0 0 0 0 0 0 0 14 16 10 10 
11 20 12 16 0 0 0 0 0 0 0 0 0 0 0 0 0 0 0 0 
0 0 0 0 11 17 15 10 15 20 13 19 15 12 16 12 0 0 0 0 
0 0 0 0 10 11 15 19 13 11 17 10 0 0 0 0 0 0 0 0 
0 0 0 0 11 15 11 15 0 0 0 0 0 0 0 0 0 0 0 0 
0 0 0 0 0 0 0 0 0 0 0 0 0 0 0 0 14 12 17 10 
17 19 20 15 0 0 0 0 0 0 0 0 0 0 0 0 0 0 0 0 
0 0 0 0 14 13 17 17 0 0 0 0 14 13 15 12 0 0 0 0 
0 0 0 0 12 10 20 11 14 12 16 12 20 14 17 16 0 0 0 0 
0 0 0 0 0 0 0 0 13 19 17 18 11 14 13 16 0 0 0 0 
0 0 0 0 0 0 0 0 0 0 0 0 0 0 0 0 15 20 13 19 
14 14 12 16 0 0 0 0 0 0 0 0 0 0 0 0 0 0 0 0 
0 0 0 0 11 12 16 12 14 17 11 17 11 16 20 12 0 0 0 0 
0 0 0 0 20 10 20 15 16 17 14 19 14 13 15 19 0 0 0 0 
0 0 0 0 13 14 15 15 0 0 0 0 10 19 10 15 0 0 0 0 
0 0 0 0 0 0 0 0 0 0 0 0 0 0 0 0 15 15 15 20 
17 18 20 11 0 0 0 0 0 0 0 0 0 0 0 0 0 0 0 0 
0 0 0 0 0 0 0 0 0 0 0 0 15 19 12 12 0 0 0 0 
0 0 0 0 11 20 14 19 12 15 13 16 0 0 0 0 0 0 0 0 
0 0 0 0 10 16 15 19 19 12 15 11 0 0 0 0 0 0 0 0 
0 0 0 0 0 0 0 0 0 0 0 0 0 0 0 0 14 14 20 19 
20 11 11 12 0 0 0 0 0 0 0 0 0 0 0 0 0 0 0 0 
0 0 0 0 0 0 0 0 10 19 10 14 0 0 0 0 0 0 0 0 
0 0 0 0 0 0 0 0 17 11 16 15 12 18 16 13 0 0 0 0 
0 0 0 0 0 0 0 0 20 13 13 13 0 0 0 0 0 0 0 0 
0 0 0 0 0 0 0 0 0 0 0 0 0 0 0 0 20 11 18 17 
11 13 20 11 0 0 0 0 0 0 0 0 0 0 0 0 0 0 0 0 
0 0 0 0 20 11 11 18 0 0 0 0 0 0 0 0 0 0 0 0 
0 0 0 0 18 15 20 16 10 20 19 15 15 18 20 11 0 0 0 0 
0 0 0 0 14 20 11 14 19 16 19 18 16 10 11 20 0 0 0 0 
0 0 0 0 0 0 0 0 0 0 0 0 0 0 0 0 10 19 13 18 
20 10 14 13 0 0 0 0 0 0 0 0 0 0 0 0 0 0 0 0 
0 0 0 0 13 17 10 16 17 13 14 20 0 0 0 0 0 0 0 0 
0 0 0 0 0 0 0 0 12 12 13 20 20 10 19 12 0 0 0 0 
0 0 0 0 18 18 13 19 19 20 10 13 15 17 17 20 0 0 0 0 
0 0 0 0 0 0 0 0 0 0 0 0 0 0 0 0 17 17 12 17 
19 11 14 14 0 0 0 0 0 0 0 0 0 0 0 0 0 0 0 0 
0 0 0 0 0 0 0 0 0 0 0 0 16 18 13 16 0 0 0 0 
0 0 0 0 12 12 19 14 11 14 14 20 0 0 0 0 0 0 0 0 
0 0 0 0 18 11 15 15 19 20 15 18 0 0 0 0 0 0 0 0 
0 0 0 0 0 0 0 0 0 0 0 0 0 0 0 0 18 20 13 11 
10 17 14 14 0 0 0 0 0 0 0 0 0 0 0 0 0 0 0 0 
0 0 0 0 0 0 0 0 0 0 0 0 19 16 14 17 0 0 0 0 
0 0 0 0 12 14 11 18 10 20 12 14 12 18 10 11 0 0 0 0 
0 0 0 0 0 0 0 0 20 13 16 12 0 0 0 0 0 0 0 0 
0 0 0 0 0 0 0 0 0 0 0 0 0 0 0 0 13 20 12 11 
10 14 10 12 0 0 0 0 0 0 0 0 0 0 0 0 0 0 0 0 
0 0 0 0 0 0 0 0 14 15 14 12 16 10 20 10 0 0 0 0 
0 0 0 0 14 15 11 10 20 16 10 16 19 12 16 14 0 0 0 0 
0 0 0 0 0 0 0 0 0 0 0 0 10 12 15 17 0 0 0 0 
0 0 0 0 0 0 0 0 0 0 0 0 0 0 0 0 13 12 14 12 
14 11 12 14 0 0 0 0 0 0 0 0 0 0 0 0 0 0 0 0 
0 0 0 0 11 11 20 16 0 0 0 0 12 16 14 14 0 0 0 0 
0 0 0 0 18 20 15 14 13 16 19 13 17 18 15 17 0 0 0 0 
0 0 0 0 0 0 0 0 11 11 16 14 0 0 0 0 0 0 0 0 
0 0 0 0 0 0 0 0 0 0 0 0 0 0 0 0 15 19 10 20 
17 20 10 11 0 0 0 0 0 0 0 0 0 0 0 0 0 0 0 0 
0 0 0 0 10 18 15 19 13 10 19 15 13 19 19 17 0 0 0 0 
0 0 0 0 0 0 0 0 18 10 16 16 12 10 11 12 0 0 0 0 
0 0 0 0 0 0 0 0 16 13 17 14 0 0 0 0 0 0 0 0 
0 0 0 0 0 0 0 0 0 0 0 0 0 0 0 0 14 16 14 18 
18 15 15 16 0 0 0 0 0 0 0 0 0 0 0 0 0 0 0 0 
0 0 0 0 20 15 19 11 13 11 11 10 13 11 10 11 0 0 0 0 
0 0 0 0 11 10 10 13 0 0 0 0 0 0 0 0 0 0 0 0 
0 0 0 0 18 12 17 18 20 15 18 15 15 20 17 14 0 0 0 0 
0 0 0 0 0 0 0 0 0 0 0 0 0 0 0 0 16 20 18 12 
17 17 15 15 0 0 0 0 0 0 0 0 0 0 0 0 0 0 0 0 
0 0 0 0 0 0 0 0 12 19 10 19 0 0 0 0 0 0 0 0 
0 0 0 0 14 19 15 20 0 0 0 0 0 0 0 0 0 0 0 0 
0 0 0 0 11 10 11 13 0 0 0 0 14 16 16 12 0 0 0 0 
0 0 0 0 0 0 0 0 0 0 0 0 0 0 0 0 14 11 13 15 
17 11 14 18 0 0 0 0 0 0 0 0 0 0 0 0 0 0 0 0 
0 0 0 0 0 0 0 0 0 0 0 0 20 14 18 18 0 0 0 0 
0 0 0 0 16 19 14 14 11 16 11 11 11 13 15 11 0 0 0 0 
0 0 0 0 0 0 0 0 19 20 11 20 0 0 0 0 0 0 0 0 
0 0 0 0 0 0 0 0 0 0 0 0 0 0 0 0 11 19 11 10 
10 19 10 11 0 0 0 0 0 0 0 0 0 0 0 0 0 0 0 0 
0 0 0 0 14 18 10 19 0 0 0 0 0 0 0 0 0 0 0 0 
0 0 0 0 16 15 19 18 11 14 15 11 0 0 0 0 0 0 0 0 
0 0 0 0 18 15 13 18 16 19 11 12 10 10 15 15 0 0 0 0 
0 0 0 0 0 0 0 0 0 0 0 0 0 0 0 0 19 17 13 16 
12 20 16 14 0 0 0 0 0 0 0 0 0 0 0 0 0 0 0 0 
0 0 0 0 13 15 16 17 0 0 0 0 0 0 0 0 0 0 0 0 
0 0 0 0 0 0 0 0 11 16 12 15 0 0 0 0 0 0 0 0 
0 0 0 0 0 0 0 0 0 0 0 0 10 16 10 10 0 0 0 0 
0 0 0 0 0 0 0 0 0 0 0 0 0 0 0 0 16 14 14 18 
16 18 14 20 0 0 0 0 0 0 0 0 0 0 0 0 0 0 0 0 
0 0 0 0 0 0 0 0 0 0 0 0 20 12 14 10 0 0 0 0 
0 0 0 0 0 0 0 0 14 20 17 14 0 0 0 0 0 0 0 0 
0 0 0 0 11 19 15 15 0 0 0 0 12 19 17 18 0 0 0 0 
0 0 0 0 0 0 0 0 0 0 0 0 0 0 0 0 14 18 15 16 
16 17 15 10 0 0 0 0 0 0 0 0 0 0 0 0 0 0 0 0 
0 0 0 0 15 14 12 18 17 20 13 16 19 20 10 11 0 0 0 0 
0 0 0 0 0 0 0 0 14 16 10 11 0 0 0 0 0 0 0 0 
0 0 0 0 0 0 0 0 20 13 12 17 0 0 0 0 0 0 0 0 
0 0 0 0 0 0 0 0 0 0 0 0 0 0 0 0 11 18 18 18 
11 13 11 12 0 0 0 0 0 0 0 0 0 0 0 0 0 0 0 0 
0 0 0 0 0 0 0 0 0 0 0 0 20 10 14 18 0 0 0 0 
0 0 0 0 17 11 19 20 0 0 0 0 14 17 10 16 0 0 0 0 
0 0 0 0 0 0 0 0 10 19 14 17 15 13 14 11 0 0 0 0 
0 0 0 0 0 0 0 0 0 0 0 0 0 0 0 0 10 16 13 20 
11 12 11 15 0 0 0 0 0 0 0 0 0 0 0 0 0 0 0 0 
0 0 0 0 18 10 15 20 19 11 18 15 17 10 13 10 0 0 0 0 
0 0 0 0 17 10 18 15 17 18 20 16 0 0 0 0 0 0 0 0 
0 0 0 0 0 0 0 0 20 12 11 18 0 0 0 0 0 0 0 0 
0 0 0 0 0 0 0 0 0 0 0 0 0 0 0 0 17 20 12 18 
12 20 14 16 0 0 0 0 0 0 0 0 0 0 0 0 0 0 0 0 
0 0 0 0 17 14 15 18 13 12 13 18 19 18 10 10 0 0 0 0 
0 0 0 0 17 10 14 10 12 20 12 16 12 15 11 13 0 0 0 0 
0 0 0 0 12 14 19 17 0 0 0 0 0 0 0 0 0 0 0 0 
0 0 0 0 0 0 0 0 0 0 0 0 0 0 0 0 10 11 14 13 
10 15 18 13 0 0 0 0 0 0 0 0 0 0 0 0 0 0 0 0 
0 0 0 0 0 0 0 0 0 0 0 0 18 10 12 17 0 0 0 0 
0 0 0 0 10 16 20 13 12 14 11 19 0 0 0 0 0 0 0 0 
0 0 0 0 12 20 10 20 14 20 13 11 14 18 19 15 0 0 0 0 
0 0 0 0 0 0 0 0 0 0 0 0 0 0 0 0 14 19 15 15 
17 18 15 18 0 0 0 0 0 0 0 0 0 0 0 0 0 0 0 0 
0 0 0 0 0 0 0 0 11 18 12 12 10 10 14 16 0 0 0 0 
0 0 0 0 0 0 0 0 18 11 18 12 16 10 19 19 0 0 0 0 
0 0 0 0 0 0 0 0 13 19 20 10 0 0 0 0 0 0 0 0 
0 0 0 0 0 0 0 0 0 0 0 0 0 0 0 0 20 15 11 15 
10 19 12 12 0 0 0 0 0 0 0 0 0 0 0 0 0 0 0 0 
0 0 0 0 19 16 16 12 16 12 20 10 14 10 14 14 0 0 0 0 
0 0 0 0 18 20 13 13 0 0 0 0 10 19 19 13 0 0 0 0 
0 0 0 0 10 14 10 16 0 0 0 0 0 0 0 0 0 0 0 0 
0 0 0 0 0 0 0 0 0 0 0 0 0 0 0 0 12 16 17 11 
17 19 18 16 0 0 0 0 0 0 0 0 0 0 0 0 0 0 0 0 
0 0 0 0 12 10 13 11 0 0 0 0 0 0 0 0 0 0 0 0 
0 0 0 0 15 12 12 15 0 0 0 0 0 0 0 0 0 0 0 0 
0 0 0 0 0 0 0 0 0 0 0 0 12 12 19 10 0 0 0 0 
0 0 0 0 0 0 0 0 0 0 0 0 0 0 0 0 19 20 14 18 
17 15 10 17 0 0 0 0 0 0 0 0 0 0 0 0 0 0 0 0 
0 0 0 0 20 10 13 16 14 17 19 11 16 16 18 15 0 0 0 0 
0 0 0 0 12 15 10 15 17 11 12 12 17 18 12 14 0 0 0 0 
0 0 0 0 0 0 0 0 0 0 0 0 10 11 15 19 0 0 0 0 
0 0 0 0 0 0 0 0 0 0 0 0 0 0 0 0 19 19 18 16 
20 15 10 20 0 0 0 0 0 0 0 0 0 0 0 0 0 0 0 0 
0 0 0 0 19 14 13 20 12 13 19 16 10 11 18 12 0 0 0 0 
0 0 0 0 0 0 0 0 11 20 17 16 0 0 0 0 0 0 0 0 
0 0 0 0 20 15 19 19 12 13 11 11 18 10 14 10 0 0 0 0 
0 0 0 0 0 0 0 0 0 0 0 0 0 0 0 0 14 13 20 12 
20 11 14 10 0 0 0 0 0 0 0 0 0 0 0 0 0 0 0 0 
0 0 0 0 17 14 11 16 17 16 13 17 16 15 12 19 0 0 0 0 
0 0 0 0 13 16 11 13 0 0 0 0 0 0 0 0 0 0 0 0 
0 0 0 0 10 13 12 11 14 14 20 19 10 12 15 16 0 0 0 0 
0 0 0 0 0 0 0 0 0 0 0 0 0 0 0 0 17 19 19 17 
17 20 15 13 0 0 0 0 0 0 0 0 0 0 0 0 0 0 0 0 
0 0 0 0 16 16 16 14 0 0 0 0 13 18 11 17 0 0 0 0 
0 0 0 0 11 17 13 11 18 11 17 15 10 20 20 19 0 0 0 0 
0 0 0 0 16 19 16 15 20 18 11 10 15 19 15 17 0 0 0 0 
0 0 0 0 0 0 0 0 0 0 0 0 0 0 0 0 11 13 11 16 
10 15 15 17 0 0 0 0 0 0 0 0 0 0 0 0 0 0 0 0 
0 0 0 0 20 16 10 11 15 13 16 11 15 17 18 12 0 0 0 0 
0 0 0 0 0 0 0 0 0 0 0 0 10 16 13 14 0 0 0 0 
0 0 0 0 0 0 0 0 18 15 17 18 0 0 0 0 0 0 0 0 
0 0 0 0 0 0 0 0 0 0 0 0 0 0 0 0 16 16 16 17 
11 14 15 10 0 0 0 0 0 0 0 0 0 0 0 0 0 0 0 0 
0 0 0 0 17 14 15 19 20 12 18 14 14 15 13 19 0 0 0 0 
0 0 0 0 13 16 12 10 15 19 10 17 15 18 19 19 0 0 0 0 
0 0 0 0 16 12 14 14 19 19 14 10 16 14 14 17 0 0 0 0 
0 0 0 0 0 0 0 0 0 0 0 0 0 0 0 0 12 19 19 14 
10 18 16 20 0 0 0 0 0 0 0 0 0 0 0 0 0 0 0 0 
0 0 0 0 12 19 15 17 0 0 0 0 14 12 12 19 0 0 0 0 
0 0 0 0 17 17 12 18 16 16 12 12 10 10 16 20 0 0 0 0 
0 0 0 0 10 20 17 14 13 20 17 10 0 0 0 0 0 0 0 0 
0 0 0 0 0 0 0 0 0 0 0 0 0 0 0 0 13 15 17 15 
14 11 19 13 0 0 0 0 0 0 0 0 0 0 0 0 0 0 0 0 
0 0 0 0 18 10 17 13 19 13 17 13 0 0 0 0 0 0 0 0 
0 0 0 0 0 0 0 0 19 20 14 10 15 16 15 18 0 0 0 0 
0 0 0 0 0 0 0 0 0 0 0 0 17 18 19 10 0 0 0 0 
0 0 0 0 0 0 0 0 0 0 0 0 0 0 0 0 15 11 18 11 
12 10 11 12 0 0 0 0 0 0 0 0 0 0 0 0 0 0 0 0 
0 0 0 0 17 15 10 10 15 10 14 12 10 17 16 17 0 0 0 0 
0 0 0 0 18 19 13 12 11 10 12 16 15 16 11 16 0 0 0 0 
0 0 0 0 0 0 0 0 12 20 13 16 0 0 0 0 0 0 0 0 
0 0 0 0 0 0 0 0 0 0 0 0 0 0 0 0 10 16 14 16 
18 10 20 14 0 0 0 0 0 0 0 0 0 0 0 0 0 0 0 0 
0 0 0 0 13 11 19 19 0 0 0 0 0 0 0 0 0 0 0 0 
0 0 0 0 0 0 0 0 14 15 19 20 17 16 19 12 0 0 0 0 
0 0 0 0 0 0 0 0 10 10 20 11 17 10 13 14 0 0 0 0 
0 0 0 0 0 0 0 0 0 0 0 0 0 0 0 0 15 14 16 16 
17 18 14 12 0 0 0 0 0 0 0 0 0 0 0 0 0 0 0 0 
0 0 0 0 11 20 18 12 0 0 0 0 12 13 13 13 0 0 0 0 
0 0 0 0 0 0 0 0 0 0 0 0 16 11 12 18 0 0 0 0 
0 0 0 0 0 0 0 0 12 16 12 11 10 14 13 20 0 0 0 0 
0 0 0 0 0 0 0 0 0 0 0 0 0 0 0 0 19 13 15 18 
10 14 10 18 0 0 0 0 0 0 0 0 0 0 0 0 0 0 0 0 
0 0 0 0 18 20 12 18 0 0 0 0 10 10 14 10 0 0 0 0 
0 0 0 0 0 0 0 0 12 18 20 10 11 13 11 13 0 0 0 0 
0 0 0 0 0 0 0 0 19 20 19 12 14 20 14 20 0 0 0 0 
0 0 0 0 0 0 0 0 0 0 0 0 0 0 0 0 14 19 13 20 
19 12 12 17 0 0 0 0 0 0 0 0 0 0 0 0 0 0 0 0 
0 0 0 0 14 10 18 19 16 13 20 14 10 10 15 14 0 0 0 0 
0 0 0 0 19 10 17 10 0 0 0 0 0 0 0 0 0 0 0 0 
0 0 0 0 0 0 0 0 0 0 0 0 16 16 13 10 0 0 0 0 
0 0 0 0 0 0 0 0 0 0 0 0 0 0 0 0 20 10 18 14 
12 20 10 14 0 0 0 0 0 0 0 0 0 0 0 0 0 0 0 0 
0 0 0 0 16 15 11 17 0 0 0 0 19 17 13 13 0 0 0 0 
0 0 0 0 13 19 19 12 0 0 0 0 0 0 0 0 0 0 0 0 
0 0 0 0 0 0 0 0 0 0 0 0 10 20 16 19 0 0 0 0 
0 0 0 0 0 0 0 0 0 0 0 0 0 0 0 0 14 18 13 13 
19 14 20 16 0 0 0 0 0 0 0 0 0 0 0 0 0 0 0 0 
0 0 0 0 0 0 0 0 11 11 18 11 0 0 0 0 0 0 0 0 
0 0 0 0 18 10 13 15 16 20 10 16 0 0 0 0 0 0 0 0 
0 0 0 0 12 19 17 10 17 11 17 17 14 17 13 12 0 0 0 0 
0 0 0 0 0 0 0 0 0 0 0 0 0 0 0 0 17 12 14 20 
16 17 16 18 0 0 0 0 0 0 0 0 0 0 0 0 0 0 0 0 
0 0 0 0 0 0 0 0 14 17 10 19 0 0 0 0 0 0 0 0 
0 0 0 0 10 16 16 12 10 12 17 13 0 0 0 0 0 0 0 0 
0 0 0 0 0 0 0 0 12 10 16 10 0 0 0 0 0 0 0 0 
0 0 0 0 0 0 0 0 0 0 0 0 0 0 0 0 13 13 10 20 
12 19 16 14 0 0 0 0 0 0 0 0 0 0 0 0 0 0 0 0 
0 0 0 0 0 0 0 0 13 19 10 18 17 16 12 16 0 0 0 0 
0 0 0 0 15 19 12 18 10 18 12 10 0 0 0 0 0 0 0 0 
0 0 0 0 10 16 13 19 10 12 13 19 11 15 13 14 0 0 0 0 
0 0 0 0 0 0 0 0 0 0 0 0 0 0 0 0 15 17 15 15 
15 11 11 15 0 0 0 0 0 0 0 0 0 0 0 0 0 0 0 0 
0 0 0 0 18 19 11 10 0 0 0 0 17 14 19 17 0 0 0 0 
0 0 0 0 11 11 12 14 0 0 0 0 0 0 0 0 0 0 0 0 
0 0 0 0 0 0 0 0 18 18 14 17 14 15 14 10 0 0 0 0 
0 0 0 0 0 0 0 0 0 0 0 0 0 0 0 0 20 20 13 17 
14 18 19 16 0 0 0 0 0 0 0 0 0 0 0 0 0 0 0 0 
0 0 0 0 19 12 13 10 0 0 0 0 19 14 15 17 0 0 0 0 
0 0 0 0 16 15 15 16 20 13 19 20 14 15 19 18 0 0 0 0 
0 0 0 0 0 0 0 0 19 18 18 16 11 12 20 16 0 0 0 0 
0 0 0 0 0 0 0 0 0 0 0 0 0 0 0 0 18 12 17 20 
15 10 19 16 0 0 0 0 0 0 0 0 0 0 0 0 0 0 0 0 
0 0 0 0 18 19 10 11 12 11 19 13 15 10 10 20 0 0 0 0 
0 0 0 0 12 16 15 10 0 0 0 0 0 0 0 0 0 0 0 0 
0 0 0 0 14 12 10 16 10 16 17 14 0 0 0 0 0 0 0 0 
0 0 0 0 0 0 0 0 0 0 0 0 0 0 0 0 20 15 11 18 
15 12 16 16 0 0 0 0 0 0 0 0 0 0 0 0 0 0 0 0 
0 0 0 0 17 18 11 20 18 18 14 20 17 20 10 10 0 0 0 0 
0 0 0 0 17 10 18 20 0 0 0 0 0 0 0 0 0 0 0 0 
0 0 0 0 0 0 0 0 11 18 19 20 0 0 0 0 0 0 0 0 
0 0 0 0 0 0 0 0 0 0 0 0 0 0 0 0 20 15 16 10 
13 14 13 17 0 0 0 0 0 0 0 0 0 0 0 0 0 0 0 0 
0 0 0 0 14 17 10 16 13 12 18 12 13 17 10 14 0 0 0 0 
0 0 0 0 0 0 0 0 10 14 12 11 17 14 13 16 0 0 0 0 
0 0 0 0 0 0 0 0 0 0 0 0 13 18 16 20 0 0 0 0 
0 0 0 0 0 0 0 0 0 0 0 0 0 0 0 0 17 18 19 20 
16 11 14 11 0 0 0 0 0 0 0 0 0 0 0 0 0 0 0 0 
0 0 0 0 0 0 0 0 19 13 10 14 20 13 14 14 0 0 0 0 
0 0 0 0 0 0 0 0 13 19 12 20 10 15 19 16 0 0 0 0 
0 0 0 0 0 0 0 0 0 0 0 0 14 10 15 15 0 0 0 0 
0 0 0 0 0 0 0 0 0 0 0 0 0 0 0 0 11 16 12 12 
17 18 17 17 0 0 0 0 0 0 0 0 0 0 0 0 0 0 0 0 
0 0 0 0 15 18 15 11 17 18 16 20 0 0 0 0 0 0 0 0 
0 0 0 0 17 14 16 12 0 0 0 0 0 0 0 0 0 0 0 0 
0 0 0 0 14 12 15 16 19 11 19 11 14 11 14 13 0 0 0 0 
0 0 0 0 0 0 0 0 0 0 0 0 0 0 0 0 10 15 18 19 
12 11 11 11 0 0 0 0 0 0 0 0 0 0 0 0 0 0 0 0 
0 0 0 0 0 0 0 0 0 0 0 0 12 10 17 17 0 0 0 0 
0 0 0 0 0 0 0 0 13 16 18 18 0 0 0 0 0 0 0 0 
0 0 0 0 0 0 0 0 18 10 13 14 0 0 0 0 0 0 0 0 
0 0 0 0 0 0 0 0 0 0 0 0 0 0 0 0 13 11 17 11 
12 14 15 17 0 0 0 0 0 0 0 0 0 0 0 0 0 0 0 0 
0 0 0 0 11 10 17 10 11 16 10 16 20 12 11 17 0 0 0 0 
0 0 0 0 0 0 0 0 20 19 12 13 0 0 0 0 0 0 0 0 
0 0 0 0 0 0 0 0 18 13 19 17 18 18 15 18 0 0 0 0 
0 0 0 0 0 0 0 0 0 0 0 0 0 0 0 0 11 18 15 12 
11 20 11 15 0 0 0 0 0 0 0 0 0 0 0 0 0 0 0 0 
0 0 0 0 14 20 10 11 0 0 0 0 0 0 0 0 0 0 0 0 
0 0 0 0 19 14 12 18 10 19 20 17 18 19 14 19 0 0 0 0 
0 0 0 0 0 0 0 0 0 0 0 0 10 16 17 18 0 0 0 0 
0 0 0 0 0 0 0 0 0 0 0 0 0 0 0 0 15 13 15 13 
19 16 20 19 0 0 0 0 0 0 0 0 0 0 0 0 0 0 0 0 
0 0 0 0 20 20 17 16 19 20 13 14 19 17 16 11 0 0 0 0 
0 0 0 0 20 16 17 11 15 18 13 19 14 13 16 16 0 0 0 0 
0 0 0 0 0 0 0 0 15 19 14 11 19 16 12 20 0 0 0 0 
0 0 0 0 0 0 0 0 0 0 0 0 0 0 0 0 17 17 10 10 
11 12 12 17 0 0 0 0 0 0 0 0 0 0 0 0 0 0 0 0 
0 0 0 0 18 18 13 16 0 0 0 0 18 15 18 12 0 0 0 0 
0 0 0 0 15 14 18 10 13 19 11 11 0 0 0 0 0 0 0 0 
0 0 0 0 10 12 10 20 20 13 20 10 10 14 16 13 0 0 0 0 
0 0 0 0 0 0 0 0 0 0 0 0 0 0 0 0 13 19 10 16 
15 20 15 16 0 0 0 0 0 0 0 0 0 0 0 0 0 0 0 0 
0 0 0 0 16 12 19 16 20 10 15 12 11 16 16 14 0 0 0 0 
0 0 0 0 0 0 0 0 17 19 12 19 0 0 0 0 0 0 0 0 
0 0 0 0 0 0 0 0 0 0 0 0 20 19 10 16 0 0 0 0 
0 0 0 0 0 0 0 0 0 0 0 0 0 0 0 0 17 15 14 11 
13 15 20 11 0 0 0 0 0 0 0 0 0 0 0 0 0 0 0 0 
0 0 0 0 0 0 0 0 15 14 10 20 0 0 0 0 0 0 0 0 
0 0 0 0 17 16 16 16 0 0 0 0 0 0 0 0 0 0 0 0 
0 0 0 0 11 13 11 20 15 12 14 20 20 15 10 15 0 0 0 0 
0 0 0 0 0 0 0 0 0 0 0 0 0 0 0 0 15 19 20 19 
18 19 12 20 0 0 0 0 0 0 0 0 0 0 0 0 0 0 0 0 
0 0 0 0 20 18 15 11 19 13 11 15 11 16 14 15 0 0 0 0 
0 0 0 0 0 0 0 0 0 0 0 0 17 12 13 18 0 0 0 0 
0 0 0 0 20 18 15 18 0 0 0 0 0 0 0 0 0 0 0 0 
0 0 0 0 0 0 0 0 0 0 0 0 0 0 0 0 14 12 20 19 
15 13 10 11 0 0 0 0 0 0 0 0 0 0 0 0 0 0 0 0 
0 0 0 0 0 0 0 0 10 16 12 19 0 0 0 0 0 0 0 0 
0 0 0 0 15 11 17 11 13 13 10 16 0 0 0 0 0 0 0 0 
0 0 0 0 13 18 16 10 0 0 0 0 19 18 18 17 0 0 0 0 
0 0 0 0 0 0 0 0 0 0 0 0 0 0 0 0 15 15 15 17 
20 13 18 17 0 0 0 0 0 0 0 0 0 0 0 0 0 0 0 0 
0 0 0 0 12 20 20 13 12 10 17 14 16 10 17 11 0 0 0 0 
0 0 0 0 14 11 15 19 0 0 0 0 10 15 16 16 0 0 0 0 
0 0 0 0 12 19 14 16 17 19 10 20 0 0 0 0 0 0 0 0 
0 0 0 0 0 0 0 0 0 0 0 0 0 0 0 0 16 13 16 17 
14 13 15 11 0 0 0 0 0 0 0 0 0 0 0 0 0 0 0 0 
0 0 0 0 0 0 0 0 20 13 15 10 15 20 17 19 0 0 0 0 
0 0 0 0 13 18 13 17 0 0 0 0 0 0 0 0 0 0 0 0 
0 0 0 0 20 18 16 17 0 0 0 0 0 0 0 0 0 0 0 0 
0 0 0 0 0 0 0 0 0 0 0 0 0 0 0 0 18 13 20 20 
16 16 18 18 0 0 0 0 0 0 0 0 0 0 0 0 0 0 0 0 
0 0 0 0 15 10 20 12 17 15 17 20 20 10 12 10 0 0 0 0 
0 0 0 0 0 0 0 0 16 20 20 13 0 0 0 0 0 0 0 0 
0 0 0 0 17 12 19 16 0 0 0 0 0 0 0 0 0 0 0 0 
0 0 0 0 0 0 0 0 0 0 0 0 0 0 0 0 13 15 19 16 
10 12 13 20 0 0 0 0 0 0 0 0 0 0 0 0 0 0 0 0 
0 0 0 0 19 19 18 10 15 14 13 16 0 0 0 0 0 0 0 0 
0 0 0 0 15 16 13 12 0 0 0 0 0 0 0 0 0 0 0 0 
0 0 0 0 19 11 13 14 0 0 0 0 20 18 13 19 0 0 0 0 
0 0 0 0 0 0 0 0 0 0 0 0 0 0 0 0 20 11 11 15 
12 20 15 14 0 0 0 0 0 0 0 0 0 0 0 0 0 0 0 0 
0 0 0 0 0 0 0 0 11 14 17 19 0 0 0 0 0 0 0 0 
0 0 0 0 18 14 14 18 0 0 0 0 19 18 12 19 0 0 0 0 
0 0 0 0 12 13 18 16 19 17 20 11 11 19 10 12 0 0 0 0 
0 0 0 0 0 0 0 0 0 0 0 0 0 0 0 0 18 13 19 18 
19 18 10 20 0 0 0 0 0 0 0 0 0 0 0 0 0 0 0 0 
0 0 0 0 13 14 16 16 0 0 0 0 12 20 20 13 0 0 0 0 
0 0 0 0 0 0 0 0 14 18 19 16 0 0 0 0 0 0 0 0 
0 0 0 0 20 13 10 12 10 11 15 14 15 19 15 20 0 0 0 0 
0 0 0 0 0 0 0 0 0 0 0 0 0 0 0 0 14 13 18 17 
13 20 13 12 0 0 0 0 0 0 0 0 0 0 0 0 0 0 0 0 
0 0 0 0 13 18 14 13 0 0 0 0 14 14 20 16 0 0 0 0 
0 0 0 0 16 13 20 13 0 0 0 0 0 0 0 0 0 0 0 0 
0 0 0 0 0 0 0 0 12 15 16 12 0 0 0 0 0 0 0 0 
0 0 0 0 0 0 0 0 0 0 0 0 0 0 0 0 14 12 13 18 
15 17 15 14 0 0 0 0 0 0 0 0 0 0 0 0 0 0 0 0 
0 0 0 0 16 15 14 19 16 18 12 17 17 10 18 13 0 0 0 0 
0 0 0 0 20 13 15 19 17 11 17 17 12 10 14 16 0 0 0 0 
0 0 0 0 19 15 13 14 16 18 13 11 11 17 19 18 0 0 0 0 
0 0 0 0 0 0 0 0 0 0 0 0 0 0 0 0 12 20 10 14 
16 15 19 17 0 0 0 0 0 0 0 0 0 0 0 0 0 0 0 0 
0 0 0 0 0 0 0 0 19 13 19 10 17 16 12 12 0 0 0 0 
0 0 0 0 19 19 19 16 0 0 0 0 10 19 19 20 0 0 0 0 
0 0 0 0 13 14 15 18 15 19 14 11 0 0 0 0 0 0 0 0 
0 0 0 0 0 0 0 0 0 0 0 0 0 0 0 0 11 13 19 13 
13 17 15 10 0 0 0 0 0 0 0 0 0 0 0 0 0 0 0 0 
0 0 0 0 0 0 0 0 0 0 0 0 20 19 18 15 0 0 0 0 
0 0 0 0 11 11 18 16 0 0 0 0 0 0 0 0 0 0 0 0 
0 0 0 0 20 17 11 18 0 0 0 0 16 18 17 14 0 0 0 0 
0 0 0 0 0 0 0 0 0 0 0 0 0 0 0 0 11 17 19 17 
13 19 16 11 0 0 0 0 0 0 0 0 0 0 0 0 0 0 0 0 
0 0 0 0 0 0 0 0 0 0 0 0 20 16 19 13 0 0 0 0 
0 0 0 0 0 0 0 0 0 0 0 0 16 18 11 17 0 0 0 0 
0 0 0 0 0 0 0 0 19 11 12 13 16 11 15 19 0 0 0 0 
0 0 0 0 0 0 0 0 0 0 0 0 0 0 0 0 17 16 11 13 
10 20 10 11 0 0 0 0 0 0 0 0 0 0 0 0 0 0 0 0 
0 0 0 0 0 0 0 0 0 0 0 0 18 16 20 11 0 0 0 0 
0 0 0 0 0 0 0 0 0 0 0 0 16 20 10 17 0 0 0 0 
0 0 0 0 0 0 0 0 0 0 0 0 20 17 14 17 0 0 0 0 
0 0 0 0 0 0 0 0 0 0 0 0 0 0 0 0 17 18 18 12 
20 18 18 10 0 0 0 0 0 0 0 0 0 0 0 0 0 0 0 0 
0 0 0 0 20 18 14 13 16 11 20 11 0 0 0 0 0 0 0 0 
0 0 0 0 13 13 15 15 17 13 17 19 10 11 12 20 0 0 0 0 
0 0 0 0 10 17 10 19 12 14 19 20 12 12 17 12 0 0 0 0 
0 0 0 0 0 0 0 0 0 0 0 0 0 0 0 0 12 14 15 14
---------------------
 
Distance between cells
Rows and Columns: correspond to cell number
0 404 425 120 274 464 
404 0 442 377 451 345 
425 442 0 317 302 53 
120 377 317 0 163 147 
274 451 302 163 0 427 
464 345 53 147 427 0
---------------------
 
Distribution of machines in cells   (1 -- if machine m is distributed in cell u;0 -- else) 
Rows: correspond to cell number; Columns: correspond to machine number
0 1 0 0 0 0 0 0 0 0 1 0 0 0 0 0 1 0 0 0 
0 0 0 1 1 0 0 0 0 0 0 0 0 0 0 0 0 0 0 1 
1 0 0 0 0 0 1 0 0 0 0 0 0 0 1 1 0 0 0 0 
0 0 0 0 0 1 0 0 0 1 0 0 0 0 0 0 0 1 0 0 
0 0 0 0 0 0 0 1 0 0 0 1 1 1 0 0 0 0 0 0 
0 0 1 0 0 0 0 0 1 0 0 0 0 0 0 0 0 0 1 0
---------------------
 
