Adaption from Behnke17

Number of operations for each part
5 5 5 5 5 5 5 5 5 5 5 5 5 5 5 5 5 5 5 5 5 5 5 5 5 5 5 5 5 5 5 5 5 5 5 5 5 5 5 5 5 5 5 5 5 5 5 5 5 5 5 5 5 5 5 5 5 5 5 5 5 5 5 5 5 5 5 5 5 5 5 5 5 5 5 5 5 5 5 5 5 5 5 5 5 5 5 5 5 5 5 5 5 5 5 5 5 5 5 5
---------------------
 
Processing time   (0 -- non-optional machine)
Rows: sequential for each operation of each part; Columns: correspond to machine number
11 27 13 16 0 0 0 0 0 0 0 0 0 0 0 0 0 0 0 0 
0 0 0 0 24 24 11 29 23 14 17 16 0 0 0 0 0 0 0 0 
0 0 0 0 12 26 12 29 23 20 28 21 27 17 23 27 0 0 0 0 
0 0 0 0 27 15 20 19 30 30 21 17 26 25 11 10 0 0 0 0 
0 0 0 0 0 0 0 0 0 0 0 0 0 0 0 0 10 27 17 13 
21 17 22 27 0 0 0 0 0 0 0 0 0 0 0 0 0 0 0 0 
0 0 0 0 0 0 0 0 12 22 24 25 30 20 20 27 0 0 0 0 
0 0 0 0 0 0 0 0 25 20 23 24 29 17 14 26 0 0 0 0 
0 0 0 0 24 14 11 28 19 24 10 28 14 11 24 27 0 0 0 0 
0 0 0 0 0 0 0 0 0 0 0 0 0 0 0 0 11 12 15 14 
28 17 13 26 0 0 0 0 0 0 0 0 0 0 0 0 0 0 0 0 
0 0 0 0 22 24 15 18 0 0 0 0 30 28 22 24 0 0 0 0 
0 0 0 0 12 17 16 27 17 30 11 13 0 0 0 0 0 0 0 0 
0 0 0 0 0 0 0 0 22 27 25 25 28 22 22 15 0 0 0 0 
0 0 0 0 0 0 0 0 0 0 0 0 0 0 0 0 16 16 27 30 
21 28 29 14 0 0 0 0 0 0 0 0 0 0 0 0 0 0 0 0 
0 0 0 0 17 27 27 18 0 0 0 0 23 11 30 22 0 0 0 0 
0 0 0 0 27 20 23 12 14 21 18 10 13 22 28 25 0 0 0 0 
0 0 0 0 0 0 0 0 20 14 22 10 22 30 17 10 0 0 0 0 
0 0 0 0 0 0 0 0 0 0 0 0 0 0 0 0 17 19 10 27 
28 13 23 16 0 0 0 0 0 0 0 0 0 0 0 0 0 0 0 0 
0 0 0 0 0 0 0 0 22 21 24 13 0 0 0 0 0 0 0 0 
0 0 0 0 26 13 24 25 28 25 12 20 24 18 20 14 0 0 0 0 
0 0 0 0 13 20 26 21 0 0 0 0 15 22 19 30 0 0 0 0 
0 0 0 0 0 0 0 0 0 0 0 0 0 0 0 0 30 26 28 17 
20 30 27 18 0 0 0 0 0 0 0 0 0 0 0 0 0 0 0 0 
0 0 0 0 30 16 23 12 12 22 15 25 21 20 29 25 0 0 0 0 
0 0 0 0 16 30 23 25 0 0 0 0 0 0 0 0 0 0 0 0 
0 0 0 0 28 19 10 23 0 0 0 0 30 24 10 18 0 0 0 0 
0 0 0 0 0 0 0 0 0 0 0 0 0 0 0 0 20 30 25 26 
17 11 27 25 0 0 0 0 0 0 0 0 0 0 0 0 0 0 0 0 
0 0 0 0 28 19 29 13 0 0 0 0 0 0 0 0 0 0 0 0 
0 0 0 0 0 0 0 0 0 0 0 0 17 15 23 14 0 0 0 0 
0 0 0 0 21 16 26 16 17 13 28 17 14 20 17 28 0 0 0 0 
0 0 0 0 0 0 0 0 0 0 0 0 0 0 0 0 22 24 20 10 
23 20 16 24 0 0 0 0 0 0 0 0 0 0 0 0 0 0 0 0 
0 0 0 0 24 23 27 27 13 24 29 22 0 0 0 0 0 0 0 0 
0 0 0 0 30 18 23 27 0 0 0 0 0 0 0 0 0 0 0 0 
0 0 0 0 25 28 19 21 0 0 0 0 0 0 0 0 0 0 0 0 
0 0 0 0 0 0 0 0 0 0 0 0 0 0 0 0 13 18 29 23 
15 14 21 17 0 0 0 0 0 0 0 0 0 0 0 0 0 0 0 0 
0 0 0 0 17 30 25 28 0 0 0 0 0 0 0 0 0 0 0 0 
0 0 0 0 18 18 18 16 10 10 14 13 30 10 10 20 0 0 0 0 
0 0 0 0 16 10 20 20 28 17 26 16 10 17 14 16 0 0 0 0 
0 0 0 0 0 0 0 0 0 0 0 0 0 0 0 0 16 12 23 30 
18 18 13 18 0 0 0 0 0 0 0 0 0 0 0 0 0 0 0 0 
0 0 0 0 19 24 19 10 27 10 28 13 14 24 10 25 0 0 0 0 
0 0 0 0 23 22 28 14 26 20 24 23 12 10 11 15 0 0 0 0 
0 0 0 0 0 0 0 0 19 14 10 23 0 0 0 0 0 0 0 0 
0 0 0 0 0 0 0 0 0 0 0 0 0 0 0 0 22 28 30 30 
27 16 15 23 0 0 0 0 0 0 0 0 0 0 0 0 0 0 0 0 
0 0 0 0 12 17 25 19 24 20 30 30 18 28 19 23 0 0 0 0 
0 0 0 0 0 0 0 0 24 27 14 23 17 17 27 27 0 0 0 0 
0 0 0 0 25 16 20 18 20 10 21 24 13 22 21 11 0 0 0 0 
0 0 0 0 0 0 0 0 0 0 0 0 0 0 0 0 12 20 16 23 
23 15 28 23 0 0 0 0 0 0 0 0 0 0 0 0 0 0 0 0 
0 0 0 0 23 24 25 16 0 0 0 0 0 0 0 0 0 0 0 0 
0 0 0 0 25 29 25 16 26 17 18 18 14 29 26 22 0 0 0 0 
0 0 0 0 0 0 0 0 20 16 29 12 29 23 29 10 0 0 0 0 
0 0 0 0 0 0 0 0 0 0 0 0 0 0 0 0 14 10 15 19 
16 20 16 25 0 0 0 0 0 0 0 0 0 0 0 0 0 0 0 0 
0 0 0 0 26 18 24 29 22 18 20 12 10 11 10 17 0 0 0 0 
0 0 0 0 0 0 0 0 11 18 14 26 22 26 15 13 0 0 0 0 
0 0 0 0 18 27 29 15 28 21 13 30 15 14 10 18 0 0 0 0 
0 0 0 0 0 0 0 0 0 0 0 0 0 0 0 0 14 15 26 24 
25 29 29 26 0 0 0 0 0 0 0 0 0 0 0 0 0 0 0 0 
0 0 0 0 10 15 24 24 15 27 27 18 0 0 0 0 0 0 0 0 
0 0 0 0 13 10 21 23 0 0 0 0 30 15 17 15 0 0 0 0 
0 0 0 0 10 27 18 21 0 0 0 0 29 28 14 15 0 0 0 0 
0 0 0 0 0 0 0 0 0 0 0 0 0 0 0 0 25 19 18 19 
26 30 12 13 0 0 0 0 0 0 0 0 0 0 0 0 0 0 0 0 
0 0 0 0 0 0 0 0 15 18 14 23 0 0 0 0 0 0 0 0 
0 0 0 0 0 0 0 0 25 30 27 10 28 30 12 10 0 0 0 0 
0 0 0 0 25 14 11 30 17 27 20 21 11 19 11 11 0 0 0 0 
0 0 0 0 0 0 0 0 0 0 0 0 0 0 0 0 18 29 19 19 
19 28 15 19 0 0 0 0 0 0 0 0 0 0 0 0 0 0 0 0 
0 0 0 0 0 0 0 0 30 16 20 23 20 25 17 28 0 0 0 0 
0 0 0 0 24 15 27 23 14 30 16 22 0 0 0 0 0 0 0 0 
0 0 0 0 0 0 0 0 0 0 0 0 14 12 21 21 0 0 0 0 
0 0 0 0 0 0 0 0 0 0 0 0 0 0 0 0 20 11 24 25 
30 10 28 18 0 0 0 0 0 0 0 0 0 0 0 0 0 0 0 0 
0 0 0 0 0 0 0 0 26 21 23 25 11 30 29 20 0 0 0 0 
0 0 0 0 24 30 21 17 0 0 0 0 0 0 0 0 0 0 0 0 
0 0 0 0 27 19 16 27 26 25 24 28 23 10 24 29 0 0 0 0 
0 0 0 0 0 0 0 0 0 0 0 0 0 0 0 0 29 16 14 15 
17 15 12 21 0 0 0 0 0 0 0 0 0 0 0 0 0 0 0 0 
0 0 0 0 0 0 0 0 0 0 0 0 18 30 24 13 0 0 0 0 
0 0 0 0 16 30 14 20 0 0 0 0 22 25 16 16 0 0 0 0 
0 0 0 0 30 19 30 21 0 0 0 0 0 0 0 0 0 0 0 0 
0 0 0 0 0 0 0 0 0 0 0 0 0 0 0 0 29 13 14 29 
27 18 28 27 0 0 0 0 0 0 0 0 0 0 0 0 0 0 0 0 
0 0 0 0 27 20 29 19 26 19 18 20 0 0 0 0 0 0 0 0 
0 0 0 0 25 16 24 13 28 22 26 17 18 17 10 16 0 0 0 0 
0 0 0 0 0 0 0 0 0 0 0 0 12 25 16 22 0 0 0 0 
0 0 0 0 0 0 0 0 0 0 0 0 0 0 0 0 29 22 10 25 
23 21 30 26 0 0 0 0 0 0 0 0 0 0 0 0 0 0 0 0 
0 0 0 0 0 0 0 0 0 0 0 0 29 10 22 11 0 0 0 0 
0 0 0 0 19 22 17 12 0 0 0 0 24 18 11 22 0 0 0 0 
0 0 0 0 13 16 18 27 27 24 23 16 11 20 27 16 0 0 0 0 
0 0 0 0 0 0 0 0 0 0 0 0 0 0 0 0 30 13 15 25 
28 19 30 21 0 0 0 0 0 0 0 0 0 0 0 0 0 0 0 0 
0 0 0 0 0 0 0 0 10 14 17 22 0 0 0 0 0 0 0 0 
0 0 0 0 15 14 22 26 0 0 0 0 0 0 0 0 0 0 0 0 
0 0 0 0 12 10 19 27 25 10 24 16 0 0 0 0 0 0 0 0 
0 0 0 0 0 0 0 0 0 0 0 0 0 0 0 0 24 16 29 28 
20 17 18 30 0 0 0 0 0 0 0 0 0 0 0 0 0 0 0 0 
0 0 0 0 0 0 0 0 29 16 28 15 0 0 0 0 0 0 0 0 
0 0 0 0 13 22 14 27 13 10 30 16 18 24 12 15 0 0 0 0 
0 0 0 0 0 0 0 0 0 0 0 0 20 11 23 13 0 0 0 0 
0 0 0 0 0 0 0 0 0 0 0 0 0 0 0 0 18 23 15 21 
13 15 15 17 0 0 0 0 0 0 0 0 0 0 0 0 0 0 0 0 
0 0 0 0 0 0 0 0 22 24 16 17 0 0 0 0 0 0 0 0 
0 0 0 0 19 28 23 25 27 12 19 15 12 27 14 27 0 0 0 0 
0 0 0 0 0 0 0 0 11 10 28 19 15 14 16 20 0 0 0 0 
0 0 0 0 0 0 0 0 0 0 0 0 0 0 0 0 21 30 30 27 
26 23 15 29 0 0 0 0 0 0 0 0 0 0 0 0 0 0 0 0 
0 0 0 0 12 28 14 16 0 0 0 0 30 30 20 17 0 0 0 0 
0 0 0 0 0 0 0 0 28 28 12 19 0 0 0 0 0 0 0 0 
0 0 0 0 0 0 0 0 20 27 26 10 0 0 0 0 0 0 0 0 
0 0 0 0 0 0 0 0 0 0 0 0 0 0 0 0 15 28 19 29 
16 15 26 16 0 0 0 0 0 0 0 0 0 0 0 0 0 0 0 0 
0 0 0 0 15 12 16 13 19 16 30 26 16 29 17 29 0 0 0 0 
0 0 0 0 15 28 10 11 0 0 0 0 0 0 0 0 0 0 0 0 
0 0 0 0 14 22 29 11 20 25 19 18 14 10 29 17 0 0 0 0 
0 0 0 0 0 0 0 0 0 0 0 0 0 0 0 0 24 21 20 12 
11 21 16 14 0 0 0 0 0 0 0 0 0 0 0 0 0 0 0 0 
0 0 0 0 19 30 15 25 0 0 0 0 27 30 17 28 0 0 0 0 
0 0 0 0 16 28 11 26 29 29 13 27 0 0 0 0 0 0 0 0 
0 0 0 0 26 16 27 29 15 11 17 25 14 21 26 18 0 0 0 0 
0 0 0 0 0 0 0 0 0 0 0 0 0 0 0 0 16 27 18 15 
17 15 14 30 0 0 0 0 0 0 0 0 0 0 0 0 0 0 0 0 
0 0 0 0 0 0 0 0 0 0 0 0 30 29 24 12 0 0 0 0 
0 0 0 0 11 14 26 12 12 26 30 14 26 27 14 19 0 0 0 0 
0 0 0 0 21 28 10 29 19 24 23 23 0 0 0 0 0 0 0 0 
0 0 0 0 0 0 0 0 0 0 0 0 0 0 0 0 17 24 16 17 
19 17 26 18 0 0 0 0 0 0 0 0 0 0 0 0 0 0 0 0 
0 0 0 0 17 16 16 12 18 24 30 16 28 13 24 13 0 0 0 0 
0 0 0 0 27 16 27 16 0 0 0 0 0 0 0 0 0 0 0 0 
0 0 0 0 0 0 0 0 0 0 0 0 30 14 25 26 0 0 0 0 
0 0 0 0 0 0 0 0 0 0 0 0 0 0 0 0 20 29 21 24 
19 19 19 14 0 0 0 0 0 0 0 0 0 0 0 0 0 0 0 0 
0 0 0 0 24 30 13 28 0 0 0 0 23 16 24 10 0 0 0 0 
0 0 0 0 0 0 0 0 0 0 0 0 26 29 14 15 0 0 0 0 
0 0 0 0 0 0 0 0 27 29 22 17 26 23 28 13 0 0 0 0 
0 0 0 0 0 0 0 0 0 0 0 0 0 0 0 0 20 12 12 13 
10 21 27 29 0 0 0 0 0 0 0 0 0 0 0 0 0 0 0 0 
0 0 0 0 0 0 0 0 10 25 15 14 19 11 15 12 0 0 0 0 
0 0 0 0 29 23 30 20 18 10 10 21 0 0 0 0 0 0 0 0 
0 0 0 0 14 17 22 21 25 15 10 23 10 13 18 13 0 0 0 0 
0 0 0 0 0 0 0 0 0 0 0 0 0 0 0 0 27 18 30 24 
16 21 16 14 0 0 0 0 0 0 0 0 0 0 0 0 0 0 0 0 
0 0 0 0 14 23 22 21 21 13 26 14 30 24 25 27 0 0 0 0 
0 0 0 0 21 20 21 15 20 15 11 29 24 11 15 16 0 0 0 0 
0 0 0 0 0 0 0 0 0 0 0 0 24 18 11 28 0 0 0 0 
0 0 0 0 0 0 0 0 0 0 0 0 0 0 0 0 19 19 21 11 
18 19 10 30 0 0 0 0 0 0 0 0 0 0 0 0 0 0 0 0 
0 0 0 0 0 0 0 0 0 0 0 0 15 22 26 16 0 0 0 0 
0 0 0 0 22 19 29 15 21 24 28 13 0 0 0 0 0 0 0 0 
0 0 0 0 0 0 0 0 0 0 0 0 23 24 14 27 0 0 0 0 
0 0 0 0 0 0 0 0 0 0 0 0 0 0 0 0 21 18 17 11 
17 17 22 30 0 0 0 0 0 0 0 0 0 0 0 0 0 0 0 0 
0 0 0 0 13 24 19 11 24 29 23 17 30 30 11 21 0 0 0 0 
0 0 0 0 25 13 14 20 22 28 29 15 10 15 18 23 0 0 0 0 
0 0 0 0 18 13 10 10 28 26 21 26 0 0 0 0 0 0 0 0 
0 0 0 0 0 0 0 0 0 0 0 0 0 0 0 0 21 24 20 26 
18 17 12 17 0 0 0 0 0 0 0 0 0 0 0 0 0 0 0 0 
0 0 0 0 14 26 12 12 30 16 29 23 23 20 23 12 0 0 0 0 
0 0 0 0 11 25 30 19 15 25 29 23 0 0 0 0 0 0 0 0 
0 0 0 0 10 21 16 14 14 19 26 28 21 17 20 27 0 0 0 0 
0 0 0 0 0 0 0 0 0 0 0 0 0 0 0 0 16 12 22 10 
18 11 20 26 0 0 0 0 0 0 0 0 0 0 0 0 0 0 0 0 
0 0 0 0 14 15 12 11 12 11 12 21 0 0 0 0 0 0 0 0 
0 0 0 0 0 0 0 0 12 22 20 28 13 25 21 24 0 0 0 0 
0 0 0 0 0 0 0 0 0 0 0 0 14 27 19 25 0 0 0 0 
0 0 0 0 0 0 0 0 0 0 0 0 0 0 0 0 16 23 17 25 
28 20 15 24 0 0 0 0 0 0 0 0 0 0 0 0 0 0 0 0 
0 0 0 0 0 0 0 0 19 22 30 22 29 19 22 17 0 0 0 0 
0 0 0 0 20 18 25 18 12 24 18 23 0 0 0 0 0 0 0 0 
0 0 0 0 0 0 0 0 24 22 14 10 19 16 29 10 0 0 0 0 
0 0 0 0 0 0 0 0 0 0 0 0 0 0 0 0 17 20 30 30 
15 23 16 21 0 0 0 0 0 0 0 0 0 0 0 0 0 0 0 0 
0 0 0 0 10 27 15 21 0 0 0 0 0 0 0 0 0 0 0 0 
0 0 0 0 0 0 0 0 22 22 10 28 0 0 0 0 0 0 0 0 
0 0 0 0 0 0 0 0 21 15 30 20 25 22 15 13 0 0 0 0 
0 0 0 0 0 0 0 0 0 0 0 0 0 0 0 0 12 23 17 13 
30 21 22 23 0 0 0 0 0 0 0 0 0 0 0 0 0 0 0 0 
0 0 0 0 16 18 18 29 0 0 0 0 29 24 20 20 0 0 0 0 
0 0 0 0 0 0 0 0 0 0 0 0 19 16 11 27 0 0 0 0 
0 0 0 0 25 29 15 20 10 19 13 11 0 0 0 0 0 0 0 0 
0 0 0 0 0 0 0 0 0 0 0 0 0 0 0 0 27 20 12 20 
28 17 14 29 0 0 0 0 0 0 0 0 0 0 0 0 0 0 0 0 
0 0 0 0 0 0 0 0 0 0 0 0 16 28 26 25 0 0 0 0 
0 0 0 0 10 27 21 13 11 12 12 26 10 18 13 16 0 0 0 0 
0 0 0 0 22 16 10 25 19 16 28 28 29 20 24 22 0 0 0 0 
0 0 0 0 0 0 0 0 0 0 0 0 0 0 0 0 13 29 25 19 
14 16 27 16 0 0 0 0 0 0 0 0 0 0 0 0 0 0 0 0 
0 0 0 0 15 19 21 18 24 17 20 26 26 14 13 27 0 0 0 0 
0 0 0 0 26 18 11 16 0 0 0 0 0 0 0 0 0 0 0 0 
0 0 0 0 30 27 27 22 27 26 18 29 11 23 18 15 0 0 0 0 
0 0 0 0 0 0 0 0 0 0 0 0 0 0 0 0 22 20 11 24 
13 26 29 25 0 0 0 0 0 0 0 0 0 0 0 0 0 0 0 0 
0 0 0 0 20 17 23 27 25 21 16 23 0 0 0 0 0 0 0 0 
0 0 0 0 13 28 26 14 24 26 30 11 0 0 0 0 0 0 0 0 
0 0 0 0 0 0 0 0 26 18 12 10 0 0 0 0 0 0 0 0 
0 0 0 0 0 0 0 0 0 0 0 0 0 0 0 0 15 18 25 26 
29 25 14 16 0 0 0 0 0 0 0 0 0 0 0 0 0 0 0 0 
0 0 0 0 0 0 0 0 24 22 30 26 0 0 0 0 0 0 0 0 
0 0 0 0 16 15 15 26 18 26 12 30 16 12 21 30 0 0 0 0 
0 0 0 0 11 16 15 28 10 23 18 23 19 17 10 13 0 0 0 0 
0 0 0 0 0 0 0 0 0 0 0 0 0 0 0 0 11 12 11 24 
25 15 16 25 0 0 0 0 0 0 0 0 0 0 0 0 0 0 0 0 
0 0 0 0 24 17 11 29 0 0 0 0 0 0 0 0 0 0 0 0 
0 0 0 0 18 13 26 10 11 19 26 11 0 0 0 0 0 0 0 0 
0 0 0 0 20 19 14 30 29 20 22 24 14 17 23 24 0 0 0 0 
0 0 0 0 0 0 0 0 0 0 0 0 0 0 0 0 24 16 28 29 
29 16 14 30 0 0 0 0 0 0 0 0 0 0 0 0 0 0 0 0 
0 0 0 0 18 24 11 18 14 10 22 26 16 12 21 20 0 0 0 0 
0 0 0 0 10 14 12 18 0 0 0 0 17 30 16 21 0 0 0 0 
0 0 0 0 29 16 10 29 30 27 20 20 15 11 28 12 0 0 0 0 
0 0 0 0 0 0 0 0 0 0 0 0 0 0 0 0 21 24 14 16 
23 19 26 14 0 0 0 0 0 0 0 0 0 0 0 0 0 0 0 0 
0 0 0 0 16 30 10 30 0 0 0 0 0 0 0 0 0 0 0 0 
0 0 0 0 0 0 0 0 22 20 26 23 0 0 0 0 0 0 0 0 
0 0 0 0 0 0 0 0 0 0 0 0 14 21 28 11 0 0 0 0 
0 0 0 0 0 0 0 0 0 0 0 0 0 0 0 0 13 11 12 15 
29 21 25 30 0 0 0 0 0 0 0 0 0 0 0 0 0 0 0 0 
0 0 0 0 0 0 0 0 27 26 27 25 27 13 15 23 0 0 0 0 
0 0 0 0 23 20 18 27 0 0 0 0 0 0 0 0 0 0 0 0 
0 0 0 0 23 20 20 17 10 15 10 23 16 24 14 25 0 0 0 0 
0 0 0 0 0 0 0 0 0 0 0 0 0 0 0 0 13 25 28 19 
20 20 25 25 0 0 0 0 0 0 0 0 0 0 0 0 0 0 0 0 
0 0 0 0 27 24 10 30 10 18 24 11 18 24 11 25 0 0 0 0 
0 0 0 0 24 28 23 28 23 24 14 28 14 21 19 19 0 0 0 0 
0 0 0 0 15 23 13 24 0 0 0 0 0 0 0 0 0 0 0 0 
0 0 0 0 0 0 0 0 0 0 0 0 0 0 0 0 30 15 27 14 
22 30 11 30 0 0 0 0 0 0 0 0 0 0 0 0 0 0 0 0 
0 0 0 0 24 19 23 29 16 10 14 28 16 12 22 25 0 0 0 0 
0 0 0 0 18 17 30 17 20 20 19 19 30 10 16 25 0 0 0 0 
0 0 0 0 24 28 12 29 17 14 30 28 13 28 10 12 0 0 0 0 
0 0 0 0 0 0 0 0 0 0 0 0 0 0 0 0 14 30 19 26 
29 22 14 30 0 0 0 0 0 0 0 0 0 0 0 0 0 0 0 0 
0 0 0 0 11 29 16 21 10 11 14 13 15 24 17 21 0 0 0 0 
0 0 0 0 28 29 14 25 23 21 17 23 0 0 0 0 0 0 0 0 
0 0 0 0 0 0 0 0 22 15 24 25 0 0 0 0 0 0 0 0 
0 0 0 0 0 0 0 0 0 0 0 0 0 0 0 0 27 10 17 28 
17 14 28 19 0 0 0 0 0 0 0 0 0 0 0 0 0 0 0 0 
0 0 0 0 14 24 19 11 15 28 28 25 16 19 24 16 0 0 0 0 
0 0 0 0 11 17 13 10 0 0 0 0 30 23 18 27 0 0 0 0 
0 0 0 0 0 0 0 0 0 0 0 0 25 24 16 27 0 0 0 0 
0 0 0 0 0 0 0 0 0 0 0 0 0 0 0 0 12 22 28 27 
21 27 12 15 0 0 0 0 0 0 0 0 0 0 0 0 0 0 0 0 
0 0 0 0 16 28 26 17 0 0 0 0 0 0 0 0 0 0 0 0 
0 0 0 0 0 0 0 0 0 0 0 0 25 12 20 21 0 0 0 0 
0 0 0 0 22 17 18 18 12 13 28 12 22 14 13 24 0 0 0 0 
0 0 0 0 0 0 0 0 0 0 0 0 0 0 0 0 24 14 15 28 
20 16 25 11 0 0 0 0 0 0 0 0 0 0 0 0 0 0 0 0 
0 0 0 0 0 0 0 0 0 0 0 0 10 11 17 20 0 0 0 0 
0 0 0 0 12 10 19 19 16 10 19 15 21 15 28 14 0 0 0 0 
0 0 0 0 0 0 0 0 0 0 0 0 30 22 26 18 0 0 0 0 
0 0 0 0 0 0 0 0 0 0 0 0 0 0 0 0 28 16 15 30 
17 12 11 29 0 0 0 0 0 0 0 0 0 0 0 0 0 0 0 0 
0 0 0 0 0 0 0 0 15 13 22 13 24 16 29 11 0 0 0 0 
0 0 0 0 13 19 14 13 0 0 0 0 13 19 22 18 0 0 0 0 
0 0 0 0 11 13 11 17 20 20 20 19 23 29 27 25 0 0 0 0 
0 0 0 0 0 0 0 0 0 0 0 0 0 0 0 0 26 17 29 11 
29 18 11 28 0 0 0 0 0 0 0 0 0 0 0 0 0 0 0 0 
0 0 0 0 11 28 29 29 28 27 22 10 0 0 0 0 0 0 0 0 
0 0 0 0 19 20 27 20 10 18 13 21 29 14 30 30 0 0 0 0 
0 0 0 0 14 12 15 21 10 19 27 17 22 16 13 26 0 0 0 0 
0 0 0 0 0 0 0 0 0 0 0 0 0 0 0 0 12 23 14 15 
20 27 25 13 0 0 0 0 0 0 0 0 0 0 0 0 0 0 0 0 
0 0 0 0 21 23 10 25 29 19 16 12 18 26 17 10 0 0 0 0 
0 0 0 0 24 22 20 21 17 20 13 29 13 23 29 23 0 0 0 0 
0 0 0 0 19 25 22 26 0 0 0 0 29 14 15 21 0 0 0 0 
0 0 0 0 0 0 0 0 0 0 0 0 0 0 0 0 23 16 13 29 
11 24 24 26 0 0 0 0 0 0 0 0 0 0 0 0 0 0 0 0 
0 0 0 0 0 0 0 0 0 0 0 0 30 27 26 23 0 0 0 0 
0 0 0 0 16 26 25 27 0 0 0 0 15 19 27 30 0 0 0 0 
0 0 0 0 0 0 0 0 0 0 0 0 30 13 17 28 0 0 0 0 
0 0 0 0 0 0 0 0 0 0 0 0 0 0 0 0 18 27 25 11 
24 25 11 23 0 0 0 0 0 0 0 0 0 0 0 0 0 0 0 0 
0 0 0 0 14 15 19 15 0 0 0 0 0 0 0 0 0 0 0 0 
0 0 0 0 16 27 29 27 26 21 22 24 16 15 28 10 0 0 0 0 
0 0 0 0 12 19 26 14 29 20 26 28 22 22 18 25 0 0 0 0 
0 0 0 0 0 0 0 0 0 0 0 0 0 0 0 0 12 28 25 15 
14 13 25 20 0 0 0 0 0 0 0 0 0 0 0 0 0 0 0 0 
0 0 0 0 0 0 0 0 13 23 22 11 0 0 0 0 0 0 0 0 
0 0 0 0 21 25 21 25 20 13 13 11 22 16 13 18 0 0 0 0 
0 0 0 0 18 19 29 13 30 27 23 17 25 12 21 29 0 0 0 0 
0 0 0 0 0 0 0 0 0 0 0 0 0 0 0 0 20 12 13 16 
29 29 26 23 0 0 0 0 0 0 0 0 0 0 0 0 0 0 0 0 
0 0 0 0 0 0 0 0 0 0 0 0 16 24 29 11 0 0 0 0 
0 0 0 0 0 0 0 0 0 0 0 0 11 20 10 19 0 0 0 0 
0 0 0 0 13 10 11 17 25 11 24 28 11 13 24 22 0 0 0 0 
0 0 0 0 0 0 0 0 0 0 0 0 0 0 0 0 18 12 18 17 
27 18 24 10 0 0 0 0 0 0 0 0 0 0 0 0 0 0 0 0 
0 0 0 0 13 30 29 11 0 0 0 0 28 16 11 16 0 0 0 0 
0 0 0 0 27 23 30 13 0 0 0 0 0 0 0 0 0 0 0 0 
0 0 0 0 30 26 21 19 15 19 18 27 27 23 29 21 0 0 0 0 
0 0 0 0 0 0 0 0 0 0 0 0 0 0 0 0 19 27 29 17 
15 12 28 18 0 0 0 0 0 0 0 0 0 0 0 0 0 0 0 0 
0 0 0 0 30 29 19 23 0 0 0 0 30 15 29 13 0 0 0 0 
0 0 0 0 26 21 12 24 27 21 17 25 20 25 23 14 0 0 0 0 
0 0 0 0 0 0 0 0 0 0 0 0 20 30 13 29 0 0 0 0 
0 0 0 0 0 0 0 0 0 0 0 0 0 0 0 0 10 27 25 29 
30 15 29 11 0 0 0 0 0 0 0 0 0 0 0 0 0 0 0 0 
0 0 0 0 16 30 14 27 0 0 0 0 0 0 0 0 0 0 0 0 
0 0 0 0 18 18 15 20 19 14 15 21 13 15 10 11 0 0 0 0 
0 0 0 0 22 15 14 20 16 18 17 22 0 0 0 0 0 0 0 0 
0 0 0 0 0 0 0 0 0 0 0 0 0 0 0 0 25 11 23 13 
17 20 24 23 0 0 0 0 0 0 0 0 0 0 0 0 0 0 0 0 
0 0 0 0 25 16 23 26 0 0 0 0 20 25 11 30 0 0 0 0 
0 0 0 0 0 0 0 0 22 17 16 13 0 0 0 0 0 0 0 0 
0 0 0 0 0 0 0 0 13 17 21 17 0 0 0 0 0 0 0 0 
0 0 0 0 0 0 0 0 0 0 0 0 0 0 0 0 15 14 27 10 
23 19 24 10 0 0 0 0 0 0 0 0 0 0 0 0 0 0 0 0 
0 0 0 0 19 22 15 20 10 15 30 29 21 27 20 17 0 0 0 0 
0 0 0 0 28 16 10 26 19 21 27 22 14 24 10 30 0 0 0 0 
0 0 0 0 26 23 16 11 0 0 0 0 0 0 0 0 0 0 0 0 
0 0 0 0 0 0 0 0 0 0 0 0 0 0 0 0 21 11 19 25 
25 27 29 23 0 0 0 0 0 0 0 0 0 0 0 0 0 0 0 0 
0 0 0 0 11 10 27 26 17 10 26 28 0 0 0 0 0 0 0 0 
0 0 0 0 21 24 16 22 0 0 0 0 25 30 16 18 0 0 0 0 
0 0 0 0 0 0 0 0 0 0 0 0 13 10 14 29 0 0 0 0 
0 0 0 0 0 0 0 0 0 0 0 0 0 0 0 0 12 25 12 11 
13 21 30 13 0 0 0 0 0 0 0 0 0 0 0 0 0 0 0 0 
0 0 0 0 0 0 0 0 0 0 0 0 26 26 28 19 0 0 0 0 
0 0 0 0 30 18 29 10 0 0 0 0 28 16 25 17 0 0 0 0 
0 0 0 0 20 28 10 27 15 10 23 15 17 28 24 16 0 0 0 0 
0 0 0 0 0 0 0 0 0 0 0 0 0 0 0 0 21 25 28 30 
18 18 10 12 0 0 0 0 0 0 0 0 0 0 0 0 0 0 0 0 
0 0 0 0 12 19 16 16 13 24 11 19 10 24 15 12 0 0 0 0 
0 0 0 0 13 18 12 11 25 30 22 15 23 16 12 20 0 0 0 0 
0 0 0 0 21 20 21 12 11 11 26 25 0 0 0 0 0 0 0 0 
0 0 0 0 0 0 0 0 0 0 0 0 0 0 0 0 18 17 13 15 
30 24 18 17 0 0 0 0 0 0 0 0 0 0 0 0 0 0 0 0 
0 0 0 0 0 0 0 0 0 0 0 0 18 29 29 15 0 0 0 0 
0 0 0 0 0 0 0 0 12 13 18 13 24 27 25 26 0 0 0 0 
0 0 0 0 26 30 24 15 11 30 26 16 0 0 0 0 0 0 0 0 
0 0 0 0 0 0 0 0 0 0 0 0 0 0 0 0 16 23 19 17 
25 22 30 18 0 0 0 0 0 0 0 0 0 0 0 0 0 0 0 0 
0 0 0 0 0 0 0 0 0 0 0 0 30 17 18 18 0 0 0 0 
0 0 0 0 11 24 17 29 24 12 24 23 10 29 24 11 0 0 0 0 
0 0 0 0 11 15 27 22 29 25 19 29 13 20 14 27 0 0 0 0 
0 0 0 0 0 0 0 0 0 0 0 0 0 0 0 0 20 19 21 21 
22 29 22 17 0 0 0 0 0 0 0 0 0 0 0 0 0 0 0 0 
0 0 0 0 13 15 19 29 22 10 14 27 12 22 19 23 0 0 0 0 
0 0 0 0 11 16 12 22 13 16 10 29 19 15 17 12 0 0 0 0 
0 0 0 0 30 22 28 21 0 0 0 0 17 29 15 29 0 0 0 0 
0 0 0 0 0 0 0 0 0 0 0 0 0 0 0 0 24 18 23 26 
14 22 15 10 0 0 0 0 0 0 0 0 0 0 0 0 0 0 0 0 
0 0 0 0 0 0 0 0 0 0 0 0 26 24 15 27 0 0 0 0 
0 0 0 0 16 20 24 27 19 26 25 10 24 28 28 27 0 0 0 0 
0 0 0 0 0 0 0 0 0 0 0 0 20 18 11 19 0 0 0 0 
0 0 0 0 0 0 0 0 0 0 0 0 0 0 0 0 19 13 29 17 
21 20 24 23 0 0 0 0 0 0 0 0 0 0 0 0 0 0 0 0 
0 0 0 0 17 10 27 16 24 11 23 11 14 17 14 16 0 0 0 0 
0 0 0 0 0 0 0 0 12 14 22 19 24 14 14 24 0 0 0 0 
0 0 0 0 0 0 0 0 16 20 17 27 10 14 12 18 0 0 0 0 
0 0 0 0 0 0 0 0 0 0 0 0 0 0 0 0 15 26 22 23 
11 17 20 17 0 0 0 0 0 0 0 0 0 0 0 0 0 0 0 0 
0 0 0 0 20 15 13 18 19 16 30 22 25 19 11 18 0 0 0 0 
0 0 0 0 29 25 20 20 11 18 16 29 0 0 0 0 0 0 0 0 
0 0 0 0 27 25 10 25 11 15 15 30 23 28 15 13 0 0 0 0 
0 0 0 0 0 0 0 0 0 0 0 0 0 0 0 0 24 19 29 11 
22 14 12 24 0 0 0 0 0 0 0 0 0 0 0 0 0 0 0 0 
0 0 0 0 27 28 14 10 28 26 18 24 0 0 0 0 0 0 0 0 
0 0 0 0 24 15 27 12 29 21 15 20 26 15 20 20 0 0 0 0 
0 0 0 0 0 0 0 0 13 14 18 19 21 28 16 25 0 0 0 0 
0 0 0 0 0 0 0 0 0 0 0 0 0 0 0 0 17 18 13 15 
16 12 10 25 0 0 0 0 0 0 0 0 0 0 0 0 0 0 0 0 
0 0 0 0 0 0 0 0 12 14 30 24 0 0 0 0 0 0 0 0 
0 0 0 0 0 0 0 0 0 0 0 0 22 14 24 25 0 0 0 0 
0 0 0 0 0 0 0 0 0 0 0 0 17 11 17 21 0 0 0 0 
0 0 0 0 0 0 0 0 0 0 0 0 0 0 0 0 11 16 23 30 
15 29 28 24 0 0 0 0 0 0 0 0 0 0 0 0 0 0 0 0 
0 0 0 0 0 0 0 0 26 24 26 10 0 0 0 0 0 0 0 0 
0 0 0 0 0 0 0 0 27 23 22 16 14 15 27 20 0 0 0 0 
0 0 0 0 25 18 24 27 12 18 12 11 23 10 14 25 0 0 0 0 
0 0 0 0 0 0 0 0 0 0 0 0 0 0 0 0 23 29 25 11 
11 12 22 24 0 0 0 0 0 0 0 0 0 0 0 0 0 0 0 0 
0 0 0 0 21 27 10 20 0 0 0 0 0 0 0 0 0 0 0 0 
0 0 0 0 0 0 0 0 14 13 20 20 11 20 29 13 0 0 0 0 
0 0 0 0 0 0 0 0 15 26 30 18 15 22 30 11 0 0 0 0 
0 0 0 0 0 0 0 0 0 0 0 0 0 0 0 0 29 19 30 16 
12 19 28 18 0 0 0 0 0 0 0 0 0 0 0 0 0 0 0 0 
0 0 0 0 0 0 0 0 27 17 17 18 11 12 24 22 0 0 0 0 
0 0 0 0 10 20 23 11 20 11 29 17 0 0 0 0 0 0 0 0 
0 0 0 0 26 25 19 25 0 0 0 0 0 0 0 0 0 0 0 0 
0 0 0 0 0 0 0 0 0 0 0 0 0 0 0 0 21 17 10 17 
17 20 23 29 0 0 0 0 0 0 0 0 0 0 0 0 0 0 0 0 
0 0 0 0 0 0 0 0 0 0 0 0 16 24 11 28 0 0 0 0 
0 0 0 0 18 21 24 13 29 10 25 27 0 0 0 0 0 0 0 0 
0 0 0 0 15 12 27 15 30 23 13 19 0 0 0 0 0 0 0 0 
0 0 0 0 0 0 0 0 0 0 0 0 0 0 0 0 10 22 15 24 
19 11 18 30 0 0 0 0 0 0 0 0 0 0 0 0 0 0 0 0 
0 0 0 0 10 30 11 21 24 18 29 29 0 0 0 0 0 0 0 0 
0 0 0 0 16 18 25 16 12 21 20 16 0 0 0 0 0 0 0 0 
0 0 0 0 11 14 23 12 0 0 0 0 27 22 21 15 0 0 0 0 
0 0 0 0 0 0 0 0 0 0 0 0 0 0 0 0 23 12 15 11 
10 19 12 17 0 0 0 0 0 0 0 0 0 0 0 0 0 0 0 0 
0 0 0 0 21 13 18 13 28 22 18 22 30 25 25 20 0 0 0 0 
0 0 0 0 17 12 20 12 25 20 26 11 23 25 18 16 0 0 0 0 
0 0 0 0 23 19 26 23 10 21 12 12 19 14 15 10 0 0 0 0 
0 0 0 0 0 0 0 0 0 0 0 0 0 0 0 0 28 16 19 10 
10 19 15 13 0 0 0 0 0 0 0 0 0 0 0 0 0 0 0 0 
0 0 0 0 0 0 0 0 0 0 0 0 21 19 21 19 0 0 0 0 
0 0 0 0 28 28 15 15 18 13 14 18 0 0 0 0 0 0 0 0 
0 0 0 0 0 0 0 0 0 0 0 0 26 25 12 29 0 0 0 0 
0 0 0 0 0 0 0 0 0 0 0 0 0 0 0 0 12 24 25 18 
19 25 25 20 0 0 0 0 0 0 0 0 0 0 0 0 0 0 0 0 
0 0 0 0 21 14 23 23 19 23 23 14 0 0 0 0 0 0 0 0 
0 0 0 0 0 0 0 0 11 28 12 14 0 0 0 0 0 0 0 0 
0 0 0 0 12 23 22 30 15 19 12 16 11 13 13 28 0 0 0 0 
0 0 0 0 0 0 0 0 0 0 0 0 0 0 0 0 14 14 29 13 
30 26 23 14 0 0 0 0 0 0 0 0 0 0 0 0 0 0 0 0 
0 0 0 0 21 13 27 16 25 13 19 11 30 21 22 28 0 0 0 0 
0 0 0 0 11 18 10 28 26 20 13 13 30 12 11 24 0 0 0 0 
0 0 0 0 0 0 0 0 12 12 20 11 0 0 0 0 0 0 0 0 
0 0 0 0 0 0 0 0 0 0 0 0 0 0 0 0 23 25 13 11 
14 28 30 10 0 0 0 0 0 0 0 0 0 0 0 0 0 0 0 0 
0 0 0 0 20 30 14 26 0 0 0 0 0 0 0 0 0 0 0 0 
0 0 0 0 24 17 21 10 0 0 0 0 21 19 16 22 0 0 0 0 
0 0 0 0 26 21 13 19 0 0 0 0 0 0 0 0 0 0 0 0 
0 0 0 0 0 0 0 0 0 0 0 0 0 0 0 0 18 30 20 28 
20 20 18 10 0 0 0 0 0 0 0 0 0 0 0 0 0 0 0 0 
0 0 0 0 0 0 0 0 28 12 18 29 0 0 0 0 0 0 0 0 
0 0 0 0 26 12 11 19 24 27 11 26 11 22 27 27 0 0 0 0 
0 0 0 0 0 0 0 0 16 13 28 27 0 0 0 0 0 0 0 0 
0 0 0 0 0 0 0 0 0 0 0 0 0 0 0 0 17 17 25 16 
22 22 16 22 0 0 0 0 0 0 0 0 0 0 0 0 0 0 0 0 
0 0 0 0 14 24 13 27 14 15 12 17 0 0 0 0 0 0 0 0 
0 0 0 0 0 0 0 0 27 25 21 18 0 0 0 0 0 0 0 0 
0 0 0 0 22 25 12 21 0 0 0 0 21 10 29 15 0 0 0 0 
0 0 0 0 0 0 0 0 0 0 0 0 0 0 0 0 17 27 26 13 
14 21 11 14 0 0 0 0 0 0 0 0 0 0 0 0 0 0 0 0 
0 0 0 0 12 11 29 10 11 10 18 17 0 0 0 0 0 0 0 0 
0 0 0 0 18 30 28 14 29 12 25 17 17 21 16 27 0 0 0 0 
0 0 0 0 23 30 17 24 23 29 23 12 10 28 28 24 0 0 0 0 
0 0 0 0 0 0 0 0 0 0 0 0 0 0 0 0 29 18 11 11 
24 12 23 21 0 0 0 0 0 0 0 0 0 0 0 0 0 0 0 0 
0 0 0 0 15 29 26 21 0 0 0 0 0 0 0 0 0 0 0 0 
0 0 0 0 23 26 27 23 0 0 0 0 27 13 21 21 0 0 0 0 
0 0 0 0 16 16 24 21 12 21 24 19 25 11 26 25 0 0 0 0 
0 0 0 0 0 0 0 0 0 0 0 0 0 0 0 0 22 26 12 12 
26 19 26 14 0 0 0 0 0 0 0 0 0 0 0 0 0 0 0 0 
0 0 0 0 14 26 14 10 0 0 0 0 25 23 20 22 0 0 0 0 
0 0 0 0 13 23 26 15 14 25 14 12 25 21 20 25 0 0 0 0 
0 0 0 0 28 29 10 21 10 10 27 11 0 0 0 0 0 0 0 0 
0 0 0 0 0 0 0 0 0 0 0 0 0 0 0 0 25 29 25 12 
19 30 24 14 0 0 0 0 0 0 0 0 0 0 0 0 0 0 0 0 
0 0 0 0 30 18 23 16 30 15 12 14 16 20 20 14 0 0 0 0 
0 0 0 0 20 28 23 18 13 23 29 22 28 25 28 16 0 0 0 0 
0 0 0 0 0 0 0 0 25 30 24 20 0 0 0 0 0 0 0 0 
0 0 0 0 0 0 0 0 0 0 0 0 0 0 0 0 20 15 19 13 
23 22 27 14 0 0 0 0 0 0 0 0 0 0 0 0 0 0 0 0 
0 0 0 0 0 0 0 0 11 24 18 24 12 19 20 24 0 0 0 0 
0 0 0 0 0 0 0 0 11 28 19 26 24 23 30 17 0 0 0 0 
0 0 0 0 12 11 22 17 23 28 24 10 19 21 15 15 0 0 0 0 
0 0 0 0 0 0 0 0 0 0 0 0 0 0 0 0 24 28 27 11 
30 20 30 13 0 0 0 0 0 0 0 0 0 0 0 0 0 0 0 0 
0 0 0 0 0 0 0 0 0 0 0 0 20 17 21 20 0 0 0 0 
0 0 0 0 14 28 19 14 16 22 23 17 16 26 16 20 0 0 0 0 
0 0 0 0 0 0 0 0 23 13 21 19 0 0 0 0 0 0 0 0 
0 0 0 0 0 0 0 0 0 0 0 0 0 0 0 0 13 14 14 25 
19 10 17 24 0 0 0 0 0 0 0 0 0 0 0 0 0 0 0 0 
0 0 0 0 28 19 20 18 29 30 28 14 22 30 15 16 0 0 0 0 
0 0 0 0 20 11 21 18 0 0 0 0 0 0 0 0 0 0 0 0 
0 0 0 0 15 25 13 19 24 15 25 25 14 25 26 10 0 0 0 0 
0 0 0 0 0 0 0 0 0 0 0 0 0 0 0 0 11 28 11 27 
10 22 16 29 0 0 0 0 0 0 0 0 0 0 0 0 0 0 0 0 
0 0 0 0 19 16 16 19 0 0 0 0 0 0 0 0 0 0 0 0 
0 0 0 0 20 30 21 12 11 17 11 18 0 0 0 0 0 0 0 0 
0 0 0 0 0 0 0 0 25 11 11 28 0 0 0 0 0 0 0 0 
0 0 0 0 0 0 0 0 0 0 0 0 0 0 0 0 10 24 12 27 
13 16 11 29 0 0 0 0 0 0 0 0 0 0 0 0 0 0 0 0 
0 0 0 0 10 17 12 15 0 0 0 0 0 0 0 0 0 0 0 0 
0 0 0 0 0 0 0 0 0 0 0 0 14 17 30 28 0 0 0 0 
0 0 0 0 19 29 24 16 0 0 0 0 0 0 0 0 0 0 0 0 
0 0 0 0 0 0 0 0 0 0 0 0 0 0 0 0 29 27 27 11 
17 30 19 29 0 0 0 0 0 0 0 0 0 0 0 0 0 0 0 0 
0 0 0 0 0 0 0 0 14 17 21 12 0 0 0 0 0 0 0 0 
0 0 0 0 27 27 24 14 0 0 0 0 0 0 0 0 0 0 0 0 
0 0 0 0 16 12 28 19 27 16 29 12 29 15 29 14 0 0 0 0 
0 0 0 0 0 0 0 0 0 0 0 0 0 0 0 0 29 23 15 24 
18 11 25 16 0 0 0 0 0 0 0 0 0 0 0 0 0 0 0 0 
0 0 0 0 0 0 0 0 28 30 28 24 0 0 0 0 0 0 0 0 
0 0 0 0 24 22 19 28 10 27 24 10 29 22 30 17 0 0 0 0 
0 0 0 0 10 22 10 29 30 18 10 11 22 25 15 18 0 0 0 0 
0 0 0 0 0 0 0 0 0 0 0 0 0 0 0 0 19 30 25 13 
16 13 12 25 0 0 0 0 0 0 0 0 0 0 0 0 0 0 0 0 
0 0 0 0 18 20 22 19 0 0 0 0 0 0 0 0 0 0 0 0 
0 0 0 0 25 24 19 15 26 21 11 28 19 15 30 16 0 0 0 0 
0 0 0 0 21 21 10 20 0 0 0 0 0 0 0 0 0 0 0 0 
0 0 0 0 0 0 0 0 0 0 0 0 0 0 0 0 30 17 22 16 
21 26 10 21 0 0 0 0 0 0 0 0 0 0 0 0 0 0 0 0 
0 0 0 0 0 0 0 0 0 0 0 0 14 23 25 20 0 0 0 0 
0 0 0 0 0 0 0 0 30 28 21 30 0 0 0 0 0 0 0 0 
0 0 0 0 20 18 24 15 0 0 0 0 10 12 23 11 0 0 0 0 
0 0 0 0 0 0 0 0 0 0 0 0 0 0 0 0 11 13 14 15
---------------------
 
Processing cost   (0 -- non-optional machine)
Rows: sequential for each operation of each part; Columns: correspond to machine number
16 13 14 17 0 0 0 0 0 0 0 0 0 0 0 0 0 0 0 0 
0 0 0 0 19 12 19 11 10 12 14 14 0 0 0 0 0 0 0 0 
0 0 0 0 12 16 15 17 10 13 20 14 15 13 18 10 0 0 0 0 
0 0 0 0 13 16 17 15 15 16 18 13 16 19 14 20 0 0 0 0 
0 0 0 0 0 0 0 0 0 0 0 0 0 0 0 0 17 14 15 13 
20 13 11 10 0 0 0 0 0 0 0 0 0 0 0 0 0 0 0 0 
0 0 0 0 0 0 0 0 20 18 10 17 16 15 18 16 0 0 0 0 
0 0 0 0 0 0 0 0 18 16 10 13 14 13 18 13 0 0 0 0 
0 0 0 0 15 10 18 19 18 18 14 11 20 11 15 15 0 0 0 0 
0 0 0 0 0 0 0 0 0 0 0 0 0 0 0 0 14 11 13 10 
18 16 13 19 0 0 0 0 0 0 0 0 0 0 0 0 0 0 0 0 
0 0 0 0 17 19 16 16 0 0 0 0 14 16 16 18 0 0 0 0 
0 0 0 0 15 10 17 15 20 13 12 19 0 0 0 0 0 0 0 0 
0 0 0 0 0 0 0 0 15 14 12 18 10 15 17 14 0 0 0 0 
0 0 0 0 0 0 0 0 0 0 0 0 0 0 0 0 12 20 17 19 
11 11 11 11 0 0 0 0 0 0 0 0 0 0 0 0 0 0 0 0 
0 0 0 0 12 17 20 15 0 0 0 0 16 12 18 10 0 0 0 0 
0 0 0 0 20 16 19 17 12 19 10 17 17 17 18 11 0 0 0 0 
0 0 0 0 0 0 0 0 17 20 20 20 14 11 16 16 0 0 0 0 
0 0 0 0 0 0 0 0 0 0 0 0 0 0 0 0 16 20 18 16 
20 12 16 10 0 0 0 0 0 0 0 0 0 0 0 0 0 0 0 0 
0 0 0 0 0 0 0 0 17 20 14 14 0 0 0 0 0 0 0 0 
0 0 0 0 15 10 19 15 20 11 17 15 19 12 15 11 0 0 0 0 
0 0 0 0 12 11 18 19 0 0 0 0 16 14 12 10 0 0 0 0 
0 0 0 0 0 0 0 0 0 0 0 0 0 0 0 0 18 14 18 13 
16 13 17 16 0 0 0 0 0 0 0 0 0 0 0 0 0 0 0 0 
0 0 0 0 18 11 17 11 18 13 10 18 16 13 14 11 0 0 0 0 
0 0 0 0 20 16 11 14 0 0 0 0 0 0 0 0 0 0 0 0 
0 0 0 0 19 11 10 12 0 0 0 0 16 19 20 20 0 0 0 0 
0 0 0 0 0 0 0 0 0 0 0 0 0 0 0 0 10 13 11 18 
14 16 15 10 0 0 0 0 0 0 0 0 0 0 0 0 0 0 0 0 
0 0 0 0 17 13 14 17 0 0 0 0 0 0 0 0 0 0 0 0 
0 0 0 0 0 0 0 0 0 0 0 0 17 18 16 18 0 0 0 0 
0 0 0 0 12 19 12 15 10 13 11 19 17 15 15 12 0 0 0 0 
0 0 0 0 0 0 0 0 0 0 0 0 0 0 0 0 20 13 10 19 
18 17 17 14 0 0 0 0 0 0 0 0 0 0 0 0 0 0 0 0 
0 0 0 0 11 15 19 11 10 16 12 13 0 0 0 0 0 0 0 0 
0 0 0 0 19 14 19 16 0 0 0 0 0 0 0 0 0 0 0 0 
0 0 0 0 10 11 18 12 0 0 0 0 0 0 0 0 0 0 0 0 
0 0 0 0 0 0 0 0 0 0 0 0 0 0 0 0 14 12 17 20 
11 10 12 14 0 0 0 0 0 0 0 0 0 0 0 0 0 0 0 0 
0 0 0 0 16 19 12 15 0 0 0 0 0 0 0 0 0 0 0 0 
0 0 0 0 18 12 19 19 19 15 15 16 10 16 14 13 0 0 0 0 
0 0 0 0 12 14 13 12 14 17 10 18 20 16 12 14 0 0 0 0 
0 0 0 0 0 0 0 0 0 0 0 0 0 0 0 0 17 20 14 11 
20 10 10 20 0 0 0 0 0 0 0 0 0 0 0 0 0 0 0 0 
0 0 0 0 16 14 13 18 12 17 16 19 13 16 12 13 0 0 0 0 
0 0 0 0 10 15 19 16 11 17 14 13 10 13 19 13 0 0 0 0 
0 0 0 0 0 0 0 0 15 11 16 13 0 0 0 0 0 0 0 0 
0 0 0 0 0 0 0 0 0 0 0 0 0 0 0 0 20 18 10 12 
11 12 16 15 0 0 0 0 0 0 0 0 0 0 0 0 0 0 0 0 
0 0 0 0 20 15 13 15 20 16 11 13 18 17 19 19 0 0 0 0 
0 0 0 0 0 0 0 0 14 12 19 17 10 14 13 19 0 0 0 0 
0 0 0 0 15 16 12 20 10 19 11 10 20 11 17 19 0 0 0 0 
0 0 0 0 0 0 0 0 0 0 0 0 0 0 0 0 13 15 10 19 
14 18 12 18 0 0 0 0 0 0 0 0 0 0 0 0 0 0 0 0 
0 0 0 0 16 11 19 13 0 0 0 0 0 0 0 0 0 0 0 0 
0 0 0 0 14 19 14 13 14 12 10 18 16 17 14 15 0 0 0 0 
0 0 0 0 0 0 0 0 14 18 15 12 20 11 16 16 0 0 0 0 
0 0 0 0 0 0 0 0 0 0 0 0 0 0 0 0 19 13 15 15 
18 20 11 14 0 0 0 0 0 0 0 0 0 0 0 0 0 0 0 0 
0 0 0 0 12 15 18 11 13 11 15 12 16 15 18 16 0 0 0 0 
0 0 0 0 0 0 0 0 10 13 14 18 13 17 16 20 0 0 0 0 
0 0 0 0 17 14 18 16 11 16 12 13 20 18 14 18 0 0 0 0 
0 0 0 0 0 0 0 0 0 0 0 0 0 0 0 0 17 19 13 19 
13 14 17 15 0 0 0 0 0 0 0 0 0 0 0 0 0 0 0 0 
0 0 0 0 10 20 14 12 19 16 13 18 0 0 0 0 0 0 0 0 
0 0 0 0 16 16 10 16 0 0 0 0 17 13 18 19 0 0 0 0 
0 0 0 0 15 17 17 16 0 0 0 0 16 18 12 12 0 0 0 0 
0 0 0 0 0 0 0 0 0 0 0 0 0 0 0 0 18 16 13 18 
10 15 19 13 0 0 0 0 0 0 0 0 0 0 0 0 0 0 0 0 
0 0 0 0 0 0 0 0 17 16 18 15 0 0 0 0 0 0 0 0 
0 0 0 0 0 0 0 0 10 20 17 17 20 10 15 20 0 0 0 0 
0 0 0 0 17 14 20 15 14 10 11 12 10 15 18 20 0 0 0 0 
0 0 0 0 0 0 0 0 0 0 0 0 0 0 0 0 14 14 11 15 
10 14 12 15 0 0 0 0 0 0 0 0 0 0 0 0 0 0 0 0 
0 0 0 0 0 0 0 0 20 10 17 17 13 11 12 14 0 0 0 0 
0 0 0 0 12 12 19 11 20 19 17 16 0 0 0 0 0 0 0 0 
0 0 0 0 0 0 0 0 0 0 0 0 14 10 18 20 0 0 0 0 
0 0 0 0 0 0 0 0 0 0 0 0 0 0 0 0 11 10 16 14 
18 14 17 19 0 0 0 0 0 0 0 0 0 0 0 0 0 0 0 0 
0 0 0 0 0 0 0 0 18 10 11 20 12 15 16 19 0 0 0 0 
0 0 0 0 14 20 20 20 0 0 0 0 0 0 0 0 0 0 0 0 
0 0 0 0 20 16 19 10 20 16 12 16 19 18 10 12 0 0 0 0 
0 0 0 0 0 0 0 0 0 0 0 0 0 0 0 0 18 13 17 20 
14 12 14 13 0 0 0 0 0 0 0 0 0 0 0 0 0 0 0 0 
0 0 0 0 0 0 0 0 0 0 0 0 13 18 17 20 0 0 0 0 
0 0 0 0 17 18 17 11 0 0 0 0 10 19 10 13 0 0 0 0 
0 0 0 0 12 14 13 15 0 0 0 0 0 0 0 0 0 0 0 0 
0 0 0 0 0 0 0 0 0 0 0 0 0 0 0 0 18 17 18 15 
18 10 11 15 0 0 0 0 0 0 0 0 0 0 0 0 0 0 0 0 
0 0 0 0 14 16 11 17 11 11 17 17 0 0 0 0 0 0 0 0 
0 0 0 0 14 16 13 11 13 20 20 20 13 14 13 14 0 0 0 0 
0 0 0 0 0 0 0 0 0 0 0 0 10 15 14 19 0 0 0 0 
0 0 0 0 0 0 0 0 0 0 0 0 0 0 0 0 18 12 17 10 
11 19 17 19 0 0 0 0 0 0 0 0 0 0 0 0 0 0 0 0 
0 0 0 0 0 0 0 0 0 0 0 0 12 12 18 19 0 0 0 0 
0 0 0 0 11 17 10 12 0 0 0 0 12 15 16 17 0 0 0 0 
0 0 0 0 19 15 16 10 17 15 19 12 17 16 10 13 0 0 0 0 
0 0 0 0 0 0 0 0 0 0 0 0 0 0 0 0 10 17 17 15 
14 19 10 15 0 0 0 0 0 0 0 0 0 0 0 0 0 0 0 0 
0 0 0 0 0 0 0 0 20 12 20 17 0 0 0 0 0 0 0 0 
0 0 0 0 10 12 14 14 0 0 0 0 0 0 0 0 0 0 0 0 
0 0 0 0 14 17 14 13 16 15 19 12 0 0 0 0 0 0 0 0 
0 0 0 0 0 0 0 0 0 0 0 0 0 0 0 0 18 10 10 15 
16 10 17 13 0 0 0 0 0 0 0 0 0 0 0 0 0 0 0 0 
0 0 0 0 0 0 0 0 16 17 15 20 0 0 0 0 0 0 0 0 
0 0 0 0 12 20 10 11 20 15 15 12 12 16 15 15 0 0 0 0 
0 0 0 0 0 0 0 0 0 0 0 0 10 11 11 12 0 0 0 0 
0 0 0 0 0 0 0 0 0 0 0 0 0 0 0 0 14 15 10 14 
17 13 19 20 0 0 0 0 0 0 0 0 0 0 0 0 0 0 0 0 
0 0 0 0 0 0 0 0 13 17 17 15 0 0 0 0 0 0 0 0 
0 0 0 0 14 18 19 12 19 18 12 19 12 11 16 20 0 0 0 0 
0 0 0 0 0 0 0 0 12 16 19 11 17 13 10 13 0 0 0 0 
0 0 0 0 0 0 0 0 0 0 0 0 0 0 0 0 17 20 12 17 
16 18 17 15 0 0 0 0 0 0 0 0 0 0 0 0 0 0 0 0 
0 0 0 0 10 14 13 16 0 0 0 0 17 11 17 10 0 0 0 0 
0 0 0 0 0 0 0 0 13 18 11 11 0 0 0 0 0 0 0 0 
0 0 0 0 0 0 0 0 15 11 17 10 0 0 0 0 0 0 0 0 
0 0 0 0 0 0 0 0 0 0 0 0 0 0 0 0 16 12 12 13 
11 15 14 10 0 0 0 0 0 0 0 0 0 0 0 0 0 0 0 0 
0 0 0 0 10 19 14 20 15 16 18 12 14 14 16 16 0 0 0 0 
0 0 0 0 12 11 16 15 0 0 0 0 0 0 0 0 0 0 0 0 
0 0 0 0 20 20 19 19 15 19 19 12 11 20 17 20 0 0 0 0 
0 0 0 0 0 0 0 0 0 0 0 0 0 0 0 0 16 20 12 18 
16 14 12 17 0 0 0 0 0 0 0 0 0 0 0 0 0 0 0 0 
0 0 0 0 10 10 13 17 0 0 0 0 17 20 18 15 0 0 0 0 
0 0 0 0 16 18 12 12 13 17 17 17 0 0 0 0 0 0 0 0 
0 0 0 0 16 20 20 15 12 10 20 11 20 20 19 11 0 0 0 0 
0 0 0 0 0 0 0 0 0 0 0 0 0 0 0 0 14 10 17 19 
13 15 16 15 0 0 0 0 0 0 0 0 0 0 0 0 0 0 0 0 
0 0 0 0 0 0 0 0 0 0 0 0 10 10 13 16 0 0 0 0 
0 0 0 0 19 18 19 17 15 12 10 12 19 18 12 13 0 0 0 0 
0 0 0 0 11 10 18 16 13 12 17 17 0 0 0 0 0 0 0 0 
0 0 0 0 0 0 0 0 0 0 0 0 0 0 0 0 14 19 10 19 
14 12 17 18 0 0 0 0 0 0 0 0 0 0 0 0 0 0 0 0 
0 0 0 0 20 17 16 10 14 15 13 20 12 14 20 18 0 0 0 0 
0 0 0 0 15 13 17 16 0 0 0 0 0 0 0 0 0 0 0 0 
0 0 0 0 0 0 0 0 0 0 0 0 14 13 19 14 0 0 0 0 
0 0 0 0 0 0 0 0 0 0 0 0 0 0 0 0 10 13 13 14 
19 14 13 13 0 0 0 0 0 0 0 0 0 0 0 0 0 0 0 0 
0 0 0 0 17 12 14 17 0 0 0 0 10 10 14 11 0 0 0 0 
0 0 0 0 0 0 0 0 0 0 0 0 19 11 14 16 0 0 0 0 
0 0 0 0 0 0 0 0 11 10 16 13 13 13 19 15 0 0 0 0 
0 0 0 0 0 0 0 0 0 0 0 0 0 0 0 0 18 18 18 20 
17 18 14 13 0 0 0 0 0 0 0 0 0 0 0 0 0 0 0 0 
0 0 0 0 0 0 0 0 10 12 12 10 11 12 12 16 0 0 0 0 
0 0 0 0 19 10 11 13 20 10 11 13 0 0 0 0 0 0 0 0 
0 0 0 0 20 11 19 19 11 12 12 13 17 16 13 15 0 0 0 0 
0 0 0 0 0 0 0 0 0 0 0 0 0 0 0 0 12 16 13 16 
17 18 19 15 0 0 0 0 0 0 0 0 0 0 0 0 0 0 0 0 
0 0 0 0 11 17 11 10 12 11 20 12 12 11 18 14 0 0 0 0 
0 0 0 0 16 12 13 10 15 12 13 11 18 16 16 11 0 0 0 0 
0 0 0 0 0 0 0 0 0 0 0 0 15 17 13 15 0 0 0 0 
0 0 0 0 0 0 0 0 0 0 0 0 0 0 0 0 11 19 10 14 
16 15 14 16 0 0 0 0 0 0 0 0 0 0 0 0 0 0 0 0 
0 0 0 0 0 0 0 0 0 0 0 0 15 10 17 10 0 0 0 0 
0 0 0 0 18 11 17 18 13 19 11 19 0 0 0 0 0 0 0 0 
0 0 0 0 0 0 0 0 0 0 0 0 12 10 17 10 0 0 0 0 
0 0 0 0 0 0 0 0 0 0 0 0 0 0 0 0 18 11 16 15 
18 11 12 16 0 0 0 0 0 0 0 0 0 0 0 0 0 0 0 0 
0 0 0 0 17 12 15 17 11 12 13 14 18 20 20 19 0 0 0 0 
0 0 0 0 19 16 20 10 10 20 10 16 13 16 16 10 0 0 0 0 
0 0 0 0 20 18 19 16 12 14 10 17 0 0 0 0 0 0 0 0 
0 0 0 0 0 0 0 0 0 0 0 0 0 0 0 0 20 13 17 20 
13 11 20 11 0 0 0 0 0 0 0 0 0 0 0 0 0 0 0 0 
0 0 0 0 17 17 14 20 20 16 20 15 16 10 12 19 0 0 0 0 
0 0 0 0 19 10 12 16 17 19 18 17 0 0 0 0 0 0 0 0 
0 0 0 0 20 15 10 14 18 20 15 20 19 20 13 14 0 0 0 0 
0 0 0 0 0 0 0 0 0 0 0 0 0 0 0 0 15 16 14 11 
11 11 11 19 0 0 0 0 0 0 0 0 0 0 0 0 0 0 0 0 
0 0 0 0 17 13 17 11 15 11 11 15 0 0 0 0 0 0 0 0 
0 0 0 0 0 0 0 0 17 14 15 11 10 17 14 15 0 0 0 0 
0 0 0 0 0 0 0 0 0 0 0 0 10 15 13 12 0 0 0 0 
0 0 0 0 0 0 0 0 0 0 0 0 0 0 0 0 14 14 14 15 
12 12 13 19 0 0 0 0 0 0 0 0 0 0 0 0 0 0 0 0 
0 0 0 0 0 0 0 0 17 10 17 18 15 11 13 12 0 0 0 0 
0 0 0 0 19 15 18 11 14 14 12 14 0 0 0 0 0 0 0 0 
0 0 0 0 0 0 0 0 11 10 12 10 15 17 18 17 0 0 0 0 
0 0 0 0 0 0 0 0 0 0 0 0 0 0 0 0 17 12 12 10 
10 16 11 19 0 0 0 0 0 0 0 0 0 0 0 0 0 0 0 0 
0 0 0 0 17 10 14 16 0 0 0 0 0 0 0 0 0 0 0 0 
0 0 0 0 0 0 0 0 20 13 13 20 0 0 0 0 0 0 0 0 
0 0 0 0 0 0 0 0 17 13 17 19 17 18 10 17 0 0 0 0 
0 0 0 0 0 0 0 0 0 0 0 0 0 0 0 0 16 10 18 18 
19 17 11 17 0 0 0 0 0 0 0 0 0 0 0 0 0 0 0 0 
0 0 0 0 11 20 18 18 0 0 0 0 16 20 18 10 0 0 0 0 
0 0 0 0 0 0 0 0 0 0 0 0 16 14 14 15 0 0 0 0 
0 0 0 0 12 12 20 13 15 17 14 11 0 0 0 0 0 0 0 0 
0 0 0 0 0 0 0 0 0 0 0 0 0 0 0 0 16 15 19 16 
10 20 20 10 0 0 0 0 0 0 0 0 0 0 0 0 0 0 0 0 
0 0 0 0 0 0 0 0 0 0 0 0 19 15 15 17 0 0 0 0 
0 0 0 0 14 13 12 15 16 10 13 15 15 19 12 11 0 0 0 0 
0 0 0 0 17 18 20 10 18 20 19 15 18 18 20 16 0 0 0 0 
0 0 0 0 0 0 0 0 0 0 0 0 0 0 0 0 16 15 17 11 
14 12 19 14 0 0 0 0 0 0 0 0 0 0 0 0 0 0 0 0 
0 0 0 0 10 20 18 14 20 14 15 10 14 12 17 20 0 0 0 0 
0 0 0 0 14 17 14 12 0 0 0 0 0 0 0 0 0 0 0 0 
0 0 0 0 14 16 17 12 11 17 11 10 13 14 17 11 0 0 0 0 
0 0 0 0 0 0 0 0 0 0 0 0 0 0 0 0 20 20 12 13 
18 12 15 18 0 0 0 0 0 0 0 0 0 0 0 0 0 0 0 0 
0 0 0 0 13 18 15 12 16 13 15 12 0 0 0 0 0 0 0 0 
0 0 0 0 18 15 20 14 15 20 12 13 0 0 0 0 0 0 0 0 
0 0 0 0 0 0 0 0 18 15 15 10 0 0 0 0 0 0 0 0 
0 0 0 0 0 0 0 0 0 0 0 0 0 0 0 0 17 15 11 17 
13 14 13 17 0 0 0 0 0 0 0 0 0 0 0 0 0 0 0 0 
0 0 0 0 0 0 0 0 14 14 10 11 0 0 0 0 0 0 0 0 
0 0 0 0 16 16 12 11 12 10 11 20 16 11 19 11 0 0 0 0 
0 0 0 0 20 16 12 10 16 14 20 18 10 12 19 12 0 0 0 0 
0 0 0 0 0 0 0 0 0 0 0 0 0 0 0 0 12 16 19 19 
20 12 10 19 0 0 0 0 0 0 0 0 0 0 0 0 0 0 0 0 
0 0 0 0 18 17 17 20 0 0 0 0 0 0 0 0 0 0 0 0 
0 0 0 0 13 15 17 19 16 20 18 14 0 0 0 0 0 0 0 0 
0 0 0 0 20 10 11 16 17 14 16 12 19 15 19 14 0 0 0 0 
0 0 0 0 0 0 0 0 0 0 0 0 0 0 0 0 11 11 17 13 
19 13 15 16 0 0 0 0 0 0 0 0 0 0 0 0 0 0 0 0 
0 0 0 0 14 19 18 12 14 13 19 11 14 14 16 16 0 0 0 0 
0 0 0 0 17 20 15 20 0 0 0 0 14 11 15 17 0 0 0 0 
0 0 0 0 12 12 14 16 17 17 20 20 14 17 15 16 0 0 0 0 
0 0 0 0 0 0 0 0 0 0 0 0 0 0 0 0 17 13 18 15 
16 15 16 13 0 0 0 0 0 0 0 0 0 0 0 0 0 0 0 0 
0 0 0 0 13 18 10 20 0 0 0 0 0 0 0 0 0 0 0 0 
0 0 0 0 0 0 0 0 19 19 18 13 0 0 0 0 0 0 0 0 
0 0 0 0 0 0 0 0 0 0 0 0 14 19 15 18 0 0 0 0 
0 0 0 0 0 0 0 0 0 0 0 0 0 0 0 0 12 18 14 11 
13 11 15 15 0 0 0 0 0 0 0 0 0 0 0 0 0 0 0 0 
0 0 0 0 0 0 0 0 16 13 12 19 17 17 13 20 0 0 0 0 
0 0 0 0 14 20 19 18 0 0 0 0 0 0 0 0 0 0 0 0 
0 0 0 0 15 12 12 15 17 10 11 18 16 11 16 15 0 0 0 0 
0 0 0 0 0 0 0 0 0 0 0 0 0 0 0 0 10 11 11 10 
18 16 20 10 0 0 0 0 0 0 0 0 0 0 0 0 0 0 0 0 
0 0 0 0 20 13 18 11 19 14 14 15 13 17 11 11 0 0 0 0 
0 0 0 0 14 12 16 16 11 10 13 19 15 16 11 10 0 0 0 0 
0 0 0 0 17 17 13 11 0 0 0 0 0 0 0 0 0 0 0 0 
0 0 0 0 0 0 0 0 0 0 0 0 0 0 0 0 17 15 17 20 
10 12 20 15 0 0 0 0 0 0 0 0 0 0 0 0 0 0 0 0 
0 0 0 0 17 12 19 13 17 11 11 19 14 10 11 14 0 0 0 0 
0 0 0 0 15 11 19 20 18 12 15 20 10 12 15 11 0 0 0 0 
0 0 0 0 11 19 14 18 11 12 14 16 15 20 19 17 0 0 0 0 
0 0 0 0 0 0 0 0 0 0 0 0 0 0 0 0 15 15 16 20 
10 13 13 16 0 0 0 0 0 0 0 0 0 0 0 0 0 0 0 0 
0 0 0 0 19 11 13 20 12 14 16 11 13 18 10 13 0 0 0 0 
0 0 0 0 11 10 11 13 16 14 10 19 0 0 0 0 0 0 0 0 
0 0 0 0 0 0 0 0 19 20 12 16 0 0 0 0 0 0 0 0 
0 0 0 0 0 0 0 0 0 0 0 0 0 0 0 0 13 12 13 12 
17 15 10 16 0 0 0 0 0 0 0 0 0 0 0 0 0 0 0 0 
0 0 0 0 20 11 11 19 16 19 18 16 18 16 20 11 0 0 0 0 
0 0 0 0 10 14 16 14 0 0 0 0 17 16 16 10 0 0 0 0 
0 0 0 0 0 0 0 0 0 0 0 0 18 10 14 12 0 0 0 0 
0 0 0 0 0 0 0 0 0 0 0 0 0 0 0 0 16 19 17 11 
17 14 14 17 0 0 0 0 0 0 0 0 0 0 0 0 0 0 0 0 
0 0 0 0 14 17 10 11 0 0 0 0 0 0 0 0 0 0 0 0 
0 0 0 0 0 0 0 0 0 0 0 0 10 11 20 19 0 0 0 0 
0 0 0 0 19 20 10 10 16 17 12 17 11 10 14 10 0 0 0 0 
0 0 0 0 0 0 0 0 0 0 0 0 0 0 0 0 10 12 17 18 
17 17 11 11 0 0 0 0 0 0 0 0 0 0 0 0 0 0 0 0 
0 0 0 0 0 0 0 0 0 0 0 0 19 16 14 10 0 0 0 0 
0 0 0 0 12 19 13 17 16 12 11 10 14 13 15 13 0 0 0 0 
0 0 0 0 0 0 0 0 0 0 0 0 11 15 18 12 0 0 0 0 
0 0 0 0 0 0 0 0 0 0 0 0 0 0 0 0 13 14 17 18 
15 18 16 19 0 0 0 0 0 0 0 0 0 0 0 0 0 0 0 0 
0 0 0 0 0 0 0 0 12 13 20 20 15 17 14 14 0 0 0 0 
0 0 0 0 14 17 12 18 0 0 0 0 16 11 14 19 0 0 0 0 
0 0 0 0 15 13 18 17 16 18 18 17 11 18 18 17 0 0 0 0 
0 0 0 0 0 0 0 0 0 0 0 0 0 0 0 0 15 11 10 19 
15 15 10 13 0 0 0 0 0 0 0 0 0 0 0 0 0 0 0 0 
0 0 0 0 11 12 12 17 11 18 10 18 0 0 0 0 0 0 0 0 
0 0 0 0 17 18 19 20 11 13 14 19 13 10 15 19 0 0 0 0 
0 0 0 0 10 13 11 17 19 12 10 14 16 17 19 11 0 0 0 0 
0 0 0 0 0 0 0 0 0 0 0 0 0 0 0 0 10 12 20 10 
14 15 14 14 0 0 0 0 0 0 0 0 0 0 0 0 0 0 0 0 
0 0 0 0 19 12 10 11 19 19 11 15 18 12 16 19 0 0 0 0 
0 0 0 0 16 20 13 20 10 12 15 12 15 19 18 12 0 0 0 0 
0 0 0 0 11 15 11 17 0 0 0 0 14 10 11 13 0 0 0 0 
0 0 0 0 0 0 0 0 0 0 0 0 0 0 0 0 20 11 17 19 
15 17 16 12 0 0 0 0 0 0 0 0 0 0 0 0 0 0 0 0 
0 0 0 0 0 0 0 0 0 0 0 0 20 15 15 12 0 0 0 0 
0 0 0 0 13 20 10 15 0 0 0 0 15 16 17 17 0 0 0 0 
0 0 0 0 0 0 0 0 0 0 0 0 14 20 11 16 0 0 0 0 
0 0 0 0 0 0 0 0 0 0 0 0 0 0 0 0 15 17 15 19 
20 14 11 18 0 0 0 0 0 0 0 0 0 0 0 0 0 0 0 0 
0 0 0 0 18 15 18 19 0 0 0 0 0 0 0 0 0 0 0 0 
0 0 0 0 19 20 10 16 17 20 15 10 20 10 16 11 0 0 0 0 
0 0 0 0 16 20 13 15 16 18 17 10 17 13 12 15 0 0 0 0 
0 0 0 0 0 0 0 0 0 0 0 0 0 0 0 0 13 20 14 17 
14 14 16 15 0 0 0 0 0 0 0 0 0 0 0 0 0 0 0 0 
0 0 0 0 0 0 0 0 15 14 14 18 0 0 0 0 0 0 0 0 
0 0 0 0 17 12 16 16 16 18 14 12 11 19 15 15 0 0 0 0 
0 0 0 0 11 10 12 13 14 10 19 14 12 15 16 13 0 0 0 0 
0 0 0 0 0 0 0 0 0 0 0 0 0 0 0 0 16 13 10 15 
17 19 11 17 0 0 0 0 0 0 0 0 0 0 0 0 0 0 0 0 
0 0 0 0 0 0 0 0 0 0 0 0 19 11 16 15 0 0 0 0 
0 0 0 0 0 0 0 0 0 0 0 0 15 10 10 20 0 0 0 0 
0 0 0 0 12 13 17 15 17 14 10 11 11 12 14 12 0 0 0 0 
0 0 0 0 0 0 0 0 0 0 0 0 0 0 0 0 18 10 13 10 
10 18 12 17 0 0 0 0 0 0 0 0 0 0 0 0 0 0 0 0 
0 0 0 0 19 12 17 10 0 0 0 0 19 18 13 15 0 0 0 0 
0 0 0 0 13 17 20 20 0 0 0 0 0 0 0 0 0 0 0 0 
0 0 0 0 17 13 10 12 20 13 15 10 20 13 18 12 0 0 0 0 
0 0 0 0 0 0 0 0 0 0 0 0 0 0 0 0 11 12 18 17 
12 17 16 18 0 0 0 0 0 0 0 0 0 0 0 0 0 0 0 0 
0 0 0 0 15 20 13 11 0 0 0 0 17 14 17 20 0 0 0 0 
0 0 0 0 16 14 13 17 13 12 10 19 16 11 17 11 0 0 0 0 
0 0 0 0 0 0 0 0 0 0 0 0 11 19 20 12 0 0 0 0 
0 0 0 0 0 0 0 0 0 0 0 0 0 0 0 0 19 15 11 18 
19 16 10 18 0 0 0 0 0 0 0 0 0 0 0 0 0 0 0 0 
0 0 0 0 20 18 13 10 0 0 0 0 0 0 0 0 0 0 0 0 
0 0 0 0 12 11 17 12 10 18 18 17 18 19 12 13 0 0 0 0 
0 0 0 0 20 14 11 14 16 18 10 10 0 0 0 0 0 0 0 0 
0 0 0 0 0 0 0 0 0 0 0 0 0 0 0 0 15 11 17 20 
12 20 12 10 0 0 0 0 0 0 0 0 0 0 0 0 0 0 0 0 
0 0 0 0 10 11 16 19 0 0 0 0 11 20 17 11 0 0 0 0 
0 0 0 0 0 0 0 0 17 17 12 10 0 0 0 0 0 0 0 0 
0 0 0 0 0 0 0 0 17 14 20 11 0 0 0 0 0 0 0 0 
0 0 0 0 0 0 0 0 0 0 0 0 0 0 0 0 11 16 13 15 
16 14 19 12 0 0 0 0 0 0 0 0 0 0 0 0 0 0 0 0 
0 0 0 0 13 20 15 16 17 18 20 10 12 16 18 16 0 0 0 0 
0 0 0 0 15 14 18 17 11 11 16 10 20 20 19 13 0 0 0 0 
0 0 0 0 17 14 18 18 0 0 0 0 0 0 0 0 0 0 0 0 
0 0 0 0 0 0 0 0 0 0 0 0 0 0 0 0 16 17 19 13 
19 10 18 17 0 0 0 0 0 0 0 0 0 0 0 0 0 0 0 0 
0 0 0 0 17 20 10 16 13 17 20 17 0 0 0 0 0 0 0 0 
0 0 0 0 13 11 16 14 0 0 0 0 15 18 16 17 0 0 0 0 
0 0 0 0 0 0 0 0 0 0 0 0 17 13 14 14 0 0 0 0 
0 0 0 0 0 0 0 0 0 0 0 0 0 0 0 0 13 13 18 15 
16 17 19 10 0 0 0 0 0 0 0 0 0 0 0 0 0 0 0 0 
0 0 0 0 0 0 0 0 0 0 0 0 14 17 12 15 0 0 0 0 
0 0 0 0 12 15 11 20 0 0 0 0 11 14 12 10 0 0 0 0 
0 0 0 0 12 17 13 14 16 15 19 15 15 18 19 14 0 0 0 0 
0 0 0 0 0 0 0 0 0 0 0 0 0 0 0 0 10 16 13 16 
19 17 17 13 0 0 0 0 0 0 0 0 0 0 0 0 0 0 0 0 
0 0 0 0 14 13 14 15 12 12 17 19 15 20 10 12 0 0 0 0 
0 0 0 0 20 11 12 19 17 18 15 11 16 19 20 14 0 0 0 0 
0 0 0 0 20 14 11 14 20 10 17 13 0 0 0 0 0 0 0 0 
0 0 0 0 0 0 0 0 0 0 0 0 0 0 0 0 20 14 13 15 
11 14 18 10 0 0 0 0 0 0 0 0 0 0 0 0 0 0 0 0 
0 0 0 0 0 0 0 0 0 0 0 0 11 18 12 16 0 0 0 0 
0 0 0 0 0 0 0 0 12 17 11 12 11 19 12 18 0 0 0 0 
0 0 0 0 18 20 16 10 16 14 20 11 0 0 0 0 0 0 0 0 
0 0 0 0 0 0 0 0 0 0 0 0 0 0 0 0 17 17 14 19 
11 19 18 19 0 0 0 0 0 0 0 0 0 0 0 0 0 0 0 0 
0 0 0 0 0 0 0 0 0 0 0 0 10 16 19 10 0 0 0 0 
0 0 0 0 16 12 18 17 12 18 14 10 17 14 17 16 0 0 0 0 
0 0 0 0 14 19 11 17 12 13 19 18 17 10 16 20 0 0 0 0 
0 0 0 0 0 0 0 0 0 0 0 0 0 0 0 0 19 16 19 13 
18 20 16 20 0 0 0 0 0 0 0 0 0 0 0 0 0 0 0 0 
0 0 0 0 16 20 20 11 15 12 16 19 17 19 17 10 0 0 0 0 
0 0 0 0 19 12 11 13 14 17 10 14 16 13 15 18 0 0 0 0 
0 0 0 0 16 19 12 14 0 0 0 0 12 20 10 18 0 0 0 0 
0 0 0 0 0 0 0 0 0 0 0 0 0 0 0 0 12 13 18 18 
13 11 11 18 0 0 0 0 0 0 0 0 0 0 0 0 0 0 0 0 
0 0 0 0 0 0 0 0 0 0 0 0 15 17 18 13 0 0 0 0 
0 0 0 0 15 14 12 18 18 19 14 11 19 11 18 12 0 0 0 0 
0 0 0 0 0 0 0 0 0 0 0 0 17 15 15 19 0 0 0 0 
0 0 0 0 0 0 0 0 0 0 0 0 0 0 0 0 19 18 18 11 
10 14 19 11 0 0 0 0 0 0 0 0 0 0 0 0 0 0 0 0 
0 0 0 0 12 19 18 13 13 20 11 13 18 12 13 11 0 0 0 0 
0 0 0 0 0 0 0 0 20 14 16 15 16 15 18 12 0 0 0 0 
0 0 0 0 0 0 0 0 11 18 17 18 11 12 17 20 0 0 0 0 
0 0 0 0 0 0 0 0 0 0 0 0 0 0 0 0 11 13 13 13 
11 19 13 12 0 0 0 0 0 0 0 0 0 0 0 0 0 0 0 0 
0 0 0 0 14 13 20 12 20 20 13 19 13 13 18 10 0 0 0 0 
0 0 0 0 17 19 12 11 11 12 11 13 0 0 0 0 0 0 0 0 
0 0 0 0 15 17 11 13 14 20 13 17 19 14 16 17 0 0 0 0 
0 0 0 0 0 0 0 0 0 0 0 0 0 0 0 0 12 14 18 12 
18 17 10 16 0 0 0 0 0 0 0 0 0 0 0 0 0 0 0 0 
0 0 0 0 19 10 20 19 10 13 14 13 0 0 0 0 0 0 0 0 
0 0 0 0 17 11 20 12 15 13 15 16 17 11 13 12 0 0 0 0 
0 0 0 0 0 0 0 0 14 19 16 18 11 14 12 19 0 0 0 0 
0 0 0 0 0 0 0 0 0 0 0 0 0 0 0 0 16 17 14 16 
10 20 17 17 0 0 0 0 0 0 0 0 0 0 0 0 0 0 0 0 
0 0 0 0 0 0 0 0 14 18 10 19 0 0 0 0 0 0 0 0 
0 0 0 0 0 0 0 0 0 0 0 0 15 16 20 13 0 0 0 0 
0 0 0 0 0 0 0 0 0 0 0 0 16 19 12 10 0 0 0 0 
0 0 0 0 0 0 0 0 0 0 0 0 0 0 0 0 17 13 10 17 
15 12 18 11 0 0 0 0 0 0 0 0 0 0 0 0 0 0 0 0 
0 0 0 0 0 0 0 0 14 11 17 10 0 0 0 0 0 0 0 0 
0 0 0 0 0 0 0 0 17 14 14 10 10 13 13 13 0 0 0 0 
0 0 0 0 16 19 20 19 19 15 20 15 10 20 20 16 0 0 0 0 
0 0 0 0 0 0 0 0 0 0 0 0 0 0 0 0 14 17 11 12 
10 11 20 19 0 0 0 0 0 0 0 0 0 0 0 0 0 0 0 0 
0 0 0 0 11 18 11 16 0 0 0 0 0 0 0 0 0 0 0 0 
0 0 0 0 0 0 0 0 20 17 16 19 15 14 14 15 0 0 0 0 
0 0 0 0 0 0 0 0 15 15 11 14 16 10 15 12 0 0 0 0 
0 0 0 0 0 0 0 0 0 0 0 0 0 0 0 0 16 11 18 13 
19 13 19 19 0 0 0 0 0 0 0 0 0 0 0 0 0 0 0 0 
0 0 0 0 0 0 0 0 20 13 11 13 14 18 13 13 0 0 0 0 
0 0 0 0 20 12 19 19 10 16 16 19 0 0 0 0 0 0 0 0 
0 0 0 0 10 18 14 10 0 0 0 0 0 0 0 0 0 0 0 0 
0 0 0 0 0 0 0 0 0 0 0 0 0 0 0 0 14 14 11 13 
10 17 10 17 0 0 0 0 0 0 0 0 0 0 0 0 0 0 0 0 
0 0 0 0 0 0 0 0 0 0 0 0 19 19 16 16 0 0 0 0 
0 0 0 0 11 11 16 14 16 17 19 20 0 0 0 0 0 0 0 0 
0 0 0 0 15 18 17 13 16 12 14 18 0 0 0 0 0 0 0 0 
0 0 0 0 0 0 0 0 0 0 0 0 0 0 0 0 18 20 18 12 
18 10 20 17 0 0 0 0 0 0 0 0 0 0 0 0 0 0 0 0 
0 0 0 0 16 14 13 13 14 19 14 16 0 0 0 0 0 0 0 0 
0 0 0 0 16 11 17 18 13 15 17 20 0 0 0 0 0 0 0 0 
0 0 0 0 15 18 14 14 0 0 0 0 14 14 18 13 0 0 0 0 
0 0 0 0 0 0 0 0 0 0 0 0 0 0 0 0 16 15 19 17 
10 20 19 15 0 0 0 0 0 0 0 0 0 0 0 0 0 0 0 0 
0 0 0 0 11 15 14 17 12 11 20 11 19 20 20 18 0 0 0 0 
0 0 0 0 11 11 17 11 15 17 18 10 13 19 18 14 0 0 0 0 
0 0 0 0 16 19 20 15 19 14 18 16 15 17 15 15 0 0 0 0 
0 0 0 0 0 0 0 0 0 0 0 0 0 0 0 0 19 13 18 11 
17 11 18 17 0 0 0 0 0 0 0 0 0 0 0 0 0 0 0 0 
0 0 0 0 0 0 0 0 0 0 0 0 12 11 11 19 0 0 0 0 
0 0 0 0 18 17 17 10 17 11 13 11 0 0 0 0 0 0 0 0 
0 0 0 0 0 0 0 0 0 0 0 0 11 14 11 13 0 0 0 0 
0 0 0 0 0 0 0 0 0 0 0 0 0 0 0 0 15 11 11 16 
16 18 13 16 0 0 0 0 0 0 0 0 0 0 0 0 0 0 0 0 
0 0 0 0 17 10 16 18 13 11 18 15 0 0 0 0 0 0 0 0 
0 0 0 0 0 0 0 0 13 20 16 17 0 0 0 0 0 0 0 0 
0 0 0 0 12 17 14 20 15 10 11 17 13 12 18 20 0 0 0 0 
0 0 0 0 0 0 0 0 0 0 0 0 0 0 0 0 15 12 13 15 
15 11 15 11 0 0 0 0 0 0 0 0 0 0 0 0 0 0 0 0 
0 0 0 0 18 11 11 10 15 19 19 19 13 12 11 18 0 0 0 0 
0 0 0 0 12 17 11 17 16 19 13 17 15 16 20 12 0 0 0 0 
0 0 0 0 0 0 0 0 19 20 10 15 0 0 0 0 0 0 0 0 
0 0 0 0 0 0 0 0 0 0 0 0 0 0 0 0 19 18 14 19 
15 10 12 11 0 0 0 0 0 0 0 0 0 0 0 0 0 0 0 0 
0 0 0 0 18 20 12 17 0 0 0 0 0 0 0 0 0 0 0 0 
0 0 0 0 11 13 12 15 0 0 0 0 16 17 18 20 0 0 0 0 
0 0 0 0 14 12 18 12 0 0 0 0 0 0 0 0 0 0 0 0 
0 0 0 0 0 0 0 0 0 0 0 0 0 0 0 0 14 17 18 10 
10 13 16 12 0 0 0 0 0 0 0 0 0 0 0 0 0 0 0 0 
0 0 0 0 0 0 0 0 14 20 10 12 0 0 0 0 0 0 0 0 
0 0 0 0 17 15 20 10 13 16 12 11 11 19 16 15 0 0 0 0 
0 0 0 0 0 0 0 0 16 19 14 15 0 0 0 0 0 0 0 0 
0 0 0 0 0 0 0 0 0 0 0 0 0 0 0 0 14 20 18 13 
16 20 14 17 0 0 0 0 0 0 0 0 0 0 0 0 0 0 0 0 
0 0 0 0 14 20 20 12 14 12 12 12 0 0 0 0 0 0 0 0 
0 0 0 0 0 0 0 0 15 17 14 11 0 0 0 0 0 0 0 0 
0 0 0 0 11 19 12 18 0 0 0 0 19 15 13 19 0 0 0 0 
0 0 0 0 0 0 0 0 0 0 0 0 0 0 0 0 20 10 17 13 
17 17 11 14 0 0 0 0 0 0 0 0 0 0 0 0 0 0 0 0 
0 0 0 0 13 18 16 17 15 14 11 18 0 0 0 0 0 0 0 0 
0 0 0 0 14 14 16 11 20 16 11 14 13 20 13 13 0 0 0 0 
0 0 0 0 14 12 11 18 15 18 11 18 15 15 18 10 0 0 0 0 
0 0 0 0 0 0 0 0 0 0 0 0 0 0 0 0 15 10 18 16 
20 13 17 14 0 0 0 0 0 0 0 0 0 0 0 0 0 0 0 0 
0 0 0 0 17 13 20 14 0 0 0 0 0 0 0 0 0 0 0 0 
0 0 0 0 12 16 14 16 0 0 0 0 19 18 11 15 0 0 0 0 
0 0 0 0 11 12 12 11 13 18 16 18 15 15 18 13 0 0 0 0 
0 0 0 0 0 0 0 0 0 0 0 0 0 0 0 0 10 13 19 12 
16 16 14 15 0 0 0 0 0 0 0 0 0 0 0 0 0 0 0 0 
0 0 0 0 14 11 18 10 0 0 0 0 17 13 12 15 0 0 0 0 
0 0 0 0 11 10 17 18 16 10 12 18 17 17 20 19 0 0 0 0 
0 0 0 0 13 13 13 18 10 19 20 19 0 0 0 0 0 0 0 0 
0 0 0 0 0 0 0 0 0 0 0 0 0 0 0 0 13 11 12 16 
11 14 20 12 0 0 0 0 0 0 0 0 0 0 0 0 0 0 0 0 
0 0 0 0 15 15 13 14 18 15 16 10 13 19 18 17 0 0 0 0 
0 0 0 0 17 12 18 11 19 14 18 12 18 20 18 13 0 0 0 0 
0 0 0 0 0 0 0 0 13 19 20 14 0 0 0 0 0 0 0 0 
0 0 0 0 0 0 0 0 0 0 0 0 0 0 0 0 12 18 11 18 
20 15 18 20 0 0 0 0 0 0 0 0 0 0 0 0 0 0 0 0 
0 0 0 0 0 0 0 0 17 16 19 19 15 12 14 10 0 0 0 0 
0 0 0 0 0 0 0 0 11 10 14 10 16 19 20 18 0 0 0 0 
0 0 0 0 18 18 13 17 15 19 12 19 20 12 15 10 0 0 0 0 
0 0 0 0 0 0 0 0 0 0 0 0 0 0 0 0 18 17 12 16 
10 20 16 20 0 0 0 0 0 0 0 0 0 0 0 0 0 0 0 0 
0 0 0 0 0 0 0 0 0 0 0 0 20 15 20 20 0 0 0 0 
0 0 0 0 20 15 15 17 15 17 13 13 13 19 10 17 0 0 0 0 
0 0 0 0 0 0 0 0 19 19 14 12 0 0 0 0 0 0 0 0 
0 0 0 0 0 0 0 0 0 0 0 0 0 0 0 0 12 16 18 20 
18 11 20 18 0 0 0 0 0 0 0 0 0 0 0 0 0 0 0 0 
0 0 0 0 16 10 12 18 10 15 15 12 11 14 11 11 0 0 0 0 
0 0 0 0 13 18 12 16 0 0 0 0 0 0 0 0 0 0 0 0 
0 0 0 0 15 11 15 16 19 11 17 10 20 13 19 12 0 0 0 0 
0 0 0 0 0 0 0 0 0 0 0 0 0 0 0 0 16 10 16 13 
16 14 17 18 0 0 0 0 0 0 0 0 0 0 0 0 0 0 0 0 
0 0 0 0 11 20 19 10 0 0 0 0 0 0 0 0 0 0 0 0 
0 0 0 0 14 10 17 12 12 18 11 20 0 0 0 0 0 0 0 0 
0 0 0 0 0 0 0 0 11 11 20 19 0 0 0 0 0 0 0 0 
0 0 0 0 0 0 0 0 0 0 0 0 0 0 0 0 11 19 18 20 
10 19 19 14 0 0 0 0 0 0 0 0 0 0 0 0 0 0 0 0 
0 0 0 0 16 11 15 14 0 0 0 0 0 0 0 0 0 0 0 0 
0 0 0 0 0 0 0 0 0 0 0 0 10 10 13 20 0 0 0 0 
0 0 0 0 17 17 11 11 0 0 0 0 0 0 0 0 0 0 0 0 
0 0 0 0 0 0 0 0 0 0 0 0 0 0 0 0 18 12 18 20 
17 18 15 14 0 0 0 0 0 0 0 0 0 0 0 0 0 0 0 0 
0 0 0 0 0 0 0 0 20 19 19 19 0 0 0 0 0 0 0 0 
0 0 0 0 20 19 16 18 0 0 0 0 0 0 0 0 0 0 0 0 
0 0 0 0 13 12 16 11 13 19 19 15 20 11 17 17 0 0 0 0 
0 0 0 0 0 0 0 0 0 0 0 0 0 0 0 0 14 10 11 18 
13 12 15 13 0 0 0 0 0 0 0 0 0 0 0 0 0 0 0 0 
0 0 0 0 0 0 0 0 14 12 15 17 0 0 0 0 0 0 0 0 
0 0 0 0 20 19 10 19 17 11 20 12 20 15 15 14 0 0 0 0 
0 0 0 0 12 16 11 17 20 10 12 19 12 17 12 16 0 0 0 0 
0 0 0 0 0 0 0 0 0 0 0 0 0 0 0 0 14 11 20 17 
17 20 18 18 0 0 0 0 0 0 0 0 0 0 0 0 0 0 0 0 
0 0 0 0 13 17 17 18 0 0 0 0 0 0 0 0 0 0 0 0 
0 0 0 0 10 14 10 13 14 16 17 20 16 20 16 19 0 0 0 0 
0 0 0 0 12 11 16 11 0 0 0 0 0 0 0 0 0 0 0 0 
0 0 0 0 0 0 0 0 0 0 0 0 0 0 0 0 16 19 20 16 
18 16 18 16 0 0 0 0 0 0 0 0 0 0 0 0 0 0 0 0 
0 0 0 0 0 0 0 0 0 0 0 0 12 19 12 15 0 0 0 0 
0 0 0 0 0 0 0 0 11 16 14 20 0 0 0 0 0 0 0 0 
0 0 0 0 14 20 20 15 0 0 0 0 14 18 19 16 0 0 0 0 
0 0 0 0 0 0 0 0 0 0 0 0 0 0 0 0 12 11 10 19
---------------------
 
Distance between cells
Rows and Columns: correspond to cell number
0 372 433 325 122 459 362 
372 0 335 355 457 260 132 
433 335 0 380 148 281 344 
325 355 380 0 162 346 449 
122 457 148 162 0 333 321 
459 260 281 346 333 0 237 
362 132 344 449 321 237 0
---------------------
 
Distribution of machines in cells   (1 -- if machine m is distributed in cell u;0 -- else) 
Rows: correspond to cell number; Columns: correspond to machine number
0 0 0 1 0 0 0 0 0 0 0 0 0 1 0 0 0 0 0 0 
0 1 0 0 0 0 0 0 0 0 0 0 0 0 1 0 1 0 0 0 
0 0 0 0 0 1 1 0 1 0 0 0 0 0 0 0 0 0 1 0 
1 0 0 0 0 0 0 0 0 0 0 1 0 0 0 0 0 0 0 1 
0 0 0 0 0 0 0 1 0 0 1 0 1 0 0 0 0 0 0 0 
0 0 1 0 0 0 0 0 0 1 0 0 0 0 0 0 0 1 0 0 
0 0 0 0 1 0 0 0 0 0 0 0 0 0 0 1 0 0 0 0
---------------------
 
