Adaption from Behnke18

Number of operations for each part
5 5 5 5 5 5 5 5 5 5 5 5 5 5 5 5 5 5 5 5 5 5 5 5 5 5 5 5 5 5 5 5 5 5 5 5 5 5 5 5 5 5 5 5 5 5 5 5 5 5 5 5 5 5 5 5 5 5 5 5 5 5 5 5 5 5 5 5 5 5 5 5 5 5 5 5 5 5 5 5 5 5 5 5 5 5 5 5 5 5 5 5 5 5 5 5 5 5 5 5
---------------------
 
Processing time   (0 -- non-optional machine)
Rows: sequential for each operation of each part; Columns: correspond to machine number
23 23 25 30 0 0 0 0 0 0 0 0 0 0 0 0 0 0 0 0 
0 0 0 0 0 0 0 0 0 0 0 0 10 17 22 30 0 0 0 0 
0 0 0 0 11 28 12 20 12 23 28 10 15 12 25 23 0 0 0 0 
0 0 0 0 15 23 29 14 18 21 16 29 22 29 10 25 0 0 0 0 
0 0 0 0 0 0 0 0 0 0 0 0 0 0 0 0 18 10 17 23 
24 29 17 29 0 0 0 0 0 0 0 0 0 0 0 0 0 0 0 0 
0 0 0 0 16 30 19 19 17 22 24 25 23 15 11 28 0 0 0 0 
0 0 0 0 17 18 18 12 30 28 20 19 12 24 11 28 0 0 0 0 
0 0 0 0 23 22 10 10 12 11 26 26 30 24 30 28 0 0 0 0 
0 0 0 0 0 0 0 0 0 0 0 0 0 0 0 0 29 19 23 24 
14 30 19 19 0 0 0 0 0 0 0 0 0 0 0 0 0 0 0 0 
0 0 0 0 14 20 13 27 0 0 0 0 0 0 0 0 0 0 0 0 
0 0 0 0 20 26 10 17 20 15 19 23 0 0 0 0 0 0 0 0 
0 0 0 0 0 0 0 0 28 14 30 11 0 0 0 0 0 0 0 0 
0 0 0 0 0 0 0 0 0 0 0 0 0 0 0 0 20 11 13 25 
12 20 26 30 0 0 0 0 0 0 0 0 0 0 0 0 0 0 0 0 
0 0 0 0 24 24 28 14 16 20 30 23 11 18 23 21 0 0 0 0 
0 0 0 0 0 0 0 0 12 28 30 25 0 0 0 0 0 0 0 0 
0 0 0 0 21 14 16 13 0 0 0 0 10 20 14 16 0 0 0 0 
0 0 0 0 0 0 0 0 0 0 0 0 0 0 0 0 26 30 11 15 
24 25 25 26 0 0 0 0 0 0 0 0 0 0 0 0 0 0 0 0 
0 0 0 0 27 29 13 24 0 0 0 0 11 23 20 28 0 0 0 0 
0 0 0 0 30 22 11 23 0 0 0 0 0 0 0 0 0 0 0 0 
0 0 0 0 16 23 16 19 17 21 16 11 0 0 0 0 0 0 0 0 
0 0 0 0 0 0 0 0 0 0 0 0 0 0 0 0 28 24 24 21 
29 20 11 13 0 0 0 0 0 0 0 0 0 0 0 0 0 0 0 0 
0 0 0 0 13 25 29 24 22 18 21 29 27 20 10 12 0 0 0 0 
0 0 0 0 21 19 29 19 29 19 12 24 21 22 13 18 0 0 0 0 
0 0 0 0 17 16 17 27 28 15 19 11 12 30 17 27 0 0 0 0 
0 0 0 0 0 0 0 0 0 0 0 0 0 0 0 0 25 19 23 15 
17 24 21 23 0 0 0 0 0 0 0 0 0 0 0 0 0 0 0 0 
0 0 0 0 0 0 0 0 0 0 0 0 16 21 26 17 0 0 0 0 
0 0 0 0 18 14 13 24 0 0 0 0 0 0 0 0 0 0 0 0 
0 0 0 0 23 22 14 27 11 28 27 11 0 0 0 0 0 0 0 0 
0 0 0 0 0 0 0 0 0 0 0 0 0 0 0 0 27 22 20 18 
11 29 14 10 0 0 0 0 0 0 0 0 0 0 0 0 0 0 0 0 
0 0 0 0 29 27 10 24 0 0 0 0 24 10 11 27 0 0 0 0 
0 0 0 0 0 0 0 0 0 0 0 0 11 13 18 15 0 0 0 0 
0 0 0 0 27 20 10 26 27 16 30 24 0 0 0 0 0 0 0 0 
0 0 0 0 0 0 0 0 0 0 0 0 0 0 0 0 30 15 14 19 
27 24 19 12 0 0 0 0 0 0 0 0 0 0 0 0 0 0 0 0 
0 0 0 0 0 0 0 0 30 12 25 23 0 0 0 0 0 0 0 0 
0 0 0 0 0 0 0 0 17 23 30 27 0 0 0 0 0 0 0 0 
0 0 0 0 0 0 0 0 16 18 29 17 0 0 0 0 0 0 0 0 
0 0 0 0 0 0 0 0 0 0 0 0 0 0 0 0 22 22 15 18 
20 29 28 10 0 0 0 0 0 0 0 0 0 0 0 0 0 0 0 0 
0 0 0 0 0 0 0 0 10 23 25 30 0 0 0 0 0 0 0 0 
0 0 0 0 0 0 0 0 15 27 20 13 0 0 0 0 0 0 0 0 
0 0 0 0 15 12 24 15 11 30 26 24 24 22 13 22 0 0 0 0 
0 0 0 0 0 0 0 0 0 0 0 0 0 0 0 0 24 15 18 15 
26 23 21 24 0 0 0 0 0 0 0 0 0 0 0 0 0 0 0 0 
0 0 0 0 29 11 13 11 10 26 16 15 10 14 30 19 0 0 0 0 
0 0 0 0 0 0 0 0 0 0 0 0 26 16 10 19 0 0 0 0 
0 0 0 0 16 29 21 13 25 26 21 15 16 18 17 19 0 0 0 0 
0 0 0 0 0 0 0 0 0 0 0 0 0 0 0 0 29 22 13 28 
25 23 14 11 0 0 0 0 0 0 0 0 0 0 0 0 0 0 0 0 
0 0 0 0 0 0 0 0 0 0 0 0 19 16 19 20 0 0 0 0 
0 0 0 0 0 0 0 0 15 29 10 19 11 10 16 10 0 0 0 0 
0 0 0 0 0 0 0 0 26 22 11 19 0 0 0 0 0 0 0 0 
0 0 0 0 0 0 0 0 0 0 0 0 0 0 0 0 29 16 26 14 
28 28 26 23 0 0 0 0 0 0 0 0 0 0 0 0 0 0 0 0 
0 0 0 0 0 0 0 0 0 0 0 0 24 12 13 26 0 0 0 0 
0 0 0 0 19 13 23 25 12 14 18 21 28 24 13 19 0 0 0 0 
0 0 0 0 19 17 23 24 30 11 18 19 0 0 0 0 0 0 0 0 
0 0 0 0 0 0 0 0 0 0 0 0 0 0 0 0 19 25 28 12 
19 19 16 26 0 0 0 0 0 0 0 0 0 0 0 0 0 0 0 0 
0 0 0 0 19 24 26 18 0 0 0 0 0 0 0 0 0 0 0 0 
0 0 0 0 0 0 0 0 18 27 11 17 12 27 10 23 0 0 0 0 
0 0 0 0 12 28 19 21 27 20 20 20 14 29 23 26 0 0 0 0 
0 0 0 0 0 0 0 0 0 0 0 0 0 0 0 0 18 21 27 18 
11 10 28 10 0 0 0 0 0 0 0 0 0 0 0 0 0 0 0 0 
0 0 0 0 18 13 17 30 21 28 10 29 13 24 11 28 0 0 0 0 
0 0 0 0 0 0 0 0 12 16 24 21 27 28 27 24 0 0 0 0 
0 0 0 0 21 23 17 23 0 0 0 0 0 0 0 0 0 0 0 0 
0 0 0 0 0 0 0 0 0 0 0 0 0 0 0 0 16 11 14 29 
18 30 17 24 0 0 0 0 0 0 0 0 0 0 0 0 0 0 0 0 
0 0 0 0 29 21 24 19 13 25 27 15 0 0 0 0 0 0 0 0 
0 0 0 0 21 11 15 30 0 0 0 0 0 0 0 0 0 0 0 0 
0 0 0 0 0 0 0 0 0 0 0 0 11 15 17 14 0 0 0 0 
0 0 0 0 0 0 0 0 0 0 0 0 0 0 0 0 26 29 22 26 
23 29 17 14 0 0 0 0 0 0 0 0 0 0 0 0 0 0 0 0 
0 0 0 0 0 0 0 0 27 13 14 13 18 14 16 20 0 0 0 0 
0 0 0 0 0 0 0 0 0 0 0 0 19 21 26 15 0 0 0 0 
0 0 0 0 16 16 14 14 0 0 0 0 0 0 0 0 0 0 0 0 
0 0 0 0 0 0 0 0 0 0 0 0 0 0 0 0 19 30 25 21 
17 20 12 30 0 0 0 0 0 0 0 0 0 0 0 0 0 0 0 0 
0 0 0 0 0 0 0 0 30 16 22 10 13 23 18 22 0 0 0 0 
0 0 0 0 15 22 27 11 0 0 0 0 15 30 22 29 0 0 0 0 
0 0 0 0 16 13 17 14 15 21 29 22 0 0 0 0 0 0 0 0 
0 0 0 0 0 0 0 0 0 0 0 0 0 0 0 0 13 24 24 17 
27 24 22 30 0 0 0 0 0 0 0 0 0 0 0 0 0 0 0 0 
0 0 0 0 0 0 0 0 20 22 10 11 12 17 19 10 0 0 0 0 
0 0 0 0 29 25 21 25 16 17 14 10 0 0 0 0 0 0 0 0 
0 0 0 0 27 10 20 10 10 24 21 18 0 0 0 0 0 0 0 0 
0 0 0 0 0 0 0 0 0 0 0 0 0 0 0 0 27 11 24 24 
10 30 14 24 0 0 0 0 0 0 0 0 0 0 0 0 0 0 0 0 
0 0 0 0 19 16 24 29 27 23 23 21 21 19 18 28 0 0 0 0 
0 0 0 0 26 19 10 27 23 18 24 24 10 11 26 16 0 0 0 0 
0 0 0 0 10 25 10 16 20 20 25 19 0 0 0 0 0 0 0 0 
0 0 0 0 0 0 0 0 0 0 0 0 0 0 0 0 22 26 17 23 
21 15 29 30 0 0 0 0 0 0 0 0 0 0 0 0 0 0 0 0 
0 0 0 0 12 28 29 12 10 22 28 17 0 0 0 0 0 0 0 0 
0 0 0 0 29 27 30 11 0 0 0 0 25 28 11 27 0 0 0 0 
0 0 0 0 20 25 15 24 0 0 0 0 18 22 21 16 0 0 0 0 
0 0 0 0 0 0 0 0 0 0 0 0 0 0 0 0 26 30 13 20 
19 12 28 23 0 0 0 0 0 0 0 0 0 0 0 0 0 0 0 0 
0 0 0 0 11 25 27 15 19 20 17 26 24 25 21 20 0 0 0 0 
0 0 0 0 0 0 0 0 15 25 26 27 29 11 18 28 0 0 0 0 
0 0 0 0 0 0 0 0 0 0 0 0 27 20 28 27 0 0 0 0 
0 0 0 0 0 0 0 0 0 0 0 0 0 0 0 0 25 16 14 28 
19 19 27 16 0 0 0 0 0 0 0 0 0 0 0 0 0 0 0 0 
0 0 0 0 19 21 25 24 0 0 0 0 14 13 17 19 0 0 0 0 
0 0 0 0 19 17 29 16 0 0 0 0 15 22 29 10 0 0 0 0 
0 0 0 0 22 15 11 12 30 22 22 27 28 16 18 28 0 0 0 0 
0 0 0 0 0 0 0 0 0 0 0 0 0 0 0 0 23 26 29 11 
11 13 15 19 0 0 0 0 0 0 0 0 0 0 0 0 0 0 0 0 
0 0 0 0 0 0 0 0 14 25 12 27 0 0 0 0 0 0 0 0 
0 0 0 0 28 22 13 28 23 11 30 15 12 30 23 20 0 0 0 0 
0 0 0 0 18 12 23 13 0 0 0 0 0 0 0 0 0 0 0 0 
0 0 0 0 0 0 0 0 0 0 0 0 0 0 0 0 10 12 27 10 
28 24 26 16 0 0 0 0 0 0 0 0 0 0 0 0 0 0 0 0 
0 0 0 0 25 21 12 19 15 25 27 11 15 23 21 26 0 0 0 0 
0 0 0 0 18 11 10 24 19 15 14 22 16 13 11 11 0 0 0 0 
0 0 0 0 15 23 10 12 17 17 25 10 25 13 20 21 0 0 0 0 
0 0 0 0 0 0 0 0 0 0 0 0 0 0 0 0 18 20 24 12 
13 11 18 28 0 0 0 0 0 0 0 0 0 0 0 0 0 0 0 0 
0 0 0 0 20 28 20 21 0 0 0 0 0 0 0 0 0 0 0 0 
0 0 0 0 0 0 0 0 0 0 0 0 29 28 22 17 0 0 0 0 
0 0 0 0 30 30 16 26 0 0 0 0 30 24 18 13 0 0 0 0 
0 0 0 0 0 0 0 0 0 0 0 0 0 0 0 0 23 14 15 12 
17 13 15 14 0 0 0 0 0 0 0 0 0 0 0 0 0 0 0 0 
0 0 0 0 14 13 10 18 26 16 28 29 14 22 11 13 0 0 0 0 
0 0 0 0 0 0 0 0 0 0 0 0 20 24 27 12 0 0 0 0 
0 0 0 0 0 0 0 0 27 18 24 16 0 0 0 0 0 0 0 0 
0 0 0 0 0 0 0 0 0 0 0 0 0 0 0 0 10 29 14 21 
13 23 13 19 0 0 0 0 0 0 0 0 0 0 0 0 0 0 0 0 
0 0 0 0 11 28 21 24 10 27 13 12 16 17 25 18 0 0 0 0 
0 0 0 0 28 12 22 29 25 20 10 17 18 17 20 25 0 0 0 0 
0 0 0 0 16 25 26 28 22 17 23 22 0 0 0 0 0 0 0 0 
0 0 0 0 0 0 0 0 0 0 0 0 0 0 0 0 25 26 28 14 
19 20 22 21 0 0 0 0 0 0 0 0 0 0 0 0 0 0 0 0 
0 0 0 0 10 17 25 14 30 13 10 23 29 30 23 29 0 0 0 0 
0 0 0 0 13 14 22 25 17 21 19 10 17 22 22 10 0 0 0 0 
0 0 0 0 0 0 0 0 0 0 0 0 15 22 13 27 0 0 0 0 
0 0 0 0 0 0 0 0 0 0 0 0 0 0 0 0 22 24 10 30 
18 26 30 11 0 0 0 0 0 0 0 0 0 0 0 0 0 0 0 0 
0 0 0 0 0 0 0 0 13 26 26 26 0 0 0 0 0 0 0 0 
0 0 0 0 25 30 27 28 11 11 28 11 14 17 12 17 0 0 0 0 
0 0 0 0 0 0 0 0 19 25 16 21 15 10 23 15 0 0 0 0 
0 0 0 0 0 0 0 0 0 0 0 0 0 0 0 0 15 19 28 18 
15 20 12 14 0 0 0 0 0 0 0 0 0 0 0 0 0 0 0 0 
0 0 0 0 0 0 0 0 25 18 23 16 0 0 0 0 0 0 0 0 
0 0 0 0 0 0 0 0 0 0 0 0 12 14 17 23 0 0 0 0 
0 0 0 0 0 0 0 0 0 0 0 0 18 29 14 10 0 0 0 0 
0 0 0 0 0 0 0 0 0 0 0 0 0 0 0 0 10 12 22 16 
30 17 14 28 0 0 0 0 0 0 0 0 0 0 0 0 0 0 0 0 
0 0 0 0 0 0 0 0 17 30 22 13 0 0 0 0 0 0 0 0 
0 0 0 0 0 0 0 0 0 0 0 0 25 27 13 29 0 0 0 0 
0 0 0 0 0 0 0 0 12 25 13 28 0 0 0 0 0 0 0 0 
0 0 0 0 0 0 0 0 0 0 0 0 0 0 0 0 25 19 14 18 
23 23 29 18 0 0 0 0 0 0 0 0 0 0 0 0 0 0 0 0 
0 0 0 0 23 22 19 19 14 25 16 25 11 17 27 14 0 0 0 0 
0 0 0 0 15 23 18 19 28 10 18 29 22 20 28 27 0 0 0 0 
0 0 0 0 13 18 16 23 22 16 27 27 27 29 24 16 0 0 0 0 
0 0 0 0 0 0 0 0 0 0 0 0 0 0 0 0 10 30 25 13 
15 29 10 15 0 0 0 0 0 0 0 0 0 0 0 0 0 0 0 0 
0 0 0 0 17 30 18 24 0 0 0 0 13 10 17 21 0 0 0 0 
0 0 0 0 20 10 11 28 14 12 13 24 16 29 29 28 0 0 0 0 
0 0 0 0 0 0 0 0 0 0 0 0 27 10 21 23 0 0 0 0 
0 0 0 0 0 0 0 0 0 0 0 0 0 0 0 0 27 29 26 29 
25 23 11 20 0 0 0 0 0 0 0 0 0 0 0 0 0 0 0 0 
0 0 0 0 16 25 30 12 17 25 16 27 22 17 27 23 0 0 0 0 
0 0 0 0 0 0 0 0 18 29 21 17 14 19 12 11 0 0 0 0 
0 0 0 0 15 10 29 27 28 30 28 22 22 10 19 15 0 0 0 0 
0 0 0 0 0 0 0 0 0 0 0 0 0 0 0 0 24 10 29 23 
23 19 12 27 0 0 0 0 0 0 0 0 0 0 0 0 0 0 0 0 
0 0 0 0 26 15 26 24 23 28 28 29 23 18 14 26 0 0 0 0 
0 0 0 0 0 0 0 0 0 0 0 0 30 21 22 11 0 0 0 0 
0 0 0 0 14 13 26 15 22 27 23 25 10 16 15 28 0 0 0 0 
0 0 0 0 0 0 0 0 0 0 0 0 0 0 0 0 20 14 10 23 
21 11 10 14 0 0 0 0 0 0 0 0 0 0 0 0 0 0 0 0 
0 0 0 0 13 20 24 18 27 17 10 16 19 25 20 14 0 0 0 0 
0 0 0 0 0 0 0 0 19 17 28 23 29 27 26 11 0 0 0 0 
0 0 0 0 0 0 0 0 22 22 15 29 0 0 0 0 0 0 0 0 
0 0 0 0 0 0 0 0 0 0 0 0 0 0 0 0 29 25 26 29 
24 28 12 28 0 0 0 0 0 0 0 0 0 0 0 0 0 0 0 0 
0 0 0 0 29 28 11 16 10 18 11 11 30 11 10 29 0 0 0 0 
0 0 0 0 26 23 25 18 16 20 25 20 10 14 24 13 0 0 0 0 
0 0 0 0 27 11 30 27 15 29 27 19 16 17 23 24 0 0 0 0 
0 0 0 0 0 0 0 0 0 0 0 0 0 0 0 0 12 25 17 14 
30 18 23 23 0 0 0 0 0 0 0 0 0 0 0 0 0 0 0 0 
0 0 0 0 0 0 0 0 0 0 0 0 20 18 25 11 0 0 0 0 
0 0 0 0 21 29 28 10 0 0 0 0 0 0 0 0 0 0 0 0 
0 0 0 0 0 0 0 0 20 11 19 24 0 0 0 0 0 0 0 0 
0 0 0 0 0 0 0 0 0 0 0 0 0 0 0 0 13 12 16 17 
16 14 14 21 0 0 0 0 0 0 0 0 0 0 0 0 0 0 0 0 
0 0 0 0 19 20 29 29 14 11 16 10 27 27 15 24 0 0 0 0 
0 0 0 0 0 0 0 0 18 10 22 14 17 30 27 29 0 0 0 0 
0 0 0 0 16 12 15 22 0 0 0 0 21 18 12 18 0 0 0 0 
0 0 0 0 0 0 0 0 0 0 0 0 0 0 0 0 18 14 10 15 
21 20 27 29 0 0 0 0 0 0 0 0 0 0 0 0 0 0 0 0 
0 0 0 0 22 11 26 28 15 24 13 18 27 22 13 29 0 0 0 0 
0 0 0 0 25 16 10 20 20 18 28 27 20 26 25 11 0 0 0 0 
0 0 0 0 23 16 25 23 0 0 0 0 0 0 0 0 0 0 0 0 
0 0 0 0 0 0 0 0 0 0 0 0 0 0 0 0 20 30 23 12 
12 25 29 19 0 0 0 0 0 0 0 0 0 0 0 0 0 0 0 0 
0 0 0 0 22 25 10 25 0 0 0 0 0 0 0 0 0 0 0 0 
0 0 0 0 0 0 0 0 17 17 29 25 0 0 0 0 0 0 0 0 
0 0 0 0 29 28 12 10 0 0 0 0 0 0 0 0 0 0 0 0 
0 0 0 0 0 0 0 0 0 0 0 0 0 0 0 0 24 18 23 11 
10 24 25 15 0 0 0 0 0 0 0 0 0 0 0 0 0 0 0 0 
0 0 0 0 0 0 0 0 16 13 26 16 20 11 18 10 0 0 0 0 
0 0 0 0 19 26 17 12 0 0 0 0 16 27 21 10 0 0 0 0 
0 0 0 0 12 17 20 14 30 21 28 26 26 21 30 19 0 0 0 0 
0 0 0 0 0 0 0 0 0 0 0 0 0 0 0 0 23 15 20 26 
25 30 17 28 0 0 0 0 0 0 0 0 0 0 0 0 0 0 0 0 
0 0 0 0 29 28 22 15 0 0 0 0 21 20 29 17 0 0 0 0 
0 0 0 0 28 26 20 11 27 27 15 20 20 30 10 22 0 0 0 0 
0 0 0 0 0 0 0 0 10 22 20 27 29 19 25 26 0 0 0 0 
0 0 0 0 0 0 0 0 0 0 0 0 0 0 0 0 23 28 25 12 
26 18 30 21 0 0 0 0 0 0 0 0 0 0 0 0 0 0 0 0 
0 0 0 0 19 19 28 21 0 0 0 0 0 0 0 0 0 0 0 0 
0 0 0 0 23 21 19 20 11 15 22 24 14 17 12 27 0 0 0 0 
0 0 0 0 11 20 15 29 10 10 11 12 23 28 22 24 0 0 0 0 
0 0 0 0 0 0 0 0 0 0 0 0 0 0 0 0 25 14 14 18 
11 18 25 10 0 0 0 0 0 0 0 0 0 0 0 0 0 0 0 0 
0 0 0 0 0 0 0 0 13 29 16 11 17 15 12 29 0 0 0 0 
0 0 0 0 20 30 29 22 0 0 0 0 16 17 18 26 0 0 0 0 
0 0 0 0 19 10 25 25 0 0 0 0 0 0 0 0 0 0 0 0 
0 0 0 0 0 0 0 0 0 0 0 0 0 0 0 0 10 23 29 23 
10 27 23 15 0 0 0 0 0 0 0 0 0 0 0 0 0 0 0 0 
0 0 0 0 19 25 25 18 0 0 0 0 0 0 0 0 0 0 0 0 
0 0 0 0 0 0 0 0 20 15 30 22 18 18 11 14 0 0 0 0 
0 0 0 0 21 14 19 28 20 13 11 21 0 0 0 0 0 0 0 0 
0 0 0 0 0 0 0 0 0 0 0 0 0 0 0 0 25 12 25 24 
17 21 27 30 0 0 0 0 0 0 0 0 0 0 0 0 0 0 0 0 
0 0 0 0 12 11 14 25 15 17 22 17 17 13 17 10 0 0 0 0 
0 0 0 0 17 30 21 28 0 0 0 0 26 26 13 19 0 0 0 0 
0 0 0 0 21 24 18 13 0 0 0 0 0 0 0 0 0 0 0 0 
0 0 0 0 0 0 0 0 0 0 0 0 0 0 0 0 16 28 30 23 
18 14 19 11 0 0 0 0 0 0 0 0 0 0 0 0 0 0 0 0 
0 0 0 0 22 10 26 19 28 15 11 25 10 13 18 27 0 0 0 0 
0 0 0 0 15 25 29 20 0 0 0 0 26 24 14 25 0 0 0 0 
0 0 0 0 26 14 18 29 28 27 13 20 0 0 0 0 0 0 0 0 
0 0 0 0 0 0 0 0 0 0 0 0 0 0 0 0 14 23 24 15 
25 30 12 12 0 0 0 0 0 0 0 0 0 0 0 0 0 0 0 0 
0 0 0 0 0 0 0 0 21 30 27 13 0 0 0 0 0 0 0 0 
0 0 0 0 18 19 29 23 16 25 19 16 11 18 13 22 0 0 0 0 
0 0 0 0 30 16 24 27 0 0 0 0 0 0 0 0 0 0 0 0 
0 0 0 0 0 0 0 0 0 0 0 0 0 0 0 0 23 10 13 11 
23 21 27 11 0 0 0 0 0 0 0 0 0 0 0 0 0 0 0 0 
0 0 0 0 0 0 0 0 24 23 24 25 0 0 0 0 0 0 0 0 
0 0 0 0 0 0 0 0 0 0 0 0 24 15 12 17 0 0 0 0 
0 0 0 0 28 10 19 13 15 28 22 18 27 19 26 24 0 0 0 0 
0 0 0 0 0 0 0 0 0 0 0 0 0 0 0 0 11 11 11 26 
25 18 27 20 0 0 0 0 0 0 0 0 0 0 0 0 0 0 0 0 
0 0 0 0 27 21 28 22 25 19 30 28 14 15 16 28 0 0 0 0 
0 0 0 0 0 0 0 0 20 17 27 15 0 0 0 0 0 0 0 0 
0 0 0 0 29 26 18 19 0 0 0 0 21 27 24 22 0 0 0 0 
0 0 0 0 0 0 0 0 0 0 0 0 0 0 0 0 16 10 23 24 
21 23 11 14 0 0 0 0 0 0 0 0 0 0 0 0 0 0 0 0 
0 0 0 0 13 21 20 26 0 0 0 0 18 19 29 20 0 0 0 0 
0 0 0 0 30 18 23 10 17 16 30 10 24 21 22 15 0 0 0 0 
0 0 0 0 14 28 21 16 29 23 29 19 10 13 23 10 0 0 0 0 
0 0 0 0 0 0 0 0 0 0 0 0 0 0 0 0 19 26 28 23 
10 18 22 30 0 0 0 0 0 0 0 0 0 0 0 0 0 0 0 0 
0 0 0 0 23 17 21 22 0 0 0 0 16 21 15 15 0 0 0 0 
0 0 0 0 22 22 24 29 21 25 18 17 0 0 0 0 0 0 0 0 
0 0 0 0 0 0 0 0 23 12 12 20 11 29 27 16 0 0 0 0 
0 0 0 0 0 0 0 0 0 0 0 0 0 0 0 0 17 21 14 24 
16 11 20 12 0 0 0 0 0 0 0 0 0 0 0 0 0 0 0 0 
0 0 0 0 28 12 20 11 27 15 23 25 18 13 25 26 0 0 0 0 
0 0 0 0 12 25 16 21 17 12 11 23 11 26 15 29 0 0 0 0 
0 0 0 0 0 0 0 0 0 0 0 0 14 14 26 14 0 0 0 0 
0 0 0 0 0 0 0 0 0 0 0 0 0 0 0 0 10 14 19 11 
26 28 22 25 0 0 0 0 0 0 0 0 0 0 0 0 0 0 0 0 
0 0 0 0 0 0 0 0 29 21 22 14 26 22 27 20 0 0 0 0 
0 0 0 0 0 0 0 0 27 22 22 23 0 0 0 0 0 0 0 0 
0 0 0 0 0 0 0 0 27 23 25 14 0 0 0 0 0 0 0 0 
0 0 0 0 0 0 0 0 0 0 0 0 0 0 0 0 16 23 25 27 
26 24 23 22 0 0 0 0 0 0 0 0 0 0 0 0 0 0 0 0 
0 0 0 0 0 0 0 0 19 28 16 23 0 0 0 0 0 0 0 0 
0 0 0 0 21 18 25 26 21 28 16 21 16 23 17 10 0 0 0 0 
0 0 0 0 25 29 28 18 28 13 26 12 27 23 18 12 0 0 0 0 
0 0 0 0 0 0 0 0 0 0 0 0 0 0 0 0 13 28 19 17 
15 18 13 26 0 0 0 0 0 0 0 0 0 0 0 0 0 0 0 0 
0 0 0 0 11 24 26 16 17 26 30 14 13 21 19 21 0 0 0 0 
0 0 0 0 19 17 15 28 27 23 27 27 24 28 23 20 0 0 0 0 
0 0 0 0 10 27 10 25 11 17 21 13 0 0 0 0 0 0 0 0 
0 0 0 0 0 0 0 0 0 0 0 0 0 0 0 0 13 20 19 17 
25 16 11 28 0 0 0 0 0 0 0 0 0 0 0 0 0 0 0 0 
0 0 0 0 0 0 0 0 12 10 28 20 0 0 0 0 0 0 0 0 
0 0 0 0 22 13 14 22 24 30 27 24 26 22 15 25 0 0 0 0 
0 0 0 0 0 0 0 0 30 25 28 17 0 0 0 0 0 0 0 0 
0 0 0 0 0 0 0 0 0 0 0 0 0 0 0 0 28 26 16 29 
26 27 25 12 0 0 0 0 0 0 0 0 0 0 0 0 0 0 0 0 
0 0 0 0 0 0 0 0 16 18 23 13 26 22 25 16 0 0 0 0 
0 0 0 0 29 25 26 19 21 11 17 14 0 0 0 0 0 0 0 0 
0 0 0 0 14 29 27 14 0 0 0 0 12 21 26 10 0 0 0 0 
0 0 0 0 0 0 0 0 0 0 0 0 0 0 0 0 14 28 22 29 
30 12 14 19 0 0 0 0 0 0 0 0 0 0 0 0 0 0 0 0 
0 0 0 0 0 0 0 0 10 11 13 18 16 20 30 18 0 0 0 0 
0 0 0 0 17 22 29 14 15 29 24 21 18 27 22 19 0 0 0 0 
0 0 0 0 0 0 0 0 0 0 0 0 24 11 23 30 0 0 0 0 
0 0 0 0 0 0 0 0 0 0 0 0 0 0 0 0 15 14 27 19 
17 20 14 18 0 0 0 0 0 0 0 0 0 0 0 0 0 0 0 0 
0 0 0 0 0 0 0 0 0 0 0 0 18 25 26 28 0 0 0 0 
0 0 0 0 11 22 16 12 16 16 15 20 0 0 0 0 0 0 0 0 
0 0 0 0 0 0 0 0 20 20 30 29 27 12 21 11 0 0 0 0 
0 0 0 0 0 0 0 0 0 0 0 0 0 0 0 0 27 21 23 15 
26 23 10 28 0 0 0 0 0 0 0 0 0 0 0 0 0 0 0 0 
0 0 0 0 24 10 28 27 20 11 28 29 14 11 17 28 0 0 0 0 
0 0 0 0 29 15 12 20 19 21 25 20 11 29 17 21 0 0 0 0 
0 0 0 0 0 0 0 0 0 0 0 0 13 27 20 27 0 0 0 0 
0 0 0 0 0 0 0 0 0 0 0 0 0 0 0 0 13 26 21 30 
15 10 20 12 0 0 0 0 0 0 0 0 0 0 0 0 0 0 0 0 
0 0 0 0 0 0 0 0 0 0 0 0 21 10 13 25 0 0 0 0 
0 0 0 0 15 21 13 12 0 0 0 0 0 0 0 0 0 0 0 0 
0 0 0 0 0 0 0 0 0 0 0 0 19 15 17 14 0 0 0 0 
0 0 0 0 0 0 0 0 0 0 0 0 0 0 0 0 15 27 18 26 
13 14 13 11 0 0 0 0 0 0 0 0 0 0 0 0 0 0 0 0 
0 0 0 0 0 0 0 0 12 21 13 29 0 0 0 0 0 0 0 0 
0 0 0 0 21 30 27 20 0 0 0 0 0 0 0 0 0 0 0 0 
0 0 0 0 12 18 24 15 25 18 25 12 25 23 11 20 0 0 0 0 
0 0 0 0 0 0 0 0 0 0 0 0 0 0 0 0 20 30 10 29 
19 22 24 14 0 0 0 0 0 0 0 0 0 0 0 0 0 0 0 0 
0 0 0 0 22 30 28 19 0 0 0 0 20 27 20 18 0 0 0 0 
0 0 0 0 0 0 0 0 0 0 0 0 23 25 10 12 0 0 0 0 
0 0 0 0 25 15 11 11 27 28 12 28 10 20 27 14 0 0 0 0 
0 0 0 0 0 0 0 0 0 0 0 0 0 0 0 0 18 15 19 22 
24 22 30 27 0 0 0 0 0 0 0 0 0 0 0 0 0 0 0 0 
0 0 0 0 17 12 22 16 24 27 24 22 12 13 16 22 0 0 0 0 
0 0 0 0 29 16 30 22 0 0 0 0 0 0 0 0 0 0 0 0 
0 0 0 0 17 10 18 23 0 0 0 0 0 0 0 0 0 0 0 0 
0 0 0 0 0 0 0 0 0 0 0 0 0 0 0 0 15 20 19 21 
14 24 29 11 0 0 0 0 0 0 0 0 0 0 0 0 0 0 0 0 
0 0 0 0 0 0 0 0 28 28 11 17 22 19 30 26 0 0 0 0 
0 0 0 0 23 10 25 22 27 19 10 10 26 11 15 19 0 0 0 0 
0 0 0 0 29 13 17 30 18 14 13 17 22 24 11 10 0 0 0 0 
0 0 0 0 0 0 0 0 0 0 0 0 0 0 0 0 16 13 11 17 
25 26 16 26 0 0 0 0 0 0 0 0 0 0 0 0 0 0 0 0 
0 0 0 0 27 27 30 20 22 25 10 19 11 15 28 29 0 0 0 0 
0 0 0 0 20 18 29 27 0 0 0 0 27 25 24 16 0 0 0 0 
0 0 0 0 11 18 25 13 0 0 0 0 17 14 20 14 0 0 0 0 
0 0 0 0 0 0 0 0 0 0 0 0 0 0 0 0 27 10 30 26 
26 18 19 18 0 0 0 0 0 0 0 0 0 0 0 0 0 0 0 0 
0 0 0 0 19 30 22 11 24 23 27 16 26 24 21 10 0 0 0 0 
0 0 0 0 19 11 11 19 17 16 11 28 13 28 20 14 0 0 0 0 
0 0 0 0 19 19 17 18 0 0 0 0 0 0 0 0 0 0 0 0 
0 0 0 0 0 0 0 0 0 0 0 0 0 0 0 0 12 25 11 29 
30 30 11 21 0 0 0 0 0 0 0 0 0 0 0 0 0 0 0 0 
0 0 0 0 0 0 0 0 29 17 11 29 18 28 10 16 0 0 0 0 
0 0 0 0 18 11 13 16 11 19 25 11 16 25 16 23 0 0 0 0 
0 0 0 0 16 16 12 19 0 0 0 0 0 0 0 0 0 0 0 0 
0 0 0 0 0 0 0 0 0 0 0 0 0 0 0 0 10 29 14 14 
26 16 18 23 0 0 0 0 0 0 0 0 0 0 0 0 0 0 0 0 
0 0 0 0 0 0 0 0 17 13 27 15 20 13 21 29 0 0 0 0 
0 0 0 0 25 19 25 11 22 24 14 27 17 24 15 25 0 0 0 0 
0 0 0 0 0 0 0 0 23 22 10 18 30 29 29 19 0 0 0 0 
0 0 0 0 0 0 0 0 0 0 0 0 0 0 0 0 17 23 10 24 
27 10 23 17 0 0 0 0 0 0 0 0 0 0 0 0 0 0 0 0 
0 0 0 0 13 11 15 18 10 17 29 26 0 0 0 0 0 0 0 0 
0 0 0 0 23 20 10 26 10 24 28 28 27 12 16 10 0 0 0 0 
0 0 0 0 13 21 12 27 21 26 11 24 17 20 30 16 0 0 0 0 
0 0 0 0 0 0 0 0 0 0 0 0 0 0 0 0 28 14 25 10 
10 21 29 11 0 0 0 0 0 0 0 0 0 0 0 0 0 0 0 0 
0 0 0 0 17 30 18 19 16 21 12 29 18 14 29 23 0 0 0 0 
0 0 0 0 24 19 13 27 10 27 17 16 28 10 20 14 0 0 0 0 
0 0 0 0 15 16 15 30 0 0 0 0 14 19 15 28 0 0 0 0 
0 0 0 0 0 0 0 0 0 0 0 0 0 0 0 0 21 15 27 18 
23 12 18 19 0 0 0 0 0 0 0 0 0 0 0 0 0 0 0 0 
0 0 0 0 21 24 10 24 26 25 14 26 13 10 13 20 0 0 0 0 
0 0 0 0 26 21 16 17 0 0 0 0 0 0 0 0 0 0 0 0 
0 0 0 0 25 11 12 25 25 27 29 20 22 15 10 13 0 0 0 0 
0 0 0 0 0 0 0 0 0 0 0 0 0 0 0 0 12 10 13 20 
29 20 19 13 0 0 0 0 0 0 0 0 0 0 0 0 0 0 0 0 
0 0 0 0 18 10 25 22 0 0 0 0 28 27 27 12 0 0 0 0 
0 0 0 0 17 29 10 21 0 0 0 0 0 0 0 0 0 0 0 0 
0 0 0 0 25 13 26 20 11 30 11 19 16 26 25 24 0 0 0 0 
0 0 0 0 0 0 0 0 0 0 0 0 0 0 0 0 15 20 26 28 
15 22 23 15 0 0 0 0 0 0 0 0 0 0 0 0 0 0 0 0 
0 0 0 0 0 0 0 0 0 0 0 0 26 17 18 22 0 0 0 0 
0 0 0 0 0 0 0 0 0 0 0 0 21 15 23 14 0 0 0 0 
0 0 0 0 11 27 11 15 28 27 22 24 16 22 27 12 0 0 0 0 
0 0 0 0 0 0 0 0 0 0 0 0 0 0 0 0 23 26 22 16 
16 19 11 14 0 0 0 0 0 0 0 0 0 0 0 0 0 0 0 0 
0 0 0 0 24 29 19 23 0 0 0 0 19 11 18 14 0 0 0 0 
0 0 0 0 16 22 15 22 29 27 27 23 28 17 23 14 0 0 0 0 
0 0 0 0 11 30 16 26 0 0 0 0 23 10 16 23 0 0 0 0 
0 0 0 0 0 0 0 0 0 0 0 0 0 0 0 0 11 27 12 18 
16 23 10 28 0 0 0 0 0 0 0 0 0 0 0 0 0 0 0 0 
0 0 0 0 19 14 19 13 22 24 10 19 0 0 0 0 0 0 0 0 
0 0 0 0 10 18 27 25 0 0 0 0 0 0 0 0 0 0 0 0 
0 0 0 0 23 11 20 22 0 0 0 0 30 29 13 18 0 0 0 0 
0 0 0 0 0 0 0 0 0 0 0 0 0 0 0 0 16 12 11 15 
19 19 25 21 0 0 0 0 0 0 0 0 0 0 0 0 0 0 0 0 
0 0 0 0 0 0 0 0 14 16 14 11 0 0 0 0 0 0 0 0 
0 0 0 0 0 0 0 0 0 0 0 0 25 19 11 22 0 0 0 0 
0 0 0 0 28 30 12 13 22 21 17 22 28 23 24 17 0 0 0 0 
0 0 0 0 0 0 0 0 0 0 0 0 0 0 0 0 26 16 14 19 
14 24 21 17 0 0 0 0 0 0 0 0 0 0 0 0 0 0 0 0 
0 0 0 0 0 0 0 0 30 27 19 21 23 19 23 25 0 0 0 0 
0 0 0 0 0 0 0 0 0 0 0 0 14 17 25 10 0 0 0 0 
0 0 0 0 0 0 0 0 0 0 0 0 28 14 24 17 0 0 0 0 
0 0 0 0 0 0 0 0 0 0 0 0 0 0 0 0 17 13 20 19 
17 30 15 17 0 0 0 0 0 0 0 0 0 0 0 0 0 0 0 0 
0 0 0 0 0 0 0 0 0 0 0 0 26 29 27 12 0 0 0 0 
0 0 0 0 0 0 0 0 0 0 0 0 21 25 16 25 0 0 0 0 
0 0 0 0 23 27 18 12 27 14 26 22 28 21 26 10 0 0 0 0 
0 0 0 0 0 0 0 0 0 0 0 0 0 0 0 0 16 13 16 22 
10 11 29 16 0 0 0 0 0 0 0 0 0 0 0 0 0 0 0 0 
0 0 0 0 16 24 27 16 28 14 13 13 19 17 29 24 0 0 0 0 
0 0 0 0 19 29 10 30 18 26 28 20 28 12 26 11 0 0 0 0 
0 0 0 0 0 0 0 0 30 22 15 12 21 15 23 14 0 0 0 0 
0 0 0 0 0 0 0 0 0 0 0 0 0 0 0 0 25 28 26 24 
14 14 13 13 0 0 0 0 0 0 0 0 0 0 0 0 0 0 0 0 
0 0 0 0 13 28 18 11 12 29 10 21 22 13 20 23 0 0 0 0 
0 0 0 0 21 12 23 18 0 0 0 0 0 0 0 0 0 0 0 0 
0 0 0 0 0 0 0 0 12 27 17 19 28 21 14 26 0 0 0 0 
0 0 0 0 0 0 0 0 0 0 0 0 0 0 0 0 29 29 15 20 
21 18 17 11 0 0 0 0 0 0 0 0 0 0 0 0 0 0 0 0 
0 0 0 0 29 18 14 26 0 0 0 0 13 25 15 26 0 0 0 0 
0 0 0 0 22 25 14 27 11 24 13 22 26 27 13 16 0 0 0 0 
0 0 0 0 0 0 0 0 18 30 27 14 27 20 13 20 0 0 0 0 
0 0 0 0 0 0 0 0 0 0 0 0 0 0 0 0 24 24 28 24 
25 30 10 25 0 0 0 0 0 0 0 0 0 0 0 0 0 0 0 0 
0 0 0 0 0 0 0 0 28 11 25 12 17 18 17 19 0 0 0 0 
0 0 0 0 13 11 21 28 14 26 18 23 0 0 0 0 0 0 0 0 
0 0 0 0 0 0 0 0 13 15 22 21 0 0 0 0 0 0 0 0 
0 0 0 0 0 0 0 0 0 0 0 0 0 0 0 0 18 22 23 29 
27 11 16 29 0 0 0 0 0 0 0 0 0 0 0 0 0 0 0 0 
0 0 0 0 12 15 29 18 12 18 17 29 15 23 27 16 0 0 0 0 
0 0 0 0 12 19 26 30 17 17 30 22 22 15 24 21 0 0 0 0 
0 0 0 0 28 12 25 19 12 19 21 18 12 21 30 11 0 0 0 0 
0 0 0 0 0 0 0 0 0 0 0 0 0 0 0 0 15 19 27 10 
25 25 25 15 0 0 0 0 0 0 0 0 0 0 0 0 0 0 0 0 
0 0 0 0 0 0 0 0 17 12 11 29 29 11 22 27 0 0 0 0 
0 0 0 0 0 0 0 0 10 24 28 13 27 16 20 21 0 0 0 0 
0 0 0 0 0 0 0 0 14 18 15 15 0 0 0 0 0 0 0 0 
0 0 0 0 0 0 0 0 0 0 0 0 0 0 0 0 15 28 17 11 
15 23 18 16 0 0 0 0 0 0 0 0 0 0 0 0 0 0 0 0 
0 0 0 0 22 16 30 15 19 11 15 21 25 25 13 22 0 0 0 0 
0 0 0 0 0 0 0 0 17 23 24 24 18 30 29 25 0 0 0 0 
0 0 0 0 0 0 0 0 0 0 0 0 20 14 29 17 0 0 0 0 
0 0 0 0 0 0 0 0 0 0 0 0 0 0 0 0 18 16 18 21 
27 11 19 27 0 0 0 0 0 0 0 0 0 0 0 0 0 0 0 0 
0 0 0 0 21 29 13 24 13 18 20 15 12 22 13 29 0 0 0 0 
0 0 0 0 0 0 0 0 20 26 16 18 0 0 0 0 0 0 0 0 
0 0 0 0 0 0 0 0 0 0 0 0 27 18 27 17 0 0 0 0 
0 0 0 0 0 0 0 0 0 0 0 0 0 0 0 0 22 28 14 30 
11 23 17 20 0 0 0 0 0 0 0 0 0 0 0 0 0 0 0 0 
0 0 0 0 27 27 17 15 0 0 0 0 0 0 0 0 0 0 0 0 
0 0 0 0 24 29 28 27 26 23 16 17 0 0 0 0 0 0 0 0 
0 0 0 0 24 24 18 15 15 11 18 19 24 27 26 11 0 0 0 0 
0 0 0 0 0 0 0 0 0 0 0 0 0 0 0 0 11 22 28 18 
30 24 30 16 0 0 0 0 0 0 0 0 0 0 0 0 0 0 0 0 
0 0 0 0 13 13 28 20 0 0 0 0 0 0 0 0 0 0 0 0 
0 0 0 0 28 20 28 28 18 16 26 21 0 0 0 0 0 0 0 0 
0 0 0 0 15 25 18 24 0 0 0 0 28 11 16 20 0 0 0 0 
0 0 0 0 0 0 0 0 0 0 0 0 0 0 0 0 27 21 12 21 
15 29 30 12 0 0 0 0 0 0 0 0 0 0 0 0 0 0 0 0 
0 0 0 0 0 0 0 0 27 20 26 27 0 0 0 0 0 0 0 0 
0 0 0 0 28 30 20 22 19 19 22 24 11 19 19 10 0 0 0 0 
0 0 0 0 0 0 0 0 22 14 10 28 0 0 0 0 0 0 0 0 
0 0 0 0 0 0 0 0 0 0 0 0 0 0 0 0 26 15 18 19 
16 29 15 27 0 0 0 0 0 0 0 0 0 0 0 0 0 0 0 0 
0 0 0 0 23 14 14 10 0 0 0 0 0 0 0 0 0 0 0 0 
0 0 0 0 0 0 0 0 13 20 12 24 0 0 0 0 0 0 0 0 
0 0 0 0 13 12 19 30 0 0 0 0 0 0 0 0 0 0 0 0 
0 0 0 0 0 0 0 0 0 0 0 0 0 0 0 0 15 18 20 25 
21 27 27 19 0 0 0 0 0 0 0 0 0 0 0 0 0 0 0 0 
0 0 0 0 0 0 0 0 30 10 21 17 0 0 0 0 0 0 0 0 
0 0 0 0 0 0 0 0 16 23 22 17 27 24 12 28 0 0 0 0 
0 0 0 0 28 15 19 27 10 14 25 15 23 20 16 10 0 0 0 0 
0 0 0 0 0 0 0 0 0 0 0 0 0 0 0 0 15 18 23 30 
12 26 15 28 0 0 0 0 0 0 0 0 0 0 0 0 0 0 0 0 
0 0 0 0 23 19 29 28 29 29 11 22 17 24 12 24 0 0 0 0 
0 0 0 0 0 0 0 0 10 28 10 18 0 0 0 0 0 0 0 0 
0 0 0 0 12 28 18 16 18 24 30 20 20 26 29 15 0 0 0 0 
0 0 0 0 0 0 0 0 0 0 0 0 0 0 0 0 15 20 18 18 
13 25 18 16 0 0 0 0 0 0 0 0 0 0 0 0 0 0 0 0 
0 0 0 0 0 0 0 0 0 0 0 0 18 12 15 21 0 0 0 0 
0 0 0 0 14 17 28 19 0 0 0 0 0 0 0 0 0 0 0 0 
0 0 0 0 0 0 0 0 26 30 17 22 0 0 0 0 0 0 0 0 
0 0 0 0 0 0 0 0 0 0 0 0 0 0 0 0 25 21 12 18 
21 24 22 23 0 0 0 0 0 0 0 0 0 0 0 0 0 0 0 0 
0 0 0 0 20 17 14 22 0 0 0 0 14 14 12 29 0 0 0 0 
0 0 0 0 17 25 28 24 28 29 27 14 0 0 0 0 0 0 0 0 
0 0 0 0 0 0 0 0 0 0 0 0 20 11 20 20 0 0 0 0 
0 0 0 0 0 0 0 0 0 0 0 0 0 0 0 0 27 17 28 19 
14 21 16 12 0 0 0 0 0 0 0 0 0 0 0 0 0 0 0 0 
0 0 0 0 21 13 18 28 0 0 0 0 25 16 16 24 0 0 0 0 
0 0 0 0 0 0 0 0 19 17 13 29 0 0 0 0 0 0 0 0 
0 0 0 0 0 0 0 0 15 13 11 10 29 16 28 22 0 0 0 0 
0 0 0 0 0 0 0 0 0 0 0 0 0 0 0 0 17 12 28 12 
15 15 23 24 0 0 0 0 0 0 0 0 0 0 0 0 0 0 0 0 
0 0 0 0 0 0 0 0 0 0 0 0 25 21 15 30 0 0 0 0 
0 0 0 0 20 22 28 17 0 0 0 0 23 15 23 23 0 0 0 0 
0 0 0 0 12 30 14 20 0 0 0 0 0 0 0 0 0 0 0 0 
0 0 0 0 0 0 0 0 0 0 0 0 0 0 0 0 26 27 23 16
---------------------
 
Processing cost   (0 -- non-optional machine)
Rows: sequential for each operation of each part; Columns: correspond to machine number
20 12 12 15 0 0 0 0 0 0 0 0 0 0 0 0 0 0 0 0 
0 0 0 0 0 0 0 0 0 0 0 0 12 15 15 15 0 0 0 0 
0 0 0 0 19 17 14 10 16 14 20 16 13 16 20 19 0 0 0 0 
0 0 0 0 13 11 18 15 12 13 10 10 10 18 20 19 0 0 0 0 
0 0 0 0 0 0 0 0 0 0 0 0 0 0 0 0 11 19 14 14 
20 13 13 15 0 0 0 0 0 0 0 0 0 0 0 0 0 0 0 0 
0 0 0 0 20 12 19 20 14 14 19 18 14 18 15 10 0 0 0 0 
0 0 0 0 16 19 17 10 17 18 10 18 10 20 15 20 0 0 0 0 
0 0 0 0 13 13 18 20 17 17 12 16 11 18 18 19 0 0 0 0 
0 0 0 0 0 0 0 0 0 0 0 0 0 0 0 0 10 17 15 19 
19 14 17 10 0 0 0 0 0 0 0 0 0 0 0 0 0 0 0 0 
0 0 0 0 13 13 13 17 0 0 0 0 0 0 0 0 0 0 0 0 
0 0 0 0 15 15 14 14 19 20 16 20 0 0 0 0 0 0 0 0 
0 0 0 0 0 0 0 0 15 18 17 18 0 0 0 0 0 0 0 0 
0 0 0 0 0 0 0 0 0 0 0 0 0 0 0 0 15 20 14 17 
15 13 19 13 0 0 0 0 0 0 0 0 0 0 0 0 0 0 0 0 
0 0 0 0 14 19 12 11 15 18 17 19 17 11 11 14 0 0 0 0 
0 0 0 0 0 0 0 0 12 15 20 17 0 0 0 0 0 0 0 0 
0 0 0 0 18 16 18 10 0 0 0 0 11 17 15 14 0 0 0 0 
0 0 0 0 0 0 0 0 0 0 0 0 0 0 0 0 18 15 10 17 
11 17 16 16 0 0 0 0 0 0 0 0 0 0 0 0 0 0 0 0 
0 0 0 0 17 16 17 11 0 0 0 0 10 12 10 10 0 0 0 0 
0 0 0 0 16 12 19 10 0 0 0 0 0 0 0 0 0 0 0 0 
0 0 0 0 20 10 13 17 18 20 15 14 0 0 0 0 0 0 0 0 
0 0 0 0 0 0 0 0 0 0 0 0 0 0 0 0 14 18 18 17 
19 15 11 20 0 0 0 0 0 0 0 0 0 0 0 0 0 0 0 0 
0 0 0 0 10 20 16 12 16 10 11 11 11 13 15 19 0 0 0 0 
0 0 0 0 14 20 15 20 20 11 19 14 17 10 18 16 0 0 0 0 
0 0 0 0 13 15 10 11 13 11 19 20 11 10 13 14 0 0 0 0 
0 0 0 0 0 0 0 0 0 0 0 0 0 0 0 0 18 18 17 11 
10 10 13 13 0 0 0 0 0 0 0 0 0 0 0 0 0 0 0 0 
0 0 0 0 0 0 0 0 0 0 0 0 14 10 13 17 0 0 0 0 
0 0 0 0 19 11 11 14 0 0 0 0 0 0 0 0 0 0 0 0 
0 0 0 0 17 20 16 13 10 18 10 17 0 0 0 0 0 0 0 0 
0 0 0 0 0 0 0 0 0 0 0 0 0 0 0 0 13 20 10 11 
12 19 20 19 0 0 0 0 0 0 0 0 0 0 0 0 0 0 0 0 
0 0 0 0 15 10 17 18 0 0 0 0 16 12 13 15 0 0 0 0 
0 0 0 0 0 0 0 0 0 0 0 0 11 13 12 10 0 0 0 0 
0 0 0 0 11 11 12 11 16 11 19 12 0 0 0 0 0 0 0 0 
0 0 0 0 0 0 0 0 0 0 0 0 0 0 0 0 13 13 10 14 
17 19 12 15 0 0 0 0 0 0 0 0 0 0 0 0 0 0 0 0 
0 0 0 0 0 0 0 0 19 20 18 15 0 0 0 0 0 0 0 0 
0 0 0 0 0 0 0 0 18 12 16 18 0 0 0 0 0 0 0 0 
0 0 0 0 0 0 0 0 10 14 12 20 0 0 0 0 0 0 0 0 
0 0 0 0 0 0 0 0 0 0 0 0 0 0 0 0 14 14 13 15 
18 19 16 10 0 0 0 0 0 0 0 0 0 0 0 0 0 0 0 0 
0 0 0 0 0 0 0 0 12 15 10 16 0 0 0 0 0 0 0 0 
0 0 0 0 0 0 0 0 14 10 14 10 0 0 0 0 0 0 0 0 
0 0 0 0 11 10 13 17 20 16 15 13 10 17 15 20 0 0 0 0 
0 0 0 0 0 0 0 0 0 0 0 0 0 0 0 0 15 14 13 13 
12 14 18 17 0 0 0 0 0 0 0 0 0 0 0 0 0 0 0 0 
0 0 0 0 10 14 10 10 17 17 11 19 16 19 11 13 0 0 0 0 
0 0 0 0 0 0 0 0 0 0 0 0 19 14 13 17 0 0 0 0 
0 0 0 0 11 12 12 19 12 20 16 14 14 17 16 19 0 0 0 0 
0 0 0 0 0 0 0 0 0 0 0 0 0 0 0 0 16 14 18 16 
10 12 10 10 0 0 0 0 0 0 0 0 0 0 0 0 0 0 0 0 
0 0 0 0 0 0 0 0 0 0 0 0 15 15 16 11 0 0 0 0 
0 0 0 0 0 0 0 0 17 19 12 11 15 12 20 16 0 0 0 0 
0 0 0 0 0 0 0 0 18 16 12 14 0 0 0 0 0 0 0 0 
0 0 0 0 0 0 0 0 0 0 0 0 0 0 0 0 18 19 14 15 
13 10 15 15 0 0 0 0 0 0 0 0 0 0 0 0 0 0 0 0 
0 0 0 0 0 0 0 0 0 0 0 0 11 17 16 17 0 0 0 0 
0 0 0 0 15 14 17 19 14 17 10 17 11 18 12 20 0 0 0 0 
0 0 0 0 10 16 16 16 16 19 13 12 0 0 0 0 0 0 0 0 
0 0 0 0 0 0 0 0 0 0 0 0 0 0 0 0 13 15 16 20 
18 13 12 13 0 0 0 0 0 0 0 0 0 0 0 0 0 0 0 0 
0 0 0 0 13 11 11 10 0 0 0 0 0 0 0 0 0 0 0 0 
0 0 0 0 0 0 0 0 16 13 11 17 16 18 13 19 0 0 0 0 
0 0 0 0 14 20 17 14 20 12 16 15 15 13 14 16 0 0 0 0 
0 0 0 0 0 0 0 0 0 0 0 0 0 0 0 0 16 11 12 16 
10 12 11 12 0 0 0 0 0 0 0 0 0 0 0 0 0 0 0 0 
0 0 0 0 18 11 20 10 19 10 14 20 15 12 12 20 0 0 0 0 
0 0 0 0 0 0 0 0 20 10 14 13 13 20 20 13 0 0 0 0 
0 0 0 0 12 10 13 11 0 0 0 0 0 0 0 0 0 0 0 0 
0 0 0 0 0 0 0 0 0 0 0 0 0 0 0 0 16 16 12 18 
10 16 14 11 0 0 0 0 0 0 0 0 0 0 0 0 0 0 0 0 
0 0 0 0 10 12 10 10 11 16 19 20 0 0 0 0 0 0 0 0 
0 0 0 0 12 12 18 15 0 0 0 0 0 0 0 0 0 0 0 0 
0 0 0 0 0 0 0 0 0 0 0 0 13 17 19 20 0 0 0 0 
0 0 0 0 0 0 0 0 0 0 0 0 0 0 0 0 18 20 20 18 
13 10 19 10 0 0 0 0 0 0 0 0 0 0 0 0 0 0 0 0 
0 0 0 0 0 0 0 0 13 17 15 12 17 16 17 13 0 0 0 0 
0 0 0 0 0 0 0 0 0 0 0 0 18 12 15 11 0 0 0 0 
0 0 0 0 17 13 17 18 0 0 0 0 0 0 0 0 0 0 0 0 
0 0 0 0 0 0 0 0 0 0 0 0 0 0 0 0 11 12 16 17 
17 11 10 13 0 0 0 0 0 0 0 0 0 0 0 0 0 0 0 0 
0 0 0 0 0 0 0 0 12 16 17 12 16 17 14 15 0 0 0 0 
0 0 0 0 18 13 13 20 0 0 0 0 15 16 17 18 0 0 0 0 
0 0 0 0 17 18 11 10 19 16 13 19 0 0 0 0 0 0 0 0 
0 0 0 0 0 0 0 0 0 0 0 0 0 0 0 0 15 16 12 17 
11 13 20 20 0 0 0 0 0 0 0 0 0 0 0 0 0 0 0 0 
0 0 0 0 0 0 0 0 12 17 20 18 11 17 14 19 0 0 0 0 
0 0 0 0 14 16 16 14 11 20 17 17 0 0 0 0 0 0 0 0 
0 0 0 0 17 15 13 12 15 11 13 19 0 0 0 0 0 0 0 0 
0 0 0 0 0 0 0 0 0 0 0 0 0 0 0 0 13 14 17 19 
16 13 13 15 0 0 0 0 0 0 0 0 0 0 0 0 0 0 0 0 
0 0 0 0 16 14 13 17 13 13 16 10 15 11 20 17 0 0 0 0 
0 0 0 0 20 10 15 10 14 14 20 12 20 20 13 19 0 0 0 0 
0 0 0 0 17 13 11 15 20 18 16 20 0 0 0 0 0 0 0 0 
0 0 0 0 0 0 0 0 0 0 0 0 0 0 0 0 11 17 16 18 
18 19 12 12 0 0 0 0 0 0 0 0 0 0 0 0 0 0 0 0 
0 0 0 0 14 17 20 20 15 15 17 18 0 0 0 0 0 0 0 0 
0 0 0 0 15 16 20 19 0 0 0 0 15 18 15 20 0 0 0 0 
0 0 0 0 13 16 19 13 0 0 0 0 12 13 14 19 0 0 0 0 
0 0 0 0 0 0 0 0 0 0 0 0 0 0 0 0 14 10 19 15 
14 16 15 20 0 0 0 0 0 0 0 0 0 0 0 0 0 0 0 0 
0 0 0 0 17 16 15 14 20 16 20 17 12 13 13 19 0 0 0 0 
0 0 0 0 0 0 0 0 15 13 15 16 13 15 19 20 0 0 0 0 
0 0 0 0 0 0 0 0 0 0 0 0 14 14 11 10 0 0 0 0 
0 0 0 0 0 0 0 0 0 0 0 0 0 0 0 0 18 12 11 20 
20 16 17 14 0 0 0 0 0 0 0 0 0 0 0 0 0 0 0 0 
0 0 0 0 17 10 16 17 0 0 0 0 19 20 16 17 0 0 0 0 
0 0 0 0 11 16 18 13 0 0 0 0 10 10 14 11 0 0 0 0 
0 0 0 0 19 17 20 16 13 13 15 19 13 11 14 16 0 0 0 0 
0 0 0 0 0 0 0 0 0 0 0 0 0 0 0 0 14 11 11 10 
18 14 14 12 0 0 0 0 0 0 0 0 0 0 0 0 0 0 0 0 
0 0 0 0 0 0 0 0 15 15 20 20 0 0 0 0 0 0 0 0 
0 0 0 0 14 14 16 17 16 10 20 20 20 19 18 10 0 0 0 0 
0 0 0 0 12 10 15 15 0 0 0 0 0 0 0 0 0 0 0 0 
0 0 0 0 0 0 0 0 0 0 0 0 0 0 0 0 13 16 12 13 
15 14 18 12 0 0 0 0 0 0 0 0 0 0 0 0 0 0 0 0 
0 0 0 0 19 12 11 19 15 18 12 15 16 11 17 19 0 0 0 0 
0 0 0 0 16 18 16 10 11 11 18 11 16 16 16 20 0 0 0 0 
0 0 0 0 17 14 20 12 19 16 10 10 15 16 19 18 0 0 0 0 
0 0 0 0 0 0 0 0 0 0 0 0 0 0 0 0 11 10 10 20 
15 18 14 14 0 0 0 0 0 0 0 0 0 0 0 0 0 0 0 0 
0 0 0 0 19 17 18 14 0 0 0 0 0 0 0 0 0 0 0 0 
0 0 0 0 0 0 0 0 0 0 0 0 18 15 13 14 0 0 0 0 
0 0 0 0 18 11 10 15 0 0 0 0 17 17 10 20 0 0 0 0 
0 0 0 0 0 0 0 0 0 0 0 0 0 0 0 0 10 14 19 20 
12 19 12 10 0 0 0 0 0 0 0 0 0 0 0 0 0 0 0 0 
0 0 0 0 14 13 12 14 10 20 18 14 12 14 18 17 0 0 0 0 
0 0 0 0 0 0 0 0 0 0 0 0 19 18 20 11 0 0 0 0 
0 0 0 0 0 0 0 0 11 20 15 11 0 0 0 0 0 0 0 0 
0 0 0 0 0 0 0 0 0 0 0 0 0 0 0 0 12 12 14 17 
15 17 13 20 0 0 0 0 0 0 0 0 0 0 0 0 0 0 0 0 
0 0 0 0 13 19 11 20 14 19 19 19 20 18 13 16 0 0 0 0 
0 0 0 0 16 10 20 15 10 11 16 15 16 10 15 11 0 0 0 0 
0 0 0 0 12 11 18 19 14 19 10 16 0 0 0 0 0 0 0 0 
0 0 0 0 0 0 0 0 0 0 0 0 0 0 0 0 20 10 10 20 
20 19 11 20 0 0 0 0 0 0 0 0 0 0 0 0 0 0 0 0 
0 0 0 0 17 13 16 14 20 14 15 17 10 10 18 12 0 0 0 0 
0 0 0 0 15 17 17 13 10 13 12 12 10 18 14 16 0 0 0 0 
0 0 0 0 0 0 0 0 0 0 0 0 19 13 16 20 0 0 0 0 
0 0 0 0 0 0 0 0 0 0 0 0 0 0 0 0 15 17 15 19 
15 12 18 11 0 0 0 0 0 0 0 0 0 0 0 0 0 0 0 0 
0 0 0 0 0 0 0 0 10 18 17 18 0 0 0 0 0 0 0 0 
0 0 0 0 14 20 14 17 13 19 19 15 10 11 12 16 0 0 0 0 
0 0 0 0 0 0 0 0 18 13 12 12 20 12 20 10 0 0 0 0 
0 0 0 0 0 0 0 0 0 0 0 0 0 0 0 0 20 19 10 15 
10 18 18 13 0 0 0 0 0 0 0 0 0 0 0 0 0 0 0 0 
0 0 0 0 0 0 0 0 16 14 10 14 0 0 0 0 0 0 0 0 
0 0 0 0 0 0 0 0 0 0 0 0 20 18 18 10 0 0 0 0 
0 0 0 0 0 0 0 0 0 0 0 0 13 18 12 18 0 0 0 0 
0 0 0 0 0 0 0 0 0 0 0 0 0 0 0 0 19 18 17 10 
17 19 20 11 0 0 0 0 0 0 0 0 0 0 0 0 0 0 0 0 
0 0 0 0 0 0 0 0 18 11 13 10 0 0 0 0 0 0 0 0 
0 0 0 0 0 0 0 0 0 0 0 0 18 16 13 17 0 0 0 0 
0 0 0 0 0 0 0 0 10 20 13 17 0 0 0 0 0 0 0 0 
0 0 0 0 0 0 0 0 0 0 0 0 0 0 0 0 18 13 15 15 
17 16 10 11 0 0 0 0 0 0 0 0 0 0 0 0 0 0 0 0 
0 0 0 0 18 15 19 17 12 11 17 14 14 13 18 13 0 0 0 0 
0 0 0 0 18 15 18 15 12 15 10 16 18 20 16 15 0 0 0 0 
0 0 0 0 15 15 13 17 10 13 10 10 17 15 17 11 0 0 0 0 
0 0 0 0 0 0 0 0 0 0 0 0 0 0 0 0 10 17 14 13 
19 13 17 14 0 0 0 0 0 0 0 0 0 0 0 0 0 0 0 0 
0 0 0 0 17 16 13 14 0 0 0 0 18 20 10 12 0 0 0 0 
0 0 0 0 18 11 10 19 20 15 10 15 12 12 19 10 0 0 0 0 
0 0 0 0 0 0 0 0 0 0 0 0 20 13 20 10 0 0 0 0 
0 0 0 0 0 0 0 0 0 0 0 0 0 0 0 0 17 16 12 11 
19 11 17 20 0 0 0 0 0 0 0 0 0 0 0 0 0 0 0 0 
0 0 0 0 15 10 12 11 19 20 12 17 14 14 14 17 0 0 0 0 
0 0 0 0 0 0 0 0 13 14 14 12 12 15 19 20 0 0 0 0 
0 0 0 0 10 11 18 17 17 18 14 11 18 19 10 13 0 0 0 0 
0 0 0 0 0 0 0 0 0 0 0 0 0 0 0 0 18 17 18 14 
14 16 10 15 0 0 0 0 0 0 0 0 0 0 0 0 0 0 0 0 
0 0 0 0 16 18 14 20 14 14 12 18 11 12 19 19 0 0 0 0 
0 0 0 0 0 0 0 0 0 0 0 0 14 13 20 18 0 0 0 0 
0 0 0 0 12 11 19 10 17 17 11 12 14 17 20 16 0 0 0 0 
0 0 0 0 0 0 0 0 0 0 0 0 0 0 0 0 20 13 16 20 
13 17 16 15 0 0 0 0 0 0 0 0 0 0 0 0 0 0 0 0 
0 0 0 0 17 10 20 13 17 19 15 20 16 10 16 14 0 0 0 0 
0 0 0 0 0 0 0 0 18 14 13 11 17 15 12 13 0 0 0 0 
0 0 0 0 0 0 0 0 10 10 17 10 0 0 0 0 0 0 0 0 
0 0 0 0 0 0 0 0 0 0 0 0 0 0 0 0 10 15 19 18 
11 14 14 17 0 0 0 0 0 0 0 0 0 0 0 0 0 0 0 0 
0 0 0 0 10 11 17 19 10 12 20 10 11 16 14 17 0 0 0 0 
0 0 0 0 14 14 19 18 18 15 14 10 15 13 10 19 0 0 0 0 
0 0 0 0 16 10 18 14 16 16 16 18 17 10 10 10 0 0 0 0 
0 0 0 0 0 0 0 0 0 0 0 0 0 0 0 0 20 16 19 18 
10 17 16 19 0 0 0 0 0 0 0 0 0 0 0 0 0 0 0 0 
0 0 0 0 0 0 0 0 0 0 0 0 12 11 20 16 0 0 0 0 
0 0 0 0 15 15 17 14 0 0 0 0 0 0 0 0 0 0 0 0 
0 0 0 0 0 0 0 0 15 14 14 20 0 0 0 0 0 0 0 0 
0 0 0 0 0 0 0 0 0 0 0 0 0 0 0 0 17 14 17 14 
11 16 14 19 0 0 0 0 0 0 0 0 0 0 0 0 0 0 0 0 
0 0 0 0 14 20 15 15 15 18 15 11 17 18 12 14 0 0 0 0 
0 0 0 0 0 0 0 0 16 17 14 14 10 15 19 10 0 0 0 0 
0 0 0 0 10 13 13 16 0 0 0 0 18 18 16 18 0 0 0 0 
0 0 0 0 0 0 0 0 0 0 0 0 0 0 0 0 15 12 15 12 
16 15 16 16 0 0 0 0 0 0 0 0 0 0 0 0 0 0 0 0 
0 0 0 0 19 14 20 15 11 11 11 16 18 14 17 19 0 0 0 0 
0 0 0 0 10 20 20 19 20 20 13 11 11 11 19 13 0 0 0 0 
0 0 0 0 20 10 17 17 0 0 0 0 0 0 0 0 0 0 0 0 
0 0 0 0 0 0 0 0 0 0 0 0 0 0 0 0 10 15 16 20 
12 19 11 11 0 0 0 0 0 0 0 0 0 0 0 0 0 0 0 0 
0 0 0 0 17 19 19 13 0 0 0 0 0 0 0 0 0 0 0 0 
0 0 0 0 0 0 0 0 12 13 13 11 0 0 0 0 0 0 0 0 
0 0 0 0 14 13 11 19 0 0 0 0 0 0 0 0 0 0 0 0 
0 0 0 0 0 0 0 0 0 0 0 0 0 0 0 0 18 10 19 13 
13 20 19 16 0 0 0 0 0 0 0 0 0 0 0 0 0 0 0 0 
0 0 0 0 0 0 0 0 14 12 20 11 12 11 14 20 0 0 0 0 
0 0 0 0 10 17 19 19 0 0 0 0 20 11 20 19 0 0 0 0 
0 0 0 0 18 14 13 18 14 13 18 17 15 13 15 15 0 0 0 0 
0 0 0 0 0 0 0 0 0 0 0 0 0 0 0 0 15 15 11 10 
10 12 17 19 0 0 0 0 0 0 0 0 0 0 0 0 0 0 0 0 
0 0 0 0 19 14 12 19 0 0 0 0 16 10 12 14 0 0 0 0 
0 0 0 0 16 17 19 14 14 10 19 17 18 13 10 10 0 0 0 0 
0 0 0 0 0 0 0 0 10 16 19 12 12 12 12 17 0 0 0 0 
0 0 0 0 0 0 0 0 0 0 0 0 0 0 0 0 12 16 17 12 
16 20 15 15 0 0 0 0 0 0 0 0 0 0 0 0 0 0 0 0 
0 0 0 0 13 10 17 15 0 0 0 0 0 0 0 0 0 0 0 0 
0 0 0 0 17 16 16 18 16 15 17 13 17 18 15 10 0 0 0 0 
0 0 0 0 12 20 11 13 15 15 11 20 18 20 10 14 0 0 0 0 
0 0 0 0 0 0 0 0 0 0 0 0 0 0 0 0 19 18 13 16 
19 19 19 15 0 0 0 0 0 0 0 0 0 0 0 0 0 0 0 0 
0 0 0 0 0 0 0 0 20 16 12 10 15 14 17 16 0 0 0 0 
0 0 0 0 13 17 17 11 0 0 0 0 19 20 12 14 0 0 0 0 
0 0 0 0 12 10 16 10 0 0 0 0 0 0 0 0 0 0 0 0 
0 0 0 0 0 0 0 0 0 0 0 0 0 0 0 0 15 20 13 19 
15 14 16 12 0 0 0 0 0 0 0 0 0 0 0 0 0 0 0 0 
0 0 0 0 19 12 13 17 0 0 0 0 0 0 0 0 0 0 0 0 
0 0 0 0 0 0 0 0 18 17 16 15 10 18 14 15 0 0 0 0 
0 0 0 0 10 13 15 14 15 13 13 12 0 0 0 0 0 0 0 0 
0 0 0 0 0 0 0 0 0 0 0 0 0 0 0 0 12 20 13 14 
18 16 19 16 0 0 0 0 0 0 0 0 0 0 0 0 0 0 0 0 
0 0 0 0 12 10 19 11 13 11 20 17 12 12 11 14 0 0 0 0 
0 0 0 0 18 19 15 20 0 0 0 0 14 10 20 15 0 0 0 0 
0 0 0 0 10 19 14 17 0 0 0 0 0 0 0 0 0 0 0 0 
0 0 0 0 0 0 0 0 0 0 0 0 0 0 0 0 15 20 13 20 
12 12 10 11 0 0 0 0 0 0 0 0 0 0 0 0 0 0 0 0 
0 0 0 0 17 15 18 12 11 15 14 12 20 11 14 16 0 0 0 0 
0 0 0 0 20 14 20 11 0 0 0 0 11 13 14 17 0 0 0 0 
0 0 0 0 17 19 10 19 19 12 20 20 0 0 0 0 0 0 0 0 
0 0 0 0 0 0 0 0 0 0 0 0 0 0 0 0 11 14 17 20 
13 11 19 12 0 0 0 0 0 0 0 0 0 0 0 0 0 0 0 0 
0 0 0 0 0 0 0 0 14 17 11 16 0 0 0 0 0 0 0 0 
0 0 0 0 11 20 17 11 11 16 16 20 13 11 10 19 0 0 0 0 
0 0 0 0 10 19 16 11 0 0 0 0 0 0 0 0 0 0 0 0 
0 0 0 0 0 0 0 0 0 0 0 0 0 0 0 0 18 14 13 13 
17 19 20 18 0 0 0 0 0 0 0 0 0 0 0 0 0 0 0 0 
0 0 0 0 0 0 0 0 17 17 20 10 0 0 0 0 0 0 0 0 
0 0 0 0 0 0 0 0 0 0 0 0 18 11 14 19 0 0 0 0 
0 0 0 0 11 16 14 16 14 15 15 17 17 19 13 12 0 0 0 0 
0 0 0 0 0 0 0 0 0 0 0 0 0 0 0 0 19 19 20 17 
10 13 16 16 0 0 0 0 0 0 0 0 0 0 0 0 0 0 0 0 
0 0 0 0 16 17 14 20 20 14 15 15 18 14 15 17 0 0 0 0 
0 0 0 0 0 0 0 0 15 19 13 10 0 0 0 0 0 0 0 0 
0 0 0 0 20 20 18 12 0 0 0 0 14 15 17 15 0 0 0 0 
0 0 0 0 0 0 0 0 0 0 0 0 0 0 0 0 14 13 18 20 
15 13 19 15 0 0 0 0 0 0 0 0 0 0 0 0 0 0 0 0 
0 0 0 0 18 13 17 14 0 0 0 0 17 10 11 17 0 0 0 0 
0 0 0 0 11 19 16 13 19 14 13 11 20 17 11 12 0 0 0 0 
0 0 0 0 14 19 17 10 12 14 20 11 16 17 11 13 0 0 0 0 
0 0 0 0 0 0 0 0 0 0 0 0 0 0 0 0 13 17 18 18 
11 14 16 11 0 0 0 0 0 0 0 0 0 0 0 0 0 0 0 0 
0 0 0 0 16 10 13 15 0 0 0 0 19 20 18 10 0 0 0 0 
0 0 0 0 17 12 18 18 12 18 15 12 0 0 0 0 0 0 0 0 
0 0 0 0 0 0 0 0 14 13 16 10 16 11 17 19 0 0 0 0 
0 0 0 0 0 0 0 0 0 0 0 0 0 0 0 0 15 14 18 11 
10 15 10 11 0 0 0 0 0 0 0 0 0 0 0 0 0 0 0 0 
0 0 0 0 13 14 13 13 14 14 16 14 18 14 20 20 0 0 0 0 
0 0 0 0 16 20 19 20 14 10 20 16 11 14 10 15 0 0 0 0 
0 0 0 0 0 0 0 0 0 0 0 0 15 14 13 11 0 0 0 0 
0 0 0 0 0 0 0 0 0 0 0 0 0 0 0 0 13 20 19 10 
20 17 13 14 0 0 0 0 0 0 0 0 0 0 0 0 0 0 0 0 
0 0 0 0 0 0 0 0 16 12 11 17 13 11 11 10 0 0 0 0 
0 0 0 0 0 0 0 0 14 17 11 19 0 0 0 0 0 0 0 0 
0 0 0 0 0 0 0 0 19 16 16 18 0 0 0 0 0 0 0 0 
0 0 0 0 0 0 0 0 0 0 0 0 0 0 0 0 17 15 14 19 
20 12 18 11 0 0 0 0 0 0 0 0 0 0 0 0 0 0 0 0 
0 0 0 0 0 0 0 0 13 17 16 16 0 0 0 0 0 0 0 0 
0 0 0 0 16 18 20 19 10 17 14 19 13 15 17 10 0 0 0 0 
0 0 0 0 19 17 18 16 20 19 19 20 16 12 11 18 0 0 0 0 
0 0 0 0 0 0 0 0 0 0 0 0 0 0 0 0 18 18 17 18 
17 16 20 10 0 0 0 0 0 0 0 0 0 0 0 0 0 0 0 0 
0 0 0 0 12 12 19 16 16 12 13 19 19 18 20 14 0 0 0 0 
0 0 0 0 13 18 17 20 12 17 10 15 15 17 12 14 0 0 0 0 
0 0 0 0 17 12 20 20 13 12 17 13 0 0 0 0 0 0 0 0 
0 0 0 0 0 0 0 0 0 0 0 0 0 0 0 0 19 20 17 15 
12 17 10 19 0 0 0 0 0 0 0 0 0 0 0 0 0 0 0 0 
0 0 0 0 0 0 0 0 20 20 17 20 0 0 0 0 0 0 0 0 
0 0 0 0 10 11 14 14 15 10 12 10 17 19 14 20 0 0 0 0 
0 0 0 0 0 0 0 0 17 19 14 17 0 0 0 0 0 0 0 0 
0 0 0 0 0 0 0 0 0 0 0 0 0 0 0 0 20 14 16 19 
13 13 10 17 0 0 0 0 0 0 0 0 0 0 0 0 0 0 0 0 
0 0 0 0 0 0 0 0 12 12 11 11 17 11 13 14 0 0 0 0 
0 0 0 0 10 17 14 16 19 15 11 11 0 0 0 0 0 0 0 0 
0 0 0 0 11 12 19 20 0 0 0 0 17 13 11 10 0 0 0 0 
0 0 0 0 0 0 0 0 0 0 0 0 0 0 0 0 20 12 10 15 
20 19 20 17 0 0 0 0 0 0 0 0 0 0 0 0 0 0 0 0 
0 0 0 0 0 0 0 0 14 18 14 15 18 12 13 10 0 0 0 0 
0 0 0 0 19 13 19 11 10 14 14 10 18 17 17 19 0 0 0 0 
0 0 0 0 0 0 0 0 0 0 0 0 18 14 20 13 0 0 0 0 
0 0 0 0 0 0 0 0 0 0 0 0 0 0 0 0 10 19 15 16 
15 19 12 10 0 0 0 0 0 0 0 0 0 0 0 0 0 0 0 0 
0 0 0 0 0 0 0 0 0 0 0 0 20 15 20 13 0 0 0 0 
0 0 0 0 19 19 20 12 11 17 15 10 0 0 0 0 0 0 0 0 
0 0 0 0 0 0 0 0 13 14 12 16 20 10 19 14 0 0 0 0 
0 0 0 0 0 0 0 0 0 0 0 0 0 0 0 0 19 12 19 20 
19 16 15 17 0 0 0 0 0 0 0 0 0 0 0 0 0 0 0 0 
0 0 0 0 12 15 19 11 14 12 14 17 13 10 13 10 0 0 0 0 
0 0 0 0 10 18 16 14 15 19 20 15 14 12 20 11 0 0 0 0 
0 0 0 0 0 0 0 0 0 0 0 0 12 13 15 12 0 0 0 0 
0 0 0 0 0 0 0 0 0 0 0 0 0 0 0 0 18 12 20 10 
12 16 12 12 0 0 0 0 0 0 0 0 0 0 0 0 0 0 0 0 
0 0 0 0 0 0 0 0 0 0 0 0 14 19 12 19 0 0 0 0 
0 0 0 0 18 20 10 11 0 0 0 0 0 0 0 0 0 0 0 0 
0 0 0 0 0 0 0 0 0 0 0 0 20 17 19 11 0 0 0 0 
0 0 0 0 0 0 0 0 0 0 0 0 0 0 0 0 20 15 20 14 
16 15 16 10 0 0 0 0 0 0 0 0 0 0 0 0 0 0 0 0 
0 0 0 0 0 0 0 0 10 15 14 19 0 0 0 0 0 0 0 0 
0 0 0 0 10 13 13 19 0 0 0 0 0 0 0 0 0 0 0 0 
0 0 0 0 14 14 14 19 15 11 14 16 18 14 20 19 0 0 0 0 
0 0 0 0 0 0 0 0 0 0 0 0 0 0 0 0 18 19 16 16 
19 15 17 17 0 0 0 0 0 0 0 0 0 0 0 0 0 0 0 0 
0 0 0 0 11 10 12 17 0 0 0 0 13 20 14 19 0 0 0 0 
0 0 0 0 0 0 0 0 0 0 0 0 13 12 15 12 0 0 0 0 
0 0 0 0 10 15 15 18 20 10 16 18 18 18 20 13 0 0 0 0 
0 0 0 0 0 0 0 0 0 0 0 0 0 0 0 0 12 12 10 13 
11 18 11 15 0 0 0 0 0 0 0 0 0 0 0 0 0 0 0 0 
0 0 0 0 14 18 12 14 17 17 15 14 15 11 20 13 0 0 0 0 
0 0 0 0 13 18 18 17 0 0 0 0 0 0 0 0 0 0 0 0 
0 0 0 0 20 19 15 10 0 0 0 0 0 0 0 0 0 0 0 0 
0 0 0 0 0 0 0 0 0 0 0 0 0 0 0 0 10 18 13 18 
13 16 12 20 0 0 0 0 0 0 0 0 0 0 0 0 0 0 0 0 
0 0 0 0 0 0 0 0 11 18 12 10 18 14 12 18 0 0 0 0 
0 0 0 0 10 12 20 19 10 14 10 10 14 14 13 16 0 0 0 0 
0 0 0 0 10 11 12 10 11 17 20 20 10 18 10 20 0 0 0 0 
0 0 0 0 0 0 0 0 0 0 0 0 0 0 0 0 17 17 19 17 
18 12 20 13 0 0 0 0 0 0 0 0 0 0 0 0 0 0 0 0 
0 0 0 0 11 11 11 10 17 19 14 10 19 13 11 18 0 0 0 0 
0 0 0 0 20 11 12 10 0 0 0 0 19 19 18 17 0 0 0 0 
0 0 0 0 14 16 10 13 0 0 0 0 17 18 16 14 0 0 0 0 
0 0 0 0 0 0 0 0 0 0 0 0 0 0 0 0 19 12 10 11 
13 18 10 17 0 0 0 0 0 0 0 0 0 0 0 0 0 0 0 0 
0 0 0 0 11 10 20 18 13 18 18 14 10 17 13 20 0 0 0 0 
0 0 0 0 13 15 13 15 13 16 18 18 11 20 15 14 0 0 0 0 
0 0 0 0 20 16 11 14 0 0 0 0 0 0 0 0 0 0 0 0 
0 0 0 0 0 0 0 0 0 0 0 0 0 0 0 0 11 20 10 12 
17 15 18 15 0 0 0 0 0 0 0 0 0 0 0 0 0 0 0 0 
0 0 0 0 0 0 0 0 19 13 15 12 10 17 17 20 0 0 0 0 
0 0 0 0 18 14 10 16 14 20 19 15 14 11 14 14 0 0 0 0 
0 0 0 0 15 16 10 19 0 0 0 0 0 0 0 0 0 0 0 0 
0 0 0 0 0 0 0 0 0 0 0 0 0 0 0 0 12 12 12 17 
10 15 19 17 0 0 0 0 0 0 0 0 0 0 0 0 0 0 0 0 
0 0 0 0 0 0 0 0 10 14 19 10 10 16 11 10 0 0 0 0 
0 0 0 0 19 11 17 11 18 17 20 18 11 15 12 17 0 0 0 0 
0 0 0 0 0 0 0 0 17 12 14 18 10 19 20 13 0 0 0 0 
0 0 0 0 0 0 0 0 0 0 0 0 0 0 0 0 15 20 16 15 
19 11 15 20 0 0 0 0 0 0 0 0 0 0 0 0 0 0 0 0 
0 0 0 0 14 16 17 15 20 20 10 17 0 0 0 0 0 0 0 0 
0 0 0 0 17 20 19 13 16 12 13 20 16 13 19 12 0 0 0 0 
0 0 0 0 17 15 11 11 14 15 12 19 15 11 20 16 0 0 0 0 
0 0 0 0 0 0 0 0 0 0 0 0 0 0 0 0 12 20 10 17 
19 17 15 16 0 0 0 0 0 0 0 0 0 0 0 0 0 0 0 0 
0 0 0 0 12 18 10 12 14 20 19 15 20 11 10 16 0 0 0 0 
0 0 0 0 17 18 20 18 18 15 18 19 11 13 15 17 0 0 0 0 
0 0 0 0 12 15 15 17 0 0 0 0 13 10 16 17 0 0 0 0 
0 0 0 0 0 0 0 0 0 0 0 0 0 0 0 0 16 10 10 17 
10 17 15 11 0 0 0 0 0 0 0 0 0 0 0 0 0 0 0 0 
0 0 0 0 13 17 11 15 14 10 14 10 17 13 12 10 0 0 0 0 
0 0 0 0 18 18 11 17 0 0 0 0 0 0 0 0 0 0 0 0 
0 0 0 0 12 20 19 12 11 19 11 10 19 13 14 18 0 0 0 0 
0 0 0 0 0 0 0 0 0 0 0 0 0 0 0 0 18 10 15 12 
18 18 11 20 0 0 0 0 0 0 0 0 0 0 0 0 0 0 0 0 
0 0 0 0 20 16 15 14 0 0 0 0 16 11 11 12 0 0 0 0 
0 0 0 0 16 10 16 16 0 0 0 0 0 0 0 0 0 0 0 0 
0 0 0 0 15 18 14 15 13 10 17 19 15 17 15 19 0 0 0 0 
0 0 0 0 0 0 0 0 0 0 0 0 0 0 0 0 10 14 11 16 
12 12 17 12 0 0 0 0 0 0 0 0 0 0 0 0 0 0 0 0 
0 0 0 0 0 0 0 0 0 0 0 0 12 13 12 10 0 0 0 0 
0 0 0 0 0 0 0 0 0 0 0 0 13 14 16 12 0 0 0 0 
0 0 0 0 10 12 15 16 13 18 19 15 20 19 10 18 0 0 0 0 
0 0 0 0 0 0 0 0 0 0 0 0 0 0 0 0 18 20 16 11 
13 15 11 18 0 0 0 0 0 0 0 0 0 0 0 0 0 0 0 0 
0 0 0 0 18 16 19 13 0 0 0 0 13 18 18 11 0 0 0 0 
0 0 0 0 13 12 17 17 13 17 20 12 20 14 14 19 0 0 0 0 
0 0 0 0 17 20 17 17 0 0 0 0 15 15 18 18 0 0 0 0 
0 0 0 0 0 0 0 0 0 0 0 0 0 0 0 0 12 12 16 20 
11 12 17 19 0 0 0 0 0 0 0 0 0 0 0 0 0 0 0 0 
0 0 0 0 16 18 11 16 13 14 14 17 0 0 0 0 0 0 0 0 
0 0 0 0 19 14 15 19 0 0 0 0 0 0 0 0 0 0 0 0 
0 0 0 0 14 16 11 11 0 0 0 0 16 18 18 19 0 0 0 0 
0 0 0 0 0 0 0 0 0 0 0 0 0 0 0 0 11 15 19 15 
20 20 20 18 0 0 0 0 0 0 0 0 0 0 0 0 0 0 0 0 
0 0 0 0 0 0 0 0 13 15 12 17 0 0 0 0 0 0 0 0 
0 0 0 0 0 0 0 0 0 0 0 0 13 16 14 20 0 0 0 0 
0 0 0 0 13 14 18 12 16 17 12 20 15 15 16 11 0 0 0 0 
0 0 0 0 0 0 0 0 0 0 0 0 0 0 0 0 10 14 19 17 
18 16 11 19 0 0 0 0 0 0 0 0 0 0 0 0 0 0 0 0 
0 0 0 0 0 0 0 0 20 18 15 11 20 17 19 14 0 0 0 0 
0 0 0 0 0 0 0 0 0 0 0 0 16 17 13 18 0 0 0 0 
0 0 0 0 0 0 0 0 0 0 0 0 10 13 13 14 0 0 0 0 
0 0 0 0 0 0 0 0 0 0 0 0 0 0 0 0 11 17 19 13 
10 10 13 10 0 0 0 0 0 0 0 0 0 0 0 0 0 0 0 0 
0 0 0 0 0 0 0 0 0 0 0 0 20 10 20 20 0 0 0 0 
0 0 0 0 0 0 0 0 0 0 0 0 10 13 16 18 0 0 0 0 
0 0 0 0 19 17 15 11 17 12 19 13 13 14 11 19 0 0 0 0 
0 0 0 0 0 0 0 0 0 0 0 0 0 0 0 0 10 11 12 20 
19 15 18 19 0 0 0 0 0 0 0 0 0 0 0 0 0 0 0 0 
0 0 0 0 18 17 11 13 14 12 13 12 15 20 12 15 0 0 0 0 
0 0 0 0 19 13 19 18 10 20 20 16 13 19 16 12 0 0 0 0 
0 0 0 0 0 0 0 0 20 13 13 16 10 14 19 19 0 0 0 0 
0 0 0 0 0 0 0 0 0 0 0 0 0 0 0 0 17 11 14 18 
17 14 18 11 0 0 0 0 0 0 0 0 0 0 0 0 0 0 0 0 
0 0 0 0 20 16 12 13 18 18 20 12 20 18 15 10 0 0 0 0 
0 0 0 0 16 17 16 18 0 0 0 0 0 0 0 0 0 0 0 0 
0 0 0 0 0 0 0 0 10 10 10 19 13 12 12 16 0 0 0 0 
0 0 0 0 0 0 0 0 0 0 0 0 0 0 0 0 14 20 16 20 
17 20 15 13 0 0 0 0 0 0 0 0 0 0 0 0 0 0 0 0 
0 0 0 0 20 19 20 12 0 0 0 0 11 11 12 13 0 0 0 0 
0 0 0 0 20 12 20 13 10 13 18 12 12 12 17 11 0 0 0 0 
0 0 0 0 0 0 0 0 16 11 10 19 15 16 13 14 0 0 0 0 
0 0 0 0 0 0 0 0 0 0 0 0 0 0 0 0 18 18 15 20 
18 13 12 14 0 0 0 0 0 0 0 0 0 0 0 0 0 0 0 0 
0 0 0 0 0 0 0 0 20 11 14 17 14 14 19 10 0 0 0 0 
0 0 0 0 10 12 19 19 12 10 20 14 0 0 0 0 0 0 0 0 
0 0 0 0 0 0 0 0 16 12 13 18 0 0 0 0 0 0 0 0 
0 0 0 0 0 0 0 0 0 0 0 0 0 0 0 0 14 13 19 18 
20 12 13 18 0 0 0 0 0 0 0 0 0 0 0 0 0 0 0 0 
0 0 0 0 14 20 17 14 16 18 16 16 13 10 12 10 0 0 0 0 
0 0 0 0 18 17 12 19 18 12 15 11 16 20 16 16 0 0 0 0 
0 0 0 0 15 10 20 10 12 13 17 16 11 13 11 12 0 0 0 0 
0 0 0 0 0 0 0 0 0 0 0 0 0 0 0 0 11 14 11 19 
11 14 16 20 0 0 0 0 0 0 0 0 0 0 0 0 0 0 0 0 
0 0 0 0 0 0 0 0 13 12 12 19 16 20 10 18 0 0 0 0 
0 0 0 0 0 0 0 0 20 18 14 20 10 11 11 18 0 0 0 0 
0 0 0 0 0 0 0 0 15 11 20 10 0 0 0 0 0 0 0 0 
0 0 0 0 0 0 0 0 0 0 0 0 0 0 0 0 11 13 17 17 
20 11 16 18 0 0 0 0 0 0 0 0 0 0 0 0 0 0 0 0 
0 0 0 0 15 17 18 13 14 20 20 16 16 17 11 10 0 0 0 0 
0 0 0 0 0 0 0 0 20 12 10 11 17 17 13 13 0 0 0 0 
0 0 0 0 0 0 0 0 0 0 0 0 13 20 14 17 0 0 0 0 
0 0 0 0 0 0 0 0 0 0 0 0 0 0 0 0 20 17 20 17 
16 16 10 14 0 0 0 0 0 0 0 0 0 0 0 0 0 0 0 0 
0 0 0 0 18 12 16 11 16 10 18 18 12 20 16 14 0 0 0 0 
0 0 0 0 0 0 0 0 13 10 10 10 0 0 0 0 0 0 0 0 
0 0 0 0 0 0 0 0 0 0 0 0 20 12 14 20 0 0 0 0 
0 0 0 0 0 0 0 0 0 0 0 0 0 0 0 0 17 15 10 14 
12 13 12 20 0 0 0 0 0 0 0 0 0 0 0 0 0 0 0 0 
0 0 0 0 20 19 10 11 0 0 0 0 0 0 0 0 0 0 0 0 
0 0 0 0 10 10 15 10 15 19 10 17 0 0 0 0 0 0 0 0 
0 0 0 0 16 10 15 11 18 17 19 20 20 12 11 14 0 0 0 0 
0 0 0 0 0 0 0 0 0 0 0 0 0 0 0 0 20 17 16 16 
13 13 16 19 0 0 0 0 0 0 0 0 0 0 0 0 0 0 0 0 
0 0 0 0 12 13 16 17 0 0 0 0 0 0 0 0 0 0 0 0 
0 0 0 0 19 16 18 17 11 16 20 18 0 0 0 0 0 0 0 0 
0 0 0 0 13 15 19 17 0 0 0 0 15 20 16 15 0 0 0 0 
0 0 0 0 0 0 0 0 0 0 0 0 0 0 0 0 10 19 11 18 
20 12 13 11 0 0 0 0 0 0 0 0 0 0 0 0 0 0 0 0 
0 0 0 0 0 0 0 0 11 19 12 10 0 0 0 0 0 0 0 0 
0 0 0 0 20 11 12 18 11 20 18 20 17 20 18 17 0 0 0 0 
0 0 0 0 0 0 0 0 20 12 15 18 0 0 0 0 0 0 0 0 
0 0 0 0 0 0 0 0 0 0 0 0 0 0 0 0 12 14 13 16 
15 11 16 11 0 0 0 0 0 0 0 0 0 0 0 0 0 0 0 0 
0 0 0 0 18 14 11 10 0 0 0 0 0 0 0 0 0 0 0 0 
0 0 0 0 0 0 0 0 15 18 18 20 0 0 0 0 0 0 0 0 
0 0 0 0 12 15 16 13 0 0 0 0 0 0 0 0 0 0 0 0 
0 0 0 0 0 0 0 0 0 0 0 0 0 0 0 0 14 12 11 14 
10 16 10 11 0 0 0 0 0 0 0 0 0 0 0 0 0 0 0 0 
0 0 0 0 0 0 0 0 15 10 16 13 0 0 0 0 0 0 0 0 
0 0 0 0 0 0 0 0 16 15 13 16 20 14 11 11 0 0 0 0 
0 0 0 0 20 20 18 13 11 20 11 19 17 12 10 15 0 0 0 0 
0 0 0 0 0 0 0 0 0 0 0 0 0 0 0 0 15 19 13 11 
11 14 14 13 0 0 0 0 0 0 0 0 0 0 0 0 0 0 0 0 
0 0 0 0 12 11 15 16 15 16 12 15 13 18 18 19 0 0 0 0 
0 0 0 0 0 0 0 0 10 17 20 12 0 0 0 0 0 0 0 0 
0 0 0 0 14 20 13 13 15 15 16 17 18 19 15 16 0 0 0 0 
0 0 0 0 0 0 0 0 0 0 0 0 0 0 0 0 10 14 12 15 
17 16 13 12 0 0 0 0 0 0 0 0 0 0 0 0 0 0 0 0 
0 0 0 0 0 0 0 0 0 0 0 0 14 14 10 20 0 0 0 0 
0 0 0 0 15 11 15 10 0 0 0 0 0 0 0 0 0 0 0 0 
0 0 0 0 0 0 0 0 12 15 10 12 0 0 0 0 0 0 0 0 
0 0 0 0 0 0 0 0 0 0 0 0 0 0 0 0 16 16 14 14 
19 12 19 10 0 0 0 0 0 0 0 0 0 0 0 0 0 0 0 0 
0 0 0 0 10 13 18 12 0 0 0 0 11 12 19 11 0 0 0 0 
0 0 0 0 16 11 11 19 11 12 15 20 0 0 0 0 0 0 0 0 
0 0 0 0 0 0 0 0 0 0 0 0 20 16 18 15 0 0 0 0 
0 0 0 0 0 0 0 0 0 0 0 0 0 0 0 0 20 17 16 11 
15 10 18 17 0 0 0 0 0 0 0 0 0 0 0 0 0 0 0 0 
0 0 0 0 13 12 11 16 0 0 0 0 15 10 10 15 0 0 0 0 
0 0 0 0 0 0 0 0 16 19 10 13 0 0 0 0 0 0 0 0 
0 0 0 0 0 0 0 0 13 12 20 20 19 17 17 11 0 0 0 0 
0 0 0 0 0 0 0 0 0 0 0 0 0 0 0 0 16 20 16 12 
10 17 16 15 0 0 0 0 0 0 0 0 0 0 0 0 0 0 0 0 
0 0 0 0 0 0 0 0 0 0 0 0 16 17 19 17 0 0 0 0 
0 0 0 0 10 15 19 11 0 0 0 0 10 13 14 18 0 0 0 0 
0 0 0 0 19 13 11 16 0 0 0 0 0 0 0 0 0 0 0 0 
0 0 0 0 0 0 0 0 0 0 0 0 0 0 0 0 14 10 12 10
---------------------
 
Distance between cells
Rows and Columns: correspond to cell number
0 198 145 460 252 218 246 
198 0 449 68 97 55 63 
145 449 0 434 319 362 137 
460 68 434 0 409 140 442 
252 97 319 409 0 499 398 
218 55 362 140 499 0 166 
246 63 137 442 398 166 0
---------------------
 
Distribution of machines in cells   (1 -- if machine m is distributed in cell u;0 -- else) 
Rows: correspond to cell number; Columns: correspond to machine number
1 0 0 0 0 0 1 0 0 0 0 0 0 0 0 0 0 0 0 0 
0 0 0 1 0 0 0 0 0 0 1 0 0 0 0 0 0 0 1 0 
0 1 0 0 0 0 0 0 0 1 0 0 0 0 0 0 0 1 0 0 
0 0 0 0 0 1 0 0 0 0 0 1 0 0 1 0 0 0 0 0 
0 0 0 0 1 0 0 0 1 0 0 0 0 1 0 0 0 0 0 1 
0 0 0 0 0 0 0 1 0 0 0 0 0 0 0 1 0 0 0 0 
0 0 1 0 0 0 0 0 0 0 0 0 1 0 0 0 1 0 0 0
---------------------
 
