Adaption from Behnke16

Number of operations for each part
5 5 5 5 5 5 5 5 5 5 5 5 5 5 5 5 5 5 5 5 5 5 5 5 5 5 5 5 5 5 5 5 5 5 5 5 5 5 5 5 5 5 5 5 5 5 5 5 5 5 5 5 5 5 5 5 5 5 5 5 5 5 5 5 5 5 5 5 5 5 5 5 5 5 5 5 5 5 5 5 5 5 5 5 5 5 5 5 5 5 5 5 5 5 5 5 5 5 5 5
---------------------
 
Processing time   (0 -- non-optional machine)
Rows: sequential for each operation of each part; Columns: correspond to machine number
20 25 26 25 0 0 0 0 0 0 0 0 0 0 0 0 0 0 0 0 
0 0 0 0 29 19 29 24 19 26 10 25 15 13 27 26 0 0 0 0 
0 0 0 0 17 25 28 16 21 19 15 14 16 18 21 20 0 0 0 0 
0 0 0 0 13 30 18 26 0 0 0 0 0 0 0 0 0 0 0 0 
0 0 0 0 0 0 0 0 0 0 0 0 0 0 0 0 30 19 26 19 
11 13 25 16 0 0 0 0 0 0 0 0 0 0 0 0 0 0 0 0 
0 0 0 0 0 0 0 0 21 10 26 19 0 0 0 0 0 0 0 0 
0 0 0 0 29 20 16 27 0 0 0 0 11 29 23 13 0 0 0 0 
0 0 0 0 0 0 0 0 0 0 0 0 10 30 12 27 0 0 0 0 
0 0 0 0 0 0 0 0 0 0 0 0 0 0 0 0 11 30 15 24 
17 25 15 17 0 0 0 0 0 0 0 0 0 0 0 0 0 0 0 0 
0 0 0 0 26 26 15 19 0 0 0 0 17 15 13 23 0 0 0 0 
0 0 0 0 25 16 29 23 0 0 0 0 0 0 0 0 0 0 0 0 
0 0 0 0 0 0 0 0 14 25 14 18 16 28 12 21 0 0 0 0 
0 0 0 0 0 0 0 0 0 0 0 0 0 0 0 0 14 23 10 24 
22 29 25 17 0 0 0 0 0 0 0 0 0 0 0 0 0 0 0 0 
0 0 0 0 26 25 21 20 0 0 0 0 0 0 0 0 0 0 0 0 
0 0 0 0 0 0 0 0 0 0 0 0 20 19 27 30 0 0 0 0 
0 0 0 0 30 29 22 28 11 18 23 11 28 30 25 24 0 0 0 0 
0 0 0 0 0 0 0 0 0 0 0 0 0 0 0 0 24 29 19 30 
11 30 24 18 0 0 0 0 0 0 0 0 0 0 0 0 0 0 0 0 
0 0 0 0 30 29 22 24 18 12 20 16 21 22 15 14 0 0 0 0 
0 0 0 0 0 0 0 0 18 15 25 18 0 0 0 0 0 0 0 0 
0 0 0 0 16 12 12 28 24 16 15 30 23 21 10 24 0 0 0 0 
0 0 0 0 0 0 0 0 0 0 0 0 0 0 0 0 26 24 14 20 
22 22 21 24 0 0 0 0 0 0 0 0 0 0 0 0 0 0 0 0 
0 0 0 0 18 15 19 28 0 0 0 0 0 0 0 0 0 0 0 0 
0 0 0 0 0 0 0 0 24 27 25 28 0 0 0 0 0 0 0 0 
0 0 0 0 11 21 19 13 0 0 0 0 0 0 0 0 0 0 0 0 
0 0 0 0 0 0 0 0 0 0 0 0 0 0 0 0 18 14 19 15 
13 15 25 15 0 0 0 0 0 0 0 0 0 0 0 0 0 0 0 0 
0 0 0 0 19 27 10 19 25 16 14 27 0 0 0 0 0 0 0 0 
0 0 0 0 26 12 28 22 0 0 0 0 22 14 21 14 0 0 0 0 
0 0 0 0 11 30 30 19 19 11 25 22 23 10 23 26 0 0 0 0 
0 0 0 0 0 0 0 0 0 0 0 0 0 0 0 0 26 19 30 29 
18 25 10 23 0 0 0 0 0 0 0 0 0 0 0 0 0 0 0 0 
0 0 0 0 0 0 0 0 22 30 12 25 0 0 0 0 0 0 0 0 
0 0 0 0 0 0 0 0 0 0 0 0 14 23 27 16 0 0 0 0 
0 0 0 0 14 23 17 20 26 16 14 15 0 0 0 0 0 0 0 0 
0 0 0 0 0 0 0 0 0 0 0 0 0 0 0 0 18 16 10 13 
16 21 29 23 0 0 0 0 0 0 0 0 0 0 0 0 0 0 0 0 
0 0 0 0 24 19 16 27 12 18 24 25 17 24 18 21 0 0 0 0 
0 0 0 0 29 15 25 16 10 27 12 19 13 29 30 15 0 0 0 0 
0 0 0 0 17 10 19 11 27 18 10 19 0 0 0 0 0 0 0 0 
0 0 0 0 0 0 0 0 0 0 0 0 0 0 0 0 25 14 21 15 
16 14 19 25 0 0 0 0 0 0 0 0 0 0 0 0 0 0 0 0 
0 0 0 0 12 24 22 24 16 16 18 24 29 17 30 30 0 0 0 0 
0 0 0 0 29 20 13 25 22 27 30 17 22 16 22 15 0 0 0 0 
0 0 0 0 19 13 20 19 0 0 0 0 0 0 0 0 0 0 0 0 
0 0 0 0 0 0 0 0 0 0 0 0 0 0 0 0 28 28 20 15 
13 11 12 19 0 0 0 0 0 0 0 0 0 0 0 0 0 0 0 0 
0 0 0 0 0 0 0 0 22 12 16 12 0 0 0 0 0 0 0 0 
0 0 0 0 23 20 28 11 0 0 0 0 20 17 20 22 0 0 0 0 
0 0 0 0 0 0 0 0 29 21 16 30 0 0 0 0 0 0 0 0 
0 0 0 0 0 0 0 0 0 0 0 0 0 0 0 0 29 23 13 22 
16 11 17 20 0 0 0 0 0 0 0 0 0 0 0 0 0 0 0 0 
0 0 0 0 21 12 18 15 0 0 0 0 21 29 14 26 0 0 0 0 
0 0 0 0 11 27 22 18 0 0 0 0 19 30 20 10 0 0 0 0 
0 0 0 0 23 24 23 16 12 12 16 13 19 11 26 27 0 0 0 0 
0 0 0 0 0 0 0 0 0 0 0 0 0 0 0 0 16 15 30 27 
30 22 21 11 0 0 0 0 0 0 0 0 0 0 0 0 0 0 0 0 
0 0 0 0 29 18 23 30 29 29 12 30 13 29 17 28 0 0 0 0 
0 0 0 0 25 21 13 17 18 11 21 22 10 11 18 10 0 0 0 0 
0 0 0 0 28 13 16 30 16 26 23 16 0 0 0 0 0 0 0 0 
0 0 0 0 0 0 0 0 0 0 0 0 0 0 0 0 11 16 20 24 
16 29 30 27 0 0 0 0 0 0 0 0 0 0 0 0 0 0 0 0 
0 0 0 0 13 15 16 25 0 0 0 0 0 0 0 0 0 0 0 0 
0 0 0 0 0 0 0 0 23 18 28 27 24 27 14 27 0 0 0 0 
0 0 0 0 17 22 10 19 0 0 0 0 19 18 23 25 0 0 0 0 
0 0 0 0 0 0 0 0 0 0 0 0 0 0 0 0 30 27 24 16 
15 15 21 28 0 0 0 0 0 0 0 0 0 0 0 0 0 0 0 0 
0 0 0 0 0 0 0 0 0 0 0 0 22 25 12 28 0 0 0 0 
0 0 0 0 13 19 29 23 19 21 16 23 15 18 21 20 0 0 0 0 
0 0 0 0 22 28 18 26 11 15 12 30 19 22 13 14 0 0 0 0 
0 0 0 0 0 0 0 0 0 0 0 0 0 0 0 0 21 15 26 25 
25 21 20 14 0 0 0 0 0 0 0 0 0 0 0 0 0 0 0 0 
0 0 0 0 11 19 12 11 24 23 28 12 30 10 28 23 0 0 0 0 
0 0 0 0 0 0 0 0 0 0 0 0 29 26 11 25 0 0 0 0 
0 0 0 0 20 23 15 26 0 0 0 0 0 0 0 0 0 0 0 0 
0 0 0 0 0 0 0 0 0 0 0 0 0 0 0 0 30 17 27 27 
23 15 29 18 0 0 0 0 0 0 0 0 0 0 0 0 0 0 0 0 
0 0 0 0 19 29 27 30 19 13 13 29 17 14 18 16 0 0 0 0 
0 0 0 0 14 12 14 15 0 0 0 0 20 11 27 21 0 0 0 0 
0 0 0 0 0 0 0 0 0 0 0 0 27 25 26 20 0 0 0 0 
0 0 0 0 0 0 0 0 0 0 0 0 0 0 0 0 30 15 12 24 
21 13 22 26 0 0 0 0 0 0 0 0 0 0 0 0 0 0 0 0 
0 0 0 0 0 0 0 0 0 0 0 0 18 21 18 25 0 0 0 0 
0 0 0 0 0 0 0 0 24 16 17 28 0 0 0 0 0 0 0 0 
0 0 0 0 23 18 20 26 23 11 21 19 16 19 17 18 0 0 0 0 
0 0 0 0 0 0 0 0 0 0 0 0 0 0 0 0 26 26 18 15 
11 10 23 23 0 0 0 0 0 0 0 0 0 0 0 0 0 0 0 0 
0 0 0 0 22 22 28 26 17 28 15 24 28 13 15 25 0 0 0 0 
0 0 0 0 28 24 16 15 18 22 12 22 0 0 0 0 0 0 0 0 
0 0 0 0 11 26 29 17 0 0 0 0 12 15 21 17 0 0 0 0 
0 0 0 0 0 0 0 0 0 0 0 0 0 0 0 0 24 13 10 13 
30 24 26 18 0 0 0 0 0 0 0 0 0 0 0 0 0 0 0 0 
0 0 0 0 20 26 21 10 18 16 27 13 29 23 30 15 0 0 0 0 
0 0 0 0 0 0 0 0 0 0 0 0 10 25 11 22 0 0 0 0 
0 0 0 0 0 0 0 0 17 25 10 18 0 0 0 0 0 0 0 0 
0 0 0 0 0 0 0 0 0 0 0 0 0 0 0 0 11 18 10 25 
17 19 29 23 0 0 0 0 0 0 0 0 0 0 0 0 0 0 0 0 
0 0 0 0 16 11 22 29 21 26 20 13 19 20 20 15 0 0 0 0 
0 0 0 0 23 12 11 25 0 0 0 0 0 0 0 0 0 0 0 0 
0 0 0 0 19 24 11 18 10 12 21 16 10 14 11 12 0 0 0 0 
0 0 0 0 0 0 0 0 0 0 0 0 0 0 0 0 14 14 12 24 
18 24 16 30 0 0 0 0 0 0 0 0 0 0 0 0 0 0 0 0 
0 0 0 0 22 20 26 19 28 10 12 17 30 11 14 25 0 0 0 0 
0 0 0 0 16 28 12 17 0 0 0 0 0 0 0 0 0 0 0 0 
0 0 0 0 25 21 15 13 12 10 10 21 0 0 0 0 0 0 0 0 
0 0 0 0 0 0 0 0 0 0 0 0 0 0 0 0 23 27 14 20 
25 23 26 27 0 0 0 0 0 0 0 0 0 0 0 0 0 0 0 0 
0 0 0 0 0 0 0 0 12 19 15 12 0 0 0 0 0 0 0 0 
0 0 0 0 18 30 13 20 29 18 25 12 29 28 22 17 0 0 0 0 
0 0 0 0 26 15 25 30 0 0 0 0 12 23 12 27 0 0 0 0 
0 0 0 0 0 0 0 0 0 0 0 0 0 0 0 0 24 24 22 14 
18 27 27 29 0 0 0 0 0 0 0 0 0 0 0 0 0 0 0 0 
0 0 0 0 0 0 0 0 28 17 14 26 13 28 30 28 0 0 0 0 
0 0 0 0 15 17 13 22 26 11 21 11 0 0 0 0 0 0 0 0 
0 0 0 0 14 20 12 10 19 15 25 24 18 14 30 15 0 0 0 0 
0 0 0 0 0 0 0 0 0 0 0 0 0 0 0 0 26 14 20 21 
25 16 19 10 0 0 0 0 0 0 0 0 0 0 0 0 0 0 0 0 
0 0 0 0 29 13 26 19 0 0 0 0 0 0 0 0 0 0 0 0 
0 0 0 0 30 21 22 28 27 29 30 26 17 30 19 25 0 0 0 0 
0 0 0 0 21 29 23 18 28 11 29 21 0 0 0 0 0 0 0 0 
0 0 0 0 0 0 0 0 0 0 0 0 0 0 0 0 12 23 14 16 
23 21 27 13 0 0 0 0 0 0 0 0 0 0 0 0 0 0 0 0 
0 0 0 0 12 25 18 30 0 0 0 0 20 15 25 16 0 0 0 0 
0 0 0 0 0 0 0 0 12 24 29 10 0 0 0 0 0 0 0 0 
0 0 0 0 16 15 18 29 0 0 0 0 0 0 0 0 0 0 0 0 
0 0 0 0 0 0 0 0 0 0 0 0 0 0 0 0 11 13 16 20 
17 29 10 16 0 0 0 0 0 0 0 0 0 0 0 0 0 0 0 0 
0 0 0 0 0 0 0 0 12 17 16 11 0 0 0 0 0 0 0 0 
0 0 0 0 0 0 0 0 16 22 12 22 0 0 0 0 0 0 0 0 
0 0 0 0 0 0 0 0 20 23 23 11 28 23 20 22 0 0 0 0 
0 0 0 0 0 0 0 0 0 0 0 0 0 0 0 0 14 18 15 23 
13 22 24 14 0 0 0 0 0 0 0 0 0 0 0 0 0 0 0 0 
0 0 0 0 0 0 0 0 0 0 0 0 13 13 13 19 0 0 0 0 
0 0 0 0 23 29 19 28 0 0 0 0 12 24 28 24 0 0 0 0 
0 0 0 0 29 22 26 28 10 29 13 30 26 29 12 28 0 0 0 0 
0 0 0 0 0 0 0 0 0 0 0 0 0 0 0 0 15 18 10 15 
13 23 16 10 0 0 0 0 0 0 0 0 0 0 0 0 0 0 0 0 
0 0 0 0 26 26 28 24 26 29 25 11 29 20 19 17 0 0 0 0 
0 0 0 0 19 22 13 21 0 0 0 0 0 0 0 0 0 0 0 0 
0 0 0 0 23 19 24 10 28 12 25 30 0 0 0 0 0 0 0 0 
0 0 0 0 0 0 0 0 0 0 0 0 0 0 0 0 28 23 14 22 
22 29 20 22 0 0 0 0 0 0 0 0 0 0 0 0 0 0 0 0 
0 0 0 0 20 28 18 26 26 24 29 19 12 30 28 24 0 0 0 0 
0 0 0 0 27 23 21 14 27 17 21 27 21 30 18 14 0 0 0 0 
0 0 0 0 20 17 26 24 25 24 20 19 21 16 16 21 0 0 0 0 
0 0 0 0 0 0 0 0 0 0 0 0 0 0 0 0 11 26 12 30 
29 26 27 28 0 0 0 0 0 0 0 0 0 0 0 0 0 0 0 0 
0 0 0 0 11 11 16 25 29 12 22 25 21 22 23 21 0 0 0 0 
0 0 0 0 27 11 18 18 14 12 24 17 0 0 0 0 0 0 0 0 
0 0 0 0 0 0 0 0 12 26 29 28 0 0 0 0 0 0 0 0 
0 0 0 0 0 0 0 0 0 0 0 0 0 0 0 0 20 20 27 23 
30 13 11 29 0 0 0 0 0 0 0 0 0 0 0 0 0 0 0 0 
0 0 0 0 0 0 0 0 0 0 0 0 14 27 10 27 0 0 0 0 
0 0 0 0 28 16 15 25 25 15 24 11 13 24 20 30 0 0 0 0 
0 0 0 0 0 0 0 0 14 17 13 20 16 26 27 22 0 0 0 0 
0 0 0 0 0 0 0 0 0 0 0 0 0 0 0 0 24 15 16 15 
16 25 10 22 0 0 0 0 0 0 0 0 0 0 0 0 0 0 0 0 
0 0 0 0 0 0 0 0 21 14 21 19 11 15 28 12 0 0 0 0 
0 0 0 0 30 29 17 12 23 28 10 26 24 27 18 22 0 0 0 0 
0 0 0 0 25 21 27 18 25 17 24 20 13 10 28 20 0 0 0 0 
0 0 0 0 0 0 0 0 0 0 0 0 0 0 0 0 11 30 22 30 
27 22 11 30 0 0 0 0 0 0 0 0 0 0 0 0 0 0 0 0 
0 0 0 0 12 30 25 14 21 15 19 24 20 19 29 16 0 0 0 0 
0 0 0 0 27 14 14 20 11 12 27 26 13 18 13 10 0 0 0 0 
0 0 0 0 18 13 28 28 11 24 24 14 12 18 13 15 0 0 0 0 
0 0 0 0 0 0 0 0 0 0 0 0 0 0 0 0 21 15 21 30 
19 15 14 25 0 0 0 0 0 0 0 0 0 0 0 0 0 0 0 0 
0 0 0 0 30 30 14 28 18 10 19 15 0 0 0 0 0 0 0 0 
0 0 0 0 24 30 13 22 30 12 13 27 29 29 27 18 0 0 0 0 
0 0 0 0 25 18 29 29 24 27 11 26 27 27 13 17 0 0 0 0 
0 0 0 0 0 0 0 0 0 0 0 0 0 0 0 0 15 26 14 16 
12 21 10 24 0 0 0 0 0 0 0 0 0 0 0 0 0 0 0 0 
0 0 0 0 23 21 29 23 0 0 0 0 18 26 15 26 0 0 0 0 
0 0 0 0 22 21 23 14 24 26 18 24 0 0 0 0 0 0 0 0 
0 0 0 0 21 11 15 28 0 0 0 0 15 16 23 24 0 0 0 0 
0 0 0 0 0 0 0 0 0 0 0 0 0 0 0 0 10 17 24 16 
30 16 16 24 0 0 0 0 0 0 0 0 0 0 0 0 0 0 0 0 
0 0 0 0 0 0 0 0 30 25 15 12 0 0 0 0 0 0 0 0 
0 0 0 0 20 12 30 25 0 0 0 0 21 14 16 17 0 0 0 0 
0 0 0 0 19 10 10 12 0 0 0 0 0 0 0 0 0 0 0 0 
0 0 0 0 0 0 0 0 0 0 0 0 0 0 0 0 17 28 12 10 
21 29 30 10 0 0 0 0 0 0 0 0 0 0 0 0 0 0 0 0 
0 0 0 0 0 0 0 0 21 28 15 23 0 0 0 0 0 0 0 0 
0 0 0 0 11 13 27 22 0 0 0 0 29 28 28 25 0 0 0 0 
0 0 0 0 13 27 22 22 24 25 30 20 15 17 10 23 0 0 0 0 
0 0 0 0 0 0 0 0 0 0 0 0 0 0 0 0 29 20 27 19 
19 21 12 30 0 0 0 0 0 0 0 0 0 0 0 0 0 0 0 0 
0 0 0 0 14 25 25 11 0 0 0 0 0 0 0 0 0 0 0 0 
0 0 0 0 27 14 27 29 0 0 0 0 0 0 0 0 0 0 0 0 
0 0 0 0 28 20 26 23 21 30 16 23 0 0 0 0 0 0 0 0 
0 0 0 0 0 0 0 0 0 0 0 0 0 0 0 0 18 29 26 15 
30 15 23 13 0 0 0 0 0 0 0 0 0 0 0 0 0 0 0 0 
0 0 0 0 0 0 0 0 14 11 24 29 0 0 0 0 0 0 0 0 
0 0 0 0 14 27 17 21 22 27 24 17 14 18 11 21 0 0 0 0 
0 0 0 0 25 29 14 21 21 17 11 15 10 18 12 12 0 0 0 0 
0 0 0 0 0 0 0 0 0 0 0 0 0 0 0 0 23 29 10 21 
10 26 22 30 0 0 0 0 0 0 0 0 0 0 0 0 0 0 0 0 
0 0 0 0 0 0 0 0 29 24 11 14 18 13 13 26 0 0 0 0 
0 0 0 0 13 23 24 13 0 0 0 0 22 25 14 30 0 0 0 0 
0 0 0 0 0 0 0 0 24 13 13 15 0 0 0 0 0 0 0 0 
0 0 0 0 0 0 0 0 0 0 0 0 0 0 0 0 23 16 16 12 
24 10 27 13 0 0 0 0 0 0 0 0 0 0 0 0 0 0 0 0 
0 0 0 0 22 28 17 15 26 29 18 22 0 0 0 0 0 0 0 0 
0 0 0 0 0 0 0 0 28 17 20 22 10 29 20 25 0 0 0 0 
0 0 0 0 0 0 0 0 26 26 20 19 0 0 0 0 0 0 0 0 
0 0 0 0 0 0 0 0 0 0 0 0 0 0 0 0 16 29 14 26 
17 19 12 22 0 0 0 0 0 0 0 0 0 0 0 0 0 0 0 0 
0 0 0 0 0 0 0 0 0 0 0 0 24 27 24 29 0 0 0 0 
0 0 0 0 0 0 0 0 0 0 0 0 22 29 16 16 0 0 0 0 
0 0 0 0 23 12 15 27 25 28 13 28 15 13 19 27 0 0 0 0 
0 0 0 0 0 0 0 0 0 0 0 0 0 0 0 0 15 24 13 22 
19 28 18 20 0 0 0 0 0 0 0 0 0 0 0 0 0 0 0 0 
0 0 0 0 18 24 27 19 25 14 22 18 0 0 0 0 0 0 0 0 
0 0 0 0 19 22 12 14 0 0 0 0 18 15 16 24 0 0 0 0 
0 0 0 0 11 17 11 13 25 15 29 22 0 0 0 0 0 0 0 0 
0 0 0 0 0 0 0 0 0 0 0 0 0 0 0 0 23 27 21 28 
23 30 19 30 0 0 0 0 0 0 0 0 0 0 0 0 0 0 0 0 
0 0 0 0 26 24 28 27 18 19 22 25 11 26 17 26 0 0 0 0 
0 0 0 0 11 15 20 27 26 14 25 13 19 29 23 18 0 0 0 0 
0 0 0 0 0 0 0 0 18 27 18 13 0 0 0 0 0 0 0 0 
0 0 0 0 0 0 0 0 0 0 0 0 0 0 0 0 12 22 30 20 
14 19 10 21 0 0 0 0 0 0 0 0 0 0 0 0 0 0 0 0 
0 0 0 0 0 0 0 0 23 19 24 20 11 30 13 24 0 0 0 0 
0 0 0 0 0 0 0 0 20 18 10 21 0 0 0 0 0 0 0 0 
0 0 0 0 23 29 22 24 0 0 0 0 0 0 0 0 0 0 0 0 
0 0 0 0 0 0 0 0 0 0 0 0 0 0 0 0 17 14 22 28 
25 30 14 21 0 0 0 0 0 0 0 0 0 0 0 0 0 0 0 0 
0 0 0 0 10 25 13 18 0 0 0 0 0 0 0 0 0 0 0 0 
0 0 0 0 26 21 28 12 29 19 21 27 0 0 0 0 0 0 0 0 
0 0 0 0 0 0 0 0 15 15 25 17 14 23 26 22 0 0 0 0 
0 0 0 0 0 0 0 0 0 0 0 0 0 0 0 0 27 20 30 29 
24 21 13 25 0 0 0 0 0 0 0 0 0 0 0 0 0 0 0 0 
0 0 0 0 0 0 0 0 28 12 23 22 0 0 0 0 0 0 0 0 
0 0 0 0 12 28 23 17 13 19 14 13 27 22 14 26 0 0 0 0 
0 0 0 0 0 0 0 0 28 27 26 24 30 27 13 25 0 0 0 0 
0 0 0 0 0 0 0 0 0 0 0 0 0 0 0 0 30 21 19 18 
30 20 12 14 0 0 0 0 0 0 0 0 0 0 0 0 0 0 0 0 
0 0 0 0 26 26 21 15 26 22 24 26 28 15 21 24 0 0 0 0 
0 0 0 0 28 12 18 15 0 0 0 0 29 28 22 22 0 0 0 0 
0 0 0 0 15 28 14 29 0 0 0 0 14 11 21 18 0 0 0 0 
0 0 0 0 0 0 0 0 0 0 0 0 0 0 0 0 10 13 21 20 
18 19 25 12 0 0 0 0 0 0 0 0 0 0 0 0 0 0 0 0 
0 0 0 0 16 15 27 21 14 20 19 27 19 23 26 15 0 0 0 0 
0 0 0 0 0 0 0 0 0 0 0 0 20 27 15 10 0 0 0 0 
0 0 0 0 0 0 0 0 0 0 0 0 16 15 25 17 0 0 0 0 
0 0 0 0 0 0 0 0 0 0 0 0 0 0 0 0 10 24 19 15 
11 15 13 14 0 0 0 0 0 0 0 0 0 0 0 0 0 0 0 0 
0 0 0 0 14 17 10 14 0 0 0 0 30 24 10 17 0 0 0 0 
0 0 0 0 0 0 0 0 0 0 0 0 18 20 19 30 0 0 0 0 
0 0 0 0 10 22 30 21 13 16 16 10 17 12 11 21 0 0 0 0 
0 0 0 0 0 0 0 0 0 0 0 0 0 0 0 0 23 23 11 27 
18 29 28 27 0 0 0 0 0 0 0 0 0 0 0 0 0 0 0 0 
0 0 0 0 21 20 19 21 23 18 11 23 11 26 24 29 0 0 0 0 
0 0 0 0 30 22 16 17 29 24 23 12 11 25 28 10 0 0 0 0 
0 0 0 0 26 12 11 24 15 22 27 24 27 11 12 28 0 0 0 0 
0 0 0 0 0 0 0 0 0 0 0 0 0 0 0 0 15 19 16 20 
25 13 16 26 0 0 0 0 0 0 0 0 0 0 0 0 0 0 0 0 
0 0 0 0 12 30 18 10 0 0 0 0 26 28 14 16 0 0 0 0 
0 0 0 0 0 0 0 0 26 24 24 12 26 29 13 16 0 0 0 0 
0 0 0 0 23 17 20 23 28 18 29 21 0 0 0 0 0 0 0 0 
0 0 0 0 0 0 0 0 0 0 0 0 0 0 0 0 16 20 10 10 
21 19 15 13 0 0 0 0 0 0 0 0 0 0 0 0 0 0 0 0 
0 0 0 0 15 13 25 21 0 0 0 0 10 27 27 28 0 0 0 0 
0 0 0 0 23 22 25 23 21 14 15 15 0 0 0 0 0 0 0 0 
0 0 0 0 13 12 30 23 12 27 27 24 0 0 0 0 0 0 0 0 
0 0 0 0 0 0 0 0 0 0 0 0 0 0 0 0 13 20 13 25 
21 23 24 11 0 0 0 0 0 0 0 0 0 0 0 0 0 0 0 0 
0 0 0 0 16 27 20 24 13 15 11 23 0 0 0 0 0 0 0 0 
0 0 0 0 22 24 26 24 26 17 29 19 0 0 0 0 0 0 0 0 
0 0 0 0 21 30 17 11 12 19 24 12 21 22 26 13 0 0 0 0 
0 0 0 0 0 0 0 0 0 0 0 0 0 0 0 0 19 12 26 21 
12 29 21 21 0 0 0 0 0 0 0 0 0 0 0 0 0 0 0 0 
0 0 0 0 20 15 12 28 24 10 30 30 0 0 0 0 0 0 0 0 
0 0 0 0 25 30 28 27 30 26 19 13 0 0 0 0 0 0 0 0 
0 0 0 0 27 13 26 11 0 0 0 0 0 0 0 0 0 0 0 0 
0 0 0 0 0 0 0 0 0 0 0 0 0 0 0 0 14 23 29 21 
15 30 30 11 0 0 0 0 0 0 0 0 0 0 0 0 0 0 0 0 
0 0 0 0 15 12 28 25 0 0 0 0 13 19 21 25 0 0 0 0 
0 0 0 0 0 0 0 0 0 0 0 0 15 23 21 23 0 0 0 0 
0 0 0 0 14 29 13 21 29 21 24 24 12 29 17 10 0 0 0 0 
0 0 0 0 0 0 0 0 0 0 0 0 0 0 0 0 21 19 26 20 
13 27 13 10 0 0 0 0 0 0 0 0 0 0 0 0 0 0 0 0 
0 0 0 0 19 22 10 16 28 30 24 20 14 23 24 18 0 0 0 0 
0 0 0 0 15 11 15 22 27 12 25 12 26 25 23 19 0 0 0 0 
0 0 0 0 28 12 21 20 0 0 0 0 26 15 24 20 0 0 0 0 
0 0 0 0 0 0 0 0 0 0 0 0 0 0 0 0 20 23 13 25 
16 13 11 18 0 0 0 0 0 0 0 0 0 0 0 0 0 0 0 0 
0 0 0 0 20 18 11 27 21 11 16 29 14 17 18 29 0 0 0 0 
0 0 0 0 12 10 17 14 0 0 0 0 25 25 21 19 0 0 0 0 
0 0 0 0 28 11 15 15 24 17 29 13 11 27 24 16 0 0 0 0 
0 0 0 0 0 0 0 0 0 0 0 0 0 0 0 0 20 13 28 25 
23 21 13 29 0 0 0 0 0 0 0 0 0 0 0 0 0 0 0 0 
0 0 0 0 0 0 0 0 23 26 22 21 24 25 10 25 0 0 0 0 
0 0 0 0 26 11 14 17 0 0 0 0 0 0 0 0 0 0 0 0 
0 0 0 0 0 0 0 0 15 11 21 15 0 0 0 0 0 0 0 0 
0 0 0 0 0 0 0 0 0 0 0 0 0 0 0 0 14 18 19 23 
29 27 12 28 0 0 0 0 0 0 0 0 0 0 0 0 0 0 0 0 
0 0 0 0 27 19 21 28 30 21 28 25 26 24 17 28 0 0 0 0 
0 0 0 0 23 15 14 15 15 28 17 22 0 0 0 0 0 0 0 0 
0 0 0 0 27 16 21 20 16 26 23 13 16 26 10 10 0 0 0 0 
0 0 0 0 0 0 0 0 0 0 0 0 0 0 0 0 18 24 14 21 
27 22 16 10 0 0 0 0 0 0 0 0 0 0 0 0 0 0 0 0 
0 0 0 0 23 28 20 10 0 0 0 0 0 0 0 0 0 0 0 0 
0 0 0 0 18 18 27 21 0 0 0 0 20 12 12 14 0 0 0 0 
0 0 0 0 17 21 28 28 19 18 20 12 28 16 15 15 0 0 0 0 
0 0 0 0 0 0 0 0 0 0 0 0 0 0 0 0 26 20 12 23 
22 13 16 23 0 0 0 0 0 0 0 0 0 0 0 0 0 0 0 0 
0 0 0 0 0 0 0 0 11 12 25 11 25 13 16 11 0 0 0 0 
0 0 0 0 0 0 0 0 15 13 19 19 0 0 0 0 0 0 0 0 
0 0 0 0 0 0 0 0 0 0 0 0 17 25 24 30 0 0 0 0 
0 0 0 0 0 0 0 0 0 0 0 0 0 0 0 0 27 28 30 24 
30 28 30 26 0 0 0 0 0 0 0 0 0 0 0 0 0 0 0 0 
0 0 0 0 14 22 14 11 19 16 26 15 0 0 0 0 0 0 0 0 
0 0 0 0 18 24 16 14 27 17 28 18 15 22 16 19 0 0 0 0 
0 0 0 0 12 19 28 27 22 15 21 16 18 27 20 19 0 0 0 0 
0 0 0 0 0 0 0 0 0 0 0 0 0 0 0 0 14 21 25 28 
18 12 22 21 0 0 0 0 0 0 0 0 0 0 0 0 0 0 0 0 
0 0 0 0 0 0 0 0 0 0 0 0 18 30 26 30 0 0 0 0 
0 0 0 0 19 22 27 30 12 12 26 18 29 30 29 18 0 0 0 0 
0 0 0 0 13 12 11 22 30 27 27 28 20 20 30 11 0 0 0 0 
0 0 0 0 0 0 0 0 0 0 0 0 0 0 0 0 28 23 22 24 
30 11 21 22 0 0 0 0 0 0 0 0 0 0 0 0 0 0 0 0 
0 0 0 0 0 0 0 0 15 30 26 29 21 18 24 23 0 0 0 0 
0 0 0 0 29 13 15 23 10 30 22 20 28 20 20 12 0 0 0 0 
0 0 0 0 0 0 0 0 26 26 27 11 0 0 0 0 0 0 0 0 
0 0 0 0 0 0 0 0 0 0 0 0 0 0 0 0 14 23 16 26 
24 12 30 25 0 0 0 0 0 0 0 0 0 0 0 0 0 0 0 0 
0 0 0 0 0 0 0 0 29 16 13 27 0 0 0 0 0 0 0 0 
0 0 0 0 0 0 0 0 27 24 17 19 11 11 12 21 0 0 0 0 
0 0 0 0 20 17 18 15 24 30 26 14 18 10 11 17 0 0 0 0 
0 0 0 0 0 0 0 0 0 0 0 0 0 0 0 0 30 10 13 26 
19 21 14 22 0 0 0 0 0 0 0 0 0 0 0 0 0 0 0 0 
0 0 0 0 16 19 13 24 10 27 23 24 19 24 29 19 0 0 0 0 
0 0 0 0 12 24 11 15 28 15 23 22 0 0 0 0 0 0 0 0 
0 0 0 0 23 12 20 19 17 21 20 20 17 24 29 16 0 0 0 0 
0 0 0 0 0 0 0 0 0 0 0 0 0 0 0 0 23 25 27 17 
24 28 20 20 0 0 0 0 0 0 0 0 0 0 0 0 0 0 0 0 
0 0 0 0 22 15 19 23 27 17 30 12 16 22 20 26 0 0 0 0 
0 0 0 0 0 0 0 0 0 0 0 0 23 30 30 23 0 0 0 0 
0 0 0 0 20 29 11 26 10 16 20 19 29 21 26 12 0 0 0 0 
0 0 0 0 0 0 0 0 0 0 0 0 0 0 0 0 18 15 24 20 
15 23 12 27 0 0 0 0 0 0 0 0 0 0 0 0 0 0 0 0 
0 0 0 0 17 23 28 23 16 29 15 20 10 18 23 21 0 0 0 0 
0 0 0 0 22 30 19 16 20 17 17 27 15 14 20 19 0 0 0 0 
0 0 0 0 27 26 22 23 26 17 22 20 20 14 19 11 0 0 0 0 
0 0 0 0 0 0 0 0 0 0 0 0 0 0 0 0 17 21 18 30 
25 26 25 21 0 0 0 0 0 0 0 0 0 0 0 0 0 0 0 0 
0 0 0 0 25 14 30 10 10 18 26 29 0 0 0 0 0 0 0 0 
0 0 0 0 27 17 21 22 19 21 12 30 26 24 14 27 0 0 0 0 
0 0 0 0 0 0 0 0 24 28 26 27 0 0 0 0 0 0 0 0 
0 0 0 0 0 0 0 0 0 0 0 0 0 0 0 0 26 17 12 29 
30 13 28 19 0 0 0 0 0 0 0 0 0 0 0 0 0 0 0 0 
0 0 0 0 0 0 0 0 18 30 28 12 0 0 0 0 0 0 0 0 
0 0 0 0 10 22 10 27 0 0 0 0 0 0 0 0 0 0 0 0 
0 0 0 0 26 19 27 22 26 20 29 26 25 23 27 21 0 0 0 0 
0 0 0 0 0 0 0 0 0 0 0 0 0 0 0 0 29 29 26 13 
28 10 25 13 0 0 0 0 0 0 0 0 0 0 0 0 0 0 0 0 
0 0 0 0 0 0 0 0 0 0 0 0 11 16 30 14 0 0 0 0 
0 0 0 0 19 29 26 22 23 29 21 15 0 0 0 0 0 0 0 0 
0 0 0 0 19 30 22 25 12 24 14 20 13 29 21 25 0 0 0 0 
0 0 0 0 0 0 0 0 0 0 0 0 0 0 0 0 22 19 29 20 
27 17 29 15 0 0 0 0 0 0 0 0 0 0 0 0 0 0 0 0 
0 0 0 0 16 23 28 24 0 0 0 0 0 0 0 0 0 0 0 0 
0 0 0 0 24 30 23 25 0 0 0 0 0 0 0 0 0 0 0 0 
0 0 0 0 25 17 27 18 0 0 0 0 0 0 0 0 0 0 0 0 
0 0 0 0 0 0 0 0 0 0 0 0 0 0 0 0 26 30 20 11 
22 26 10 11 0 0 0 0 0 0 0 0 0 0 0 0 0 0 0 0 
0 0 0 0 27 26 11 22 0 0 0 0 0 0 0 0 0 0 0 0 
0 0 0 0 20 25 14 29 11 24 10 13 21 30 20 16 0 0 0 0 
0 0 0 0 0 0 0 0 0 0 0 0 11 10 30 11 0 0 0 0 
0 0 0 0 0 0 0 0 0 0 0 0 0 0 0 0 23 28 24 25 
20 16 26 21 0 0 0 0 0 0 0 0 0 0 0 0 0 0 0 0 
0 0 0 0 16 25 14 14 29 22 26 20 20 16 23 10 0 0 0 0 
0 0 0 0 22 10 13 19 27 18 28 25 25 25 18 18 0 0 0 0 
0 0 0 0 0 0 0 0 26 24 30 29 20 13 20 19 0 0 0 0 
0 0 0 0 0 0 0 0 0 0 0 0 0 0 0 0 29 14 28 25 
23 25 23 27 0 0 0 0 0 0 0 0 0 0 0 0 0 0 0 0 
0 0 0 0 18 17 13 24 29 12 22 13 21 14 18 17 0 0 0 0 
0 0 0 0 0 0 0 0 0 0 0 0 22 29 22 30 0 0 0 0 
0 0 0 0 30 21 11 20 15 30 16 22 0 0 0 0 0 0 0 0 
0 0 0 0 0 0 0 0 0 0 0 0 0 0 0 0 23 24 18 13 
18 30 19 22 0 0 0 0 0 0 0 0 0 0 0 0 0 0 0 0 
0 0 0 0 0 0 0 0 17 27 11 24 0 0 0 0 0 0 0 0 
0 0 0 0 0 0 0 0 0 0 0 0 21 14 26 12 0 0 0 0 
0 0 0 0 0 0 0 0 0 0 0 0 30 25 27 25 0 0 0 0 
0 0 0 0 0 0 0 0 0 0 0 0 0 0 0 0 20 19 30 12 
25 27 29 19 0 0 0 0 0 0 0 0 0 0 0 0 0 0 0 0 
0 0 0 0 27 22 22 21 23 18 23 16 27 24 25 18 0 0 0 0 
0 0 0 0 27 28 20 30 21 16 26 26 17 13 17 25 0 0 0 0 
0 0 0 0 15 10 19 16 0 0 0 0 0 0 0 0 0 0 0 0 
0 0 0 0 0 0 0 0 0 0 0 0 0 0 0 0 29 17 10 18 
14 19 29 24 0 0 0 0 0 0 0 0 0 0 0 0 0 0 0 0 
0 0 0 0 28 14 25 20 11 19 16 20 0 0 0 0 0 0 0 0 
0 0 0 0 0 0 0 0 19 30 14 19 0 0 0 0 0 0 0 0 
0 0 0 0 23 21 22 20 0 0 0 0 21 14 11 13 0 0 0 0 
0 0 0 0 0 0 0 0 0 0 0 0 0 0 0 0 28 10 28 18 
22 18 12 29 0 0 0 0 0 0 0 0 0 0 0 0 0 0 0 0 
0 0 0 0 0 0 0 0 0 0 0 0 28 28 22 28 0 0 0 0 
0 0 0 0 0 0 0 0 11 23 23 25 12 26 23 30 0 0 0 0 
0 0 0 0 23 13 26 16 19 29 12 28 22 21 12 11 0 0 0 0 
0 0 0 0 0 0 0 0 0 0 0 0 0 0 0 0 27 18 24 16 
21 29 21 11 0 0 0 0 0 0 0 0 0 0 0 0 0 0 0 0 
0 0 0 0 24 13 16 12 21 30 24 14 24 30 24 27 0 0 0 0 
0 0 0 0 18 16 30 12 0 0 0 0 23 30 18 13 0 0 0 0 
0 0 0 0 22 19 22 24 18 28 16 11 20 16 26 17 0 0 0 0 
0 0 0 0 0 0 0 0 0 0 0 0 0 0 0 0 18 28 19 19 
18 13 13 15 0 0 0 0 0 0 0 0 0 0 0 0 0 0 0 0 
0 0 0 0 25 11 23 24 30 22 19 16 0 0 0 0 0 0 0 0 
0 0 0 0 0 0 0 0 0 0 0 0 28 25 29 29 0 0 0 0 
0 0 0 0 27 27 23 24 22 29 21 27 27 23 22 20 0 0 0 0 
0 0 0 0 0 0 0 0 0 0 0 0 0 0 0 0 18 22 21 15 
14 16 30 12 0 0 0 0 0 0 0 0 0 0 0 0 0 0 0 0 
0 0 0 0 0 0 0 0 12 21 30 12 14 25 10 19 0 0 0 0 
0 0 0 0 18 19 12 13 16 29 16 29 0 0 0 0 0 0 0 0 
0 0 0 0 0 0 0 0 0 0 0 0 24 26 15 16 0 0 0 0 
0 0 0 0 0 0 0 0 0 0 0 0 0 0 0 0 16 18 21 16 
13 23 29 21 0 0 0 0 0 0 0 0 0 0 0 0 0 0 0 0 
0 0 0 0 24 10 21 22 25 22 11 23 30 13 18 17 0 0 0 0 
0 0 0 0 25 10 24 27 0 0 0 0 0 0 0 0 0 0 0 0 
0 0 0 0 28 18 17 14 18 30 11 23 0 0 0 0 0 0 0 0 
0 0 0 0 0 0 0 0 0 0 0 0 0 0 0 0 13 19 17 18 
24 12 23 27 0 0 0 0 0 0 0 0 0 0 0 0 0 0 0 0 
0 0 0 0 0 0 0 0 24 29 13 16 0 0 0 0 0 0 0 0 
0 0 0 0 19 13 22 30 27 30 29 24 27 22 25 18 0 0 0 0 
0 0 0 0 0 0 0 0 14 30 28 23 0 0 0 0 0 0 0 0 
0 0 0 0 0 0 0 0 0 0 0 0 0 0 0 0 26 18 10 14 
25 14 24 15 0 0 0 0 0 0 0 0 0 0 0 0 0 0 0 0 
0 0 0 0 0 0 0 0 16 15 16 11 0 0 0 0 0 0 0 0 
0 0 0 0 21 30 22 27 25 10 15 17 27 15 23 18 0 0 0 0 
0 0 0 0 10 11 23 19 28 17 27 12 13 16 20 15 0 0 0 0 
0 0 0 0 0 0 0 0 0 0 0 0 0 0 0 0 17 12 18 17 
30 20 14 21 0 0 0 0 0 0 0 0 0 0 0 0 0 0 0 0 
0 0 0 0 19 13 17 30 27 22 13 11 19 29 15 15 0 0 0 0 
0 0 0 0 0 0 0 0 13 18 17 15 0 0 0 0 0 0 0 0 
0 0 0 0 10 28 25 25 0 0 0 0 0 0 0 0 0 0 0 0 
0 0 0 0 0 0 0 0 0 0 0 0 0 0 0 0 21 20 19 17 
20 17 10 16 0 0 0 0 0 0 0 0 0 0 0 0 0 0 0 0 
0 0 0 0 0 0 0 0 27 11 29 11 13 20 13 16 0 0 0 0 
0 0 0 0 0 0 0 0 22 12 28 12 0 0 0 0 0 0 0 0 
0 0 0 0 27 11 21 17 20 12 26 27 19 29 26 19 0 0 0 0 
0 0 0 0 0 0 0 0 0 0 0 0 0 0 0 0 22 11 15 19 
28 15 15 25 0 0 0 0 0 0 0 0 0 0 0 0 0 0 0 0 
0 0 0 0 0 0 0 0 11 20 27 23 28 18 24 12 0 0 0 0 
0 0 0 0 28 11 29 16 30 14 29 12 30 26 20 16 0 0 0 0 
0 0 0 0 20 14 29 14 0 0 0 0 0 0 0 0 0 0 0 0 
0 0 0 0 0 0 0 0 0 0 0 0 0 0 0 0 19 28 22 28 
30 14 15 15 0 0 0 0 0 0 0 0 0 0 0 0 0 0 0 0 
0 0 0 0 28 13 30 28 22 29 19 19 13 25 29 27 0 0 0 0 
0 0 0 0 11 28 19 11 26 22 11 13 15 10 13 22 0 0 0 0 
0 0 0 0 0 0 0 0 0 0 0 0 21 15 17 11 0 0 0 0 
0 0 0 0 0 0 0 0 0 0 0 0 0 0 0 0 22 30 11 17 
12 18 20 21 0 0 0 0 0 0 0 0 0 0 0 0 0 0 0 0 
0 0 0 0 26 11 21 20 15 14 26 14 12 26 21 23 0 0 0 0 
0 0 0 0 0 0 0 0 0 0 0 0 29 13 27 19 0 0 0 0 
0 0 0 0 25 27 16 27 18 21 24 20 0 0 0 0 0 0 0 0 
0 0 0 0 0 0 0 0 0 0 0 0 0 0 0 0 13 21 15 23 
26 18 21 15 0 0 0 0 0 0 0 0 0 0 0 0 0 0 0 0 
0 0 0 0 12 12 20 24 26 24 23 11 27 10 10 27 0 0 0 0 
0 0 0 0 26 17 15 15 24 25 24 15 0 0 0 0 0 0 0 0 
0 0 0 0 16 17 21 16 29 17 22 26 20 22 24 24 0 0 0 0 
0 0 0 0 0 0 0 0 0 0 0 0 0 0 0 0 12 21 18 29 
10 15 25 13 0 0 0 0 0 0 0 0 0 0 0 0 0 0 0 0 
0 0 0 0 12 17 30 14 17 12 16 15 0 0 0 0 0 0 0 0 
0 0 0 0 30 30 26 10 0 0 0 0 24 29 15 11 0 0 0 0 
0 0 0 0 0 0 0 0 24 12 13 21 0 0 0 0 0 0 0 0 
0 0 0 0 0 0 0 0 0 0 0 0 0 0 0 0 30 10 25 18 
23 27 14 16 0 0 0 0 0 0 0 0 0 0 0 0 0 0 0 0 
0 0 0 0 28 19 26 18 23 23 26 25 0 0 0 0 0 0 0 0 
0 0 0 0 0 0 0 0 12 14 19 17 14 25 18 30 0 0 0 0 
0 0 0 0 0 0 0 0 16 29 13 23 15 26 20 30 0 0 0 0 
0 0 0 0 0 0 0 0 0 0 0 0 0 0 0 0 28 10 17 24 
30 30 26 14 0 0 0 0 0 0 0 0 0 0 0 0 0 0 0 0 
0 0 0 0 0 0 0 0 0 0 0 0 26 22 14 16 0 0 0 0 
0 0 0 0 0 0 0 0 29 13 13 30 13 14 28 18 0 0 0 0 
0 0 0 0 26 28 14 24 10 16 15 17 27 27 21 23 0 0 0 0 
0 0 0 0 0 0 0 0 0 0 0 0 0 0 0 0 28 26 27 10 
27 19 22 12 0 0 0 0 0 0 0 0 0 0 0 0 0 0 0 0 
0 0 0 0 25 30 28 12 0 0 0 0 0 0 0 0 0 0 0 0 
0 0 0 0 20 21 14 30 28 26 30 25 0 0 0 0 0 0 0 0 
0 0 0 0 0 0 0 0 11 16 26 17 24 27 17 28 0 0 0 0 
0 0 0 0 0 0 0 0 0 0 0 0 0 0 0 0 18 27 29 15 
17 28 12 19 0 0 0 0 0 0 0 0 0 0 0 0 0 0 0 0 
0 0 0 0 25 25 14 22 0 0 0 0 25 22 16 23 0 0 0 0 
0 0 0 0 13 18 19 12 29 10 25 22 25 22 21 10 0 0 0 0 
0 0 0 0 21 11 23 10 11 25 26 12 0 0 0 0 0 0 0 0 
0 0 0 0 0 0 0 0 0 0 0 0 0 0 0 0 10 19 20 19 
18 10 25 10 0 0 0 0 0 0 0 0 0 0 0 0 0 0 0 0 
0 0 0 0 29 27 28 19 0 0 0 0 21 24 27 26 0 0 0 0 
0 0 0 0 12 19 14 22 30 13 12 20 16 15 17 29 0 0 0 0 
0 0 0 0 21 19 30 12 13 24 21 10 11 21 27 13 0 0 0 0 
0 0 0 0 0 0 0 0 0 0 0 0 0 0 0 0 22 12 15 27 
25 20 19 24 0 0 0 0 0 0 0 0 0 0 0 0 0 0 0 0 
0 0 0 0 24 20 20 27 26 26 12 24 30 11 18 27 0 0 0 0 
0 0 0 0 30 10 28 11 11 14 26 17 26 23 16 11 0 0 0 0 
0 0 0 0 0 0 0 0 0 0 0 0 18 19 19 11 0 0 0 0 
0 0 0 0 0 0 0 0 0 0 0 0 0 0 0 0 23 28 29 27
---------------------
 
Processing cost   (0 -- non-optional machine)
Rows: sequential for each operation of each part; Columns: correspond to machine number
14 14 14 19 0 0 0 0 0 0 0 0 0 0 0 0 0 0 0 0 
0 0 0 0 14 13 17 14 16 13 19 11 17 13 17 18 0 0 0 0 
0 0 0 0 19 15 18 11 16 17 17 17 13 20 20 11 0 0 0 0 
0 0 0 0 19 11 14 17 0 0 0 0 0 0 0 0 0 0 0 0 
0 0 0 0 0 0 0 0 0 0 0 0 0 0 0 0 17 12 11 18 
15 18 14 18 0 0 0 0 0 0 0 0 0 0 0 0 0 0 0 0 
0 0 0 0 0 0 0 0 11 16 12 20 0 0 0 0 0 0 0 0 
0 0 0 0 14 12 14 12 0 0 0 0 14 19 18 20 0 0 0 0 
0 0 0 0 0 0 0 0 0 0 0 0 19 14 11 15 0 0 0 0 
0 0 0 0 0 0 0 0 0 0 0 0 0 0 0 0 13 17 11 11 
10 12 12 19 0 0 0 0 0 0 0 0 0 0 0 0 0 0 0 0 
0 0 0 0 11 10 10 13 0 0 0 0 19 11 10 19 0 0 0 0 
0 0 0 0 13 11 17 13 0 0 0 0 0 0 0 0 0 0 0 0 
0 0 0 0 0 0 0 0 12 15 11 20 14 17 17 20 0 0 0 0 
0 0 0 0 0 0 0 0 0 0 0 0 0 0 0 0 16 13 17 12 
15 17 15 11 0 0 0 0 0 0 0 0 0 0 0 0 0 0 0 0 
0 0 0 0 14 18 18 10 0 0 0 0 0 0 0 0 0 0 0 0 
0 0 0 0 0 0 0 0 0 0 0 0 20 18 17 19 0 0 0 0 
0 0 0 0 12 16 16 12 17 17 18 18 11 16 16 19 0 0 0 0 
0 0 0 0 0 0 0 0 0 0 0 0 0 0 0 0 19 17 11 16 
13 13 12 19 0 0 0 0 0 0 0 0 0 0 0 0 0 0 0 0 
0 0 0 0 15 17 15 10 15 14 16 19 11 16 16 11 0 0 0 0 
0 0 0 0 0 0 0 0 10 17 10 15 0 0 0 0 0 0 0 0 
0 0 0 0 19 15 18 15 16 18 15 14 19 17 17 19 0 0 0 0 
0 0 0 0 0 0 0 0 0 0 0 0 0 0 0 0 14 18 12 13 
20 16 15 10 0 0 0 0 0 0 0 0 0 0 0 0 0 0 0 0 
0 0 0 0 12 12 12 13 0 0 0 0 0 0 0 0 0 0 0 0 
0 0 0 0 0 0 0 0 11 14 19 14 0 0 0 0 0 0 0 0 
0 0 0 0 14 12 10 16 0 0 0 0 0 0 0 0 0 0 0 0 
0 0 0 0 0 0 0 0 0 0 0 0 0 0 0 0 12 12 18 13 
20 10 16 19 0 0 0 0 0 0 0 0 0 0 0 0 0 0 0 0 
0 0 0 0 19 11 18 13 14 17 19 19 0 0 0 0 0 0 0 0 
0 0 0 0 10 14 20 17 0 0 0 0 15 13 15 20 0 0 0 0 
0 0 0 0 14 15 10 11 19 16 16 11 11 13 10 13 0 0 0 0 
0 0 0 0 0 0 0 0 0 0 0 0 0 0 0 0 16 12 14 20 
17 16 18 16 0 0 0 0 0 0 0 0 0 0 0 0 0 0 0 0 
0 0 0 0 0 0 0 0 11 12 17 13 0 0 0 0 0 0 0 0 
0 0 0 0 0 0 0 0 0 0 0 0 15 16 16 17 0 0 0 0 
0 0 0 0 10 20 18 11 17 14 11 14 0 0 0 0 0 0 0 0 
0 0 0 0 0 0 0 0 0 0 0 0 0 0 0 0 17 15 19 19 
11 12 11 12 0 0 0 0 0 0 0 0 0 0 0 0 0 0 0 0 
0 0 0 0 10 15 10 20 13 17 14 13 15 11 13 18 0 0 0 0 
0 0 0 0 20 13 13 10 10 10 10 13 10 14 16 17 0 0 0 0 
0 0 0 0 20 18 11 14 19 14 20 14 0 0 0 0 0 0 0 0 
0 0 0 0 0 0 0 0 0 0 0 0 0 0 0 0 16 11 16 13 
11 14 14 17 0 0 0 0 0 0 0 0 0 0 0 0 0 0 0 0 
0 0 0 0 19 10 18 19 20 20 10 19 12 14 18 20 0 0 0 0 
0 0 0 0 11 15 10 11 17 11 13 10 10 17 20 10 0 0 0 0 
0 0 0 0 10 20 20 15 0 0 0 0 0 0 0 0 0 0 0 0 
0 0 0 0 0 0 0 0 0 0 0 0 0 0 0 0 11 14 14 14 
19 16 15 16 0 0 0 0 0 0 0 0 0 0 0 0 0 0 0 0 
0 0 0 0 0 0 0 0 13 10 15 17 0 0 0 0 0 0 0 0 
0 0 0 0 18 13 12 13 0 0 0 0 14 17 19 19 0 0 0 0 
0 0 0 0 0 0 0 0 12 18 13 20 0 0 0 0 0 0 0 0 
0 0 0 0 0 0 0 0 0 0 0 0 0 0 0 0 13 17 11 11 
18 10 13 16 0 0 0 0 0 0 0 0 0 0 0 0 0 0 0 0 
0 0 0 0 19 15 20 19 0 0 0 0 20 13 17 12 0 0 0 0 
0 0 0 0 13 16 20 18 0 0 0 0 10 12 16 14 0 0 0 0 
0 0 0 0 13 12 13 15 20 18 20 16 19 17 15 12 0 0 0 0 
0 0 0 0 0 0 0 0 0 0 0 0 0 0 0 0 19 19 19 14 
16 18 12 17 0 0 0 0 0 0 0 0 0 0 0 0 0 0 0 0 
0 0 0 0 16 13 18 12 11 11 20 20 16 15 20 17 0 0 0 0 
0 0 0 0 17 16 17 19 20 19 15 14 14 16 18 17 0 0 0 0 
0 0 0 0 12 19 10 18 20 10 17 15 0 0 0 0 0 0 0 0 
0 0 0 0 0 0 0 0 0 0 0 0 0 0 0 0 13 10 12 19 
11 19 10 11 0 0 0 0 0 0 0 0 0 0 0 0 0 0 0 0 
0 0 0 0 13 17 15 14 0 0 0 0 0 0 0 0 0 0 0 0 
0 0 0 0 0 0 0 0 11 11 18 20 15 14 10 18 0 0 0 0 
0 0 0 0 10 11 16 13 0 0 0 0 14 18 17 18 0 0 0 0 
0 0 0 0 0 0 0 0 0 0 0 0 0 0 0 0 16 10 18 16 
20 10 14 15 0 0 0 0 0 0 0 0 0 0 0 0 0 0 0 0 
0 0 0 0 0 0 0 0 0 0 0 0 15 13 15 17 0 0 0 0 
0 0 0 0 15 18 16 16 11 18 19 17 12 10 16 20 0 0 0 0 
0 0 0 0 15 14 17 19 12 18 18 13 12 13 12 20 0 0 0 0 
0 0 0 0 0 0 0 0 0 0 0 0 0 0 0 0 14 13 12 16 
20 16 17 19 0 0 0 0 0 0 0 0 0 0 0 0 0 0 0 0 
0 0 0 0 18 14 17 20 20 11 10 13 19 16 12 13 0 0 0 0 
0 0 0 0 0 0 0 0 0 0 0 0 11 14 14 17 0 0 0 0 
0 0 0 0 11 13 10 11 0 0 0 0 0 0 0 0 0 0 0 0 
0 0 0 0 0 0 0 0 0 0 0 0 0 0 0 0 11 20 17 19 
16 10 11 13 0 0 0 0 0 0 0 0 0 0 0 0 0 0 0 0 
0 0 0 0 10 14 11 11 12 15 10 15 16 15 16 14 0 0 0 0 
0 0 0 0 11 16 18 10 0 0 0 0 10 13 15 16 0 0 0 0 
0 0 0 0 0 0 0 0 0 0 0 0 18 14 20 16 0 0 0 0 
0 0 0 0 0 0 0 0 0 0 0 0 0 0 0 0 13 15 13 18 
12 11 16 12 0 0 0 0 0 0 0 0 0 0 0 0 0 0 0 0 
0 0 0 0 0 0 0 0 0 0 0 0 14 10 18 14 0 0 0 0 
0 0 0 0 0 0 0 0 20 10 17 13 0 0 0 0 0 0 0 0 
0 0 0 0 18 19 18 16 10 13 13 19 11 15 12 10 0 0 0 0 
0 0 0 0 0 0 0 0 0 0 0 0 0 0 0 0 18 20 19 18 
11 13 14 17 0 0 0 0 0 0 0 0 0 0 0 0 0 0 0 0 
0 0 0 0 10 12 11 19 14 19 12 11 16 10 15 14 0 0 0 0 
0 0 0 0 19 10 17 17 13 18 12 11 0 0 0 0 0 0 0 0 
0 0 0 0 12 16 16 20 0 0 0 0 18 16 16 19 0 0 0 0 
0 0 0 0 0 0 0 0 0 0 0 0 0 0 0 0 10 19 10 20 
20 10 17 15 0 0 0 0 0 0 0 0 0 0 0 0 0 0 0 0 
0 0 0 0 14 13 17 14 10 15 19 12 14 13 19 12 0 0 0 0 
0 0 0 0 0 0 0 0 0 0 0 0 13 16 15 10 0 0 0 0 
0 0 0 0 0 0 0 0 14 13 16 20 0 0 0 0 0 0 0 0 
0 0 0 0 0 0 0 0 0 0 0 0 0 0 0 0 20 14 18 12 
19 10 15 18 0 0 0 0 0 0 0 0 0 0 0 0 0 0 0 0 
0 0 0 0 11 16 12 17 20 14 17 14 15 10 10 17 0 0 0 0 
0 0 0 0 10 13 18 15 0 0 0 0 0 0 0 0 0 0 0 0 
0 0 0 0 12 14 13 16 18 11 11 20 14 20 11 15 0 0 0 0 
0 0 0 0 0 0 0 0 0 0 0 0 0 0 0 0 10 18 19 11 
10 16 14 13 0 0 0 0 0 0 0 0 0 0 0 0 0 0 0 0 
0 0 0 0 17 17 12 10 14 10 15 13 10 11 15 20 0 0 0 0 
0 0 0 0 17 12 15 20 0 0 0 0 0 0 0 0 0 0 0 0 
0 0 0 0 16 16 20 15 16 17 16 17 0 0 0 0 0 0 0 0 
0 0 0 0 0 0 0 0 0 0 0 0 0 0 0 0 19 11 11 18 
18 14 17 16 0 0 0 0 0 0 0 0 0 0 0 0 0 0 0 0 
0 0 0 0 0 0 0 0 10 12 15 12 0 0 0 0 0 0 0 0 
0 0 0 0 15 15 14 20 12 14 19 15 14 15 10 20 0 0 0 0 
0 0 0 0 10 15 19 19 0 0 0 0 14 14 15 17 0 0 0 0 
0 0 0 0 0 0 0 0 0 0 0 0 0 0 0 0 18 11 11 13 
11 17 20 16 0 0 0 0 0 0 0 0 0 0 0 0 0 0 0 0 
0 0 0 0 0 0 0 0 13 15 16 10 12 12 20 19 0 0 0 0 
0 0 0 0 20 11 11 16 11 12 14 20 0 0 0 0 0 0 0 0 
0 0 0 0 20 17 18 14 10 17 15 12 12 13 18 18 0 0 0 0 
0 0 0 0 0 0 0 0 0 0 0 0 0 0 0 0 15 11 18 17 
11 13 19 10 0 0 0 0 0 0 0 0 0 0 0 0 0 0 0 0 
0 0 0 0 17 13 17 15 0 0 0 0 0 0 0 0 0 0 0 0 
0 0 0 0 11 11 11 10 17 18 15 13 18 12 20 15 0 0 0 0 
0 0 0 0 13 19 18 15 15 10 20 10 0 0 0 0 0 0 0 0 
0 0 0 0 0 0 0 0 0 0 0 0 0 0 0 0 11 17 15 14 
18 17 11 16 0 0 0 0 0 0 0 0 0 0 0 0 0 0 0 0 
0 0 0 0 14 19 17 19 0 0 0 0 12 12 12 12 0 0 0 0 
0 0 0 0 0 0 0 0 12 13 15 14 0 0 0 0 0 0 0 0 
0 0 0 0 17 20 20 14 0 0 0 0 0 0 0 0 0 0 0 0 
0 0 0 0 0 0 0 0 0 0 0 0 0 0 0 0 19 14 19 16 
17 18 16 20 0 0 0 0 0 0 0 0 0 0 0 0 0 0 0 0 
0 0 0 0 0 0 0 0 10 13 14 12 0 0 0 0 0 0 0 0 
0 0 0 0 0 0 0 0 16 12 14 15 0 0 0 0 0 0 0 0 
0 0 0 0 0 0 0 0 18 17 18 18 13 18 12 16 0 0 0 0 
0 0 0 0 0 0 0 0 0 0 0 0 0 0 0 0 14 15 18 15 
13 12 10 14 0 0 0 0 0 0 0 0 0 0 0 0 0 0 0 0 
0 0 0 0 0 0 0 0 0 0 0 0 19 18 16 11 0 0 0 0 
0 0 0 0 16 19 12 17 0 0 0 0 12 12 14 17 0 0 0 0 
0 0 0 0 15 11 11 12 16 16 18 18 12 12 13 18 0 0 0 0 
0 0 0 0 0 0 0 0 0 0 0 0 0 0 0 0 11 17 17 13 
11 11 12 15 0 0 0 0 0 0 0 0 0 0 0 0 0 0 0 0 
0 0 0 0 16 16 17 12 17 15 14 20 10 20 18 19 0 0 0 0 
0 0 0 0 10 13 16 14 0 0 0 0 0 0 0 0 0 0 0 0 
0 0 0 0 19 18 20 20 19 14 11 19 0 0 0 0 0 0 0 0 
0 0 0 0 0 0 0 0 0 0 0 0 0 0 0 0 10 12 10 20 
17 17 12 16 0 0 0 0 0 0 0 0 0 0 0 0 0 0 0 0 
0 0 0 0 11 12 11 13 15 14 10 13 10 10 14 13 0 0 0 0 
0 0 0 0 12 20 18 15 13 18 11 10 18 16 15 19 0 0 0 0 
0 0 0 0 19 16 14 11 14 14 17 18 20 16 19 16 0 0 0 0 
0 0 0 0 0 0 0 0 0 0 0 0 0 0 0 0 10 17 11 13 
19 20 11 20 0 0 0 0 0 0 0 0 0 0 0 0 0 0 0 0 
0 0 0 0 16 14 13 12 19 18 10 13 11 14 11 16 0 0 0 0 
0 0 0 0 16 10 19 18 15 13 13 17 0 0 0 0 0 0 0 0 
0 0 0 0 0 0 0 0 18 16 18 14 0 0 0 0 0 0 0 0 
0 0 0 0 0 0 0 0 0 0 0 0 0 0 0 0 17 11 14 13 
11 10 12 14 0 0 0 0 0 0 0 0 0 0 0 0 0 0 0 0 
0 0 0 0 0 0 0 0 0 0 0 0 10 18 17 12 0 0 0 0 
0 0 0 0 14 15 16 18 12 15 13 10 19 19 17 17 0 0 0 0 
0 0 0 0 0 0 0 0 10 19 14 12 14 10 16 14 0 0 0 0 
0 0 0 0 0 0 0 0 0 0 0 0 0 0 0 0 10 19 17 17 
18 11 17 11 0 0 0 0 0 0 0 0 0 0 0 0 0 0 0 0 
0 0 0 0 0 0 0 0 18 10 14 16 14 13 17 12 0 0 0 0 
0 0 0 0 18 19 17 13 12 17 14 20 11 11 20 19 0 0 0 0 
0 0 0 0 14 11 12 10 12 19 10 12 11 18 17 19 0 0 0 0 
0 0 0 0 0 0 0 0 0 0 0 0 0 0 0 0 15 16 10 12 
11 12 20 19 0 0 0 0 0 0 0 0 0 0 0 0 0 0 0 0 
0 0 0 0 11 15 14 13 13 18 15 18 15 19 20 10 0 0 0 0 
0 0 0 0 16 14 18 19 15 18 12 15 15 19 13 19 0 0 0 0 
0 0 0 0 15 15 11 20 19 19 16 16 15 20 19 18 0 0 0 0 
0 0 0 0 0 0 0 0 0 0 0 0 0 0 0 0 15 16 14 19 
13 19 19 16 0 0 0 0 0 0 0 0 0 0 0 0 0 0 0 0 
0 0 0 0 19 15 14 16 13 17 20 16 0 0 0 0 0 0 0 0 
0 0 0 0 12 11 16 15 12 18 20 19 12 19 15 11 0 0 0 0 
0 0 0 0 13 20 13 19 10 13 14 18 17 18 12 12 0 0 0 0 
0 0 0 0 0 0 0 0 0 0 0 0 0 0 0 0 19 18 12 17 
15 18 13 18 0 0 0 0 0 0 0 0 0 0 0 0 0 0 0 0 
0 0 0 0 20 20 15 18 0 0 0 0 15 10 16 19 0 0 0 0 
0 0 0 0 19 12 13 17 16 12 15 13 0 0 0 0 0 0 0 0 
0 0 0 0 14 13 13 18 0 0 0 0 18 19 11 20 0 0 0 0 
0 0 0 0 0 0 0 0 0 0 0 0 0 0 0 0 16 16 11 12 
20 13 16 17 0 0 0 0 0 0 0 0 0 0 0 0 0 0 0 0 
0 0 0 0 0 0 0 0 14 15 14 12 0 0 0 0 0 0 0 0 
0 0 0 0 10 15 19 13 0 0 0 0 17 18 18 19 0 0 0 0 
0 0 0 0 10 14 10 12 0 0 0 0 0 0 0 0 0 0 0 0 
0 0 0 0 0 0 0 0 0 0 0 0 0 0 0 0 19 17 17 18 
19 17 11 17 0 0 0 0 0 0 0 0 0 0 0 0 0 0 0 0 
0 0 0 0 0 0 0 0 20 10 20 19 0 0 0 0 0 0 0 0 
0 0 0 0 11 18 11 13 0 0 0 0 12 20 15 20 0 0 0 0 
0 0 0 0 13 10 18 15 13 19 18 15 20 17 11 11 0 0 0 0 
0 0 0 0 0 0 0 0 0 0 0 0 0 0 0 0 14 13 17 15 
16 15 20 16 0 0 0 0 0 0 0 0 0 0 0 0 0 0 0 0 
0 0 0 0 18 10 11 16 0 0 0 0 0 0 0 0 0 0 0 0 
0 0 0 0 11 15 12 11 0 0 0 0 0 0 0 0 0 0 0 0 
0 0 0 0 19 19 14 16 15 16 19 13 0 0 0 0 0 0 0 0 
0 0 0 0 0 0 0 0 0 0 0 0 0 0 0 0 14 20 18 14 
15 12 20 14 0 0 0 0 0 0 0 0 0 0 0 0 0 0 0 0 
0 0 0 0 0 0 0 0 16 11 20 14 0 0 0 0 0 0 0 0 
0 0 0 0 12 14 15 18 10 12 16 16 11 18 16 11 0 0 0 0 
0 0 0 0 16 18 19 15 20 13 15 15 14 18 20 11 0 0 0 0 
0 0 0 0 0 0 0 0 0 0 0 0 0 0 0 0 12 19 14 17 
11 17 17 10 0 0 0 0 0 0 0 0 0 0 0 0 0 0 0 0 
0 0 0 0 0 0 0 0 16 19 14 16 10 10 16 15 0 0 0 0 
0 0 0 0 16 16 19 19 0 0 0 0 11 11 20 11 0 0 0 0 
0 0 0 0 0 0 0 0 14 15 10 17 0 0 0 0 0 0 0 0 
0 0 0 0 0 0 0 0 0 0 0 0 0 0 0 0 10 10 14 18 
16 16 15 12 0 0 0 0 0 0 0 0 0 0 0 0 0 0 0 0 
0 0 0 0 19 14 19 11 11 16 16 13 0 0 0 0 0 0 0 0 
0 0 0 0 0 0 0 0 16 16 12 12 17 13 11 16 0 0 0 0 
0 0 0 0 0 0 0 0 14 14 18 20 0 0 0 0 0 0 0 0 
0 0 0 0 0 0 0 0 0 0 0 0 0 0 0 0 19 11 15 12 
20 11 15 15 0 0 0 0 0 0 0 0 0 0 0 0 0 0 0 0 
0 0 0 0 0 0 0 0 0 0 0 0 18 19 17 11 0 0 0 0 
0 0 0 0 0 0 0 0 0 0 0 0 20 18 20 18 0 0 0 0 
0 0 0 0 15 11 14 10 13 13 10 17 11 10 13 19 0 0 0 0 
0 0 0 0 0 0 0 0 0 0 0 0 0 0 0 0 14 15 17 11 
18 15 20 19 0 0 0 0 0 0 0 0 0 0 0 0 0 0 0 0 
0 0 0 0 17 11 19 14 14 18 16 17 0 0 0 0 0 0 0 0 
0 0 0 0 16 18 16 19 0 0 0 0 11 20 18 13 0 0 0 0 
0 0 0 0 10 16 19 16 11 20 18 14 0 0 0 0 0 0 0 0 
0 0 0 0 0 0 0 0 0 0 0 0 0 0 0 0 19 14 16 20 
19 19 18 16 0 0 0 0 0 0 0 0 0 0 0 0 0 0 0 0 
0 0 0 0 19 13 11 14 16 12 13 20 14 16 11 19 0 0 0 0 
0 0 0 0 16 17 16 12 10 18 17 13 15 13 13 19 0 0 0 0 
0 0 0 0 0 0 0 0 10 20 16 17 0 0 0 0 0 0 0 0 
0 0 0 0 0 0 0 0 0 0 0 0 0 0 0 0 17 12 13 16 
17 12 13 16 0 0 0 0 0 0 0 0 0 0 0 0 0 0 0 0 
0 0 0 0 0 0 0 0 18 17 10 16 13 13 11 14 0 0 0 0 
0 0 0 0 0 0 0 0 12 15 17 15 0 0 0 0 0 0 0 0 
0 0 0 0 16 16 10 11 0 0 0 0 0 0 0 0 0 0 0 0 
0 0 0 0 0 0 0 0 0 0 0 0 0 0 0 0 19 11 16 17 
17 11 12 15 0 0 0 0 0 0 0 0 0 0 0 0 0 0 0 0 
0 0 0 0 16 13 17 11 0 0 0 0 0 0 0 0 0 0 0 0 
0 0 0 0 18 20 18 12 18 12 15 14 0 0 0 0 0 0 0 0 
0 0 0 0 0 0 0 0 12 16 10 11 20 11 15 12 0 0 0 0 
0 0 0 0 0 0 0 0 0 0 0 0 0 0 0 0 20 16 19 12 
13 10 13 11 0 0 0 0 0 0 0 0 0 0 0 0 0 0 0 0 
0 0 0 0 0 0 0 0 14 12 17 15 0 0 0 0 0 0 0 0 
0 0 0 0 19 16 20 19 12 20 12 17 16 13 17 20 0 0 0 0 
0 0 0 0 0 0 0 0 13 15 11 18 10 10 10 19 0 0 0 0 
0 0 0 0 0 0 0 0 0 0 0 0 0 0 0 0 10 18 19 11 
18 14 19 16 0 0 0 0 0 0 0 0 0 0 0 0 0 0 0 0 
0 0 0 0 10 15 16 19 20 18 15 17 20 17 17 14 0 0 0 0 
0 0 0 0 15 19 16 13 0 0 0 0 15 16 19 16 0 0 0 0 
0 0 0 0 12 10 20 12 0 0 0 0 18 16 13 12 0 0 0 0 
0 0 0 0 0 0 0 0 0 0 0 0 0 0 0 0 17 20 20 18 
12 16 19 16 0 0 0 0 0 0 0 0 0 0 0 0 0 0 0 0 
0 0 0 0 11 10 10 18 11 19 17 20 18 11 15 18 0 0 0 0 
0 0 0 0 0 0 0 0 0 0 0 0 20 15 19 15 0 0 0 0 
0 0 0 0 0 0 0 0 0 0 0 0 15 13 11 15 0 0 0 0 
0 0 0 0 0 0 0 0 0 0 0 0 0 0 0 0 19 10 19 17 
10 11 17 20 0 0 0 0 0 0 0 0 0 0 0 0 0 0 0 0 
0 0 0 0 15 13 17 19 0 0 0 0 15 10 18 13 0 0 0 0 
0 0 0 0 0 0 0 0 0 0 0 0 12 16 20 11 0 0 0 0 
0 0 0 0 18 12 15 19 13 19 18 14 14 12 12 12 0 0 0 0 
0 0 0 0 0 0 0 0 0 0 0 0 0 0 0 0 20 18 16 18 
10 14 11 13 0 0 0 0 0 0 0 0 0 0 0 0 0 0 0 0 
0 0 0 0 11 11 12 15 14 15 15 17 12 17 11 10 0 0 0 0 
0 0 0 0 15 14 18 20 20 13 17 14 13 15 11 10 0 0 0 0 
0 0 0 0 20 10 19 12 10 15 12 16 18 12 16 12 0 0 0 0 
0 0 0 0 0 0 0 0 0 0 0 0 0 0 0 0 17 13 12 19 
11 15 18 12 0 0 0 0 0 0 0 0 0 0 0 0 0 0 0 0 
0 0 0 0 20 11 11 17 0 0 0 0 18 17 12 16 0 0 0 0 
0 0 0 0 0 0 0 0 20 18 14 16 17 13 18 12 0 0 0 0 
0 0 0 0 12 16 19 10 11 20 10 20 0 0 0 0 0 0 0 0 
0 0 0 0 0 0 0 0 0 0 0 0 0 0 0 0 15 14 13 20 
13 19 14 15 0 0 0 0 0 0 0 0 0 0 0 0 0 0 0 0 
0 0 0 0 16 16 11 10 0 0 0 0 20 17 15 12 0 0 0 0 
0 0 0 0 13 16 19 16 10 10 13 18 0 0 0 0 0 0 0 0 
0 0 0 0 11 14 12 11 17 15 13 12 0 0 0 0 0 0 0 0 
0 0 0 0 0 0 0 0 0 0 0 0 0 0 0 0 16 16 17 12 
13 13 20 17 0 0 0 0 0 0 0 0 0 0 0 0 0 0 0 0 
0 0 0 0 17 14 19 16 14 17 10 15 0 0 0 0 0 0 0 0 
0 0 0 0 11 16 12 10 10 19 13 16 0 0 0 0 0 0 0 0 
0 0 0 0 20 16 13 10 19 20 17 16 11 14 20 17 0 0 0 0 
0 0 0 0 0 0 0 0 0 0 0 0 0 0 0 0 14 12 16 12 
19 16 18 14 0 0 0 0 0 0 0 0 0 0 0 0 0 0 0 0 
0 0 0 0 18 13 13 16 19 10 17 15 0 0 0 0 0 0 0 0 
0 0 0 0 13 18 11 20 16 18 16 13 0 0 0 0 0 0 0 0 
0 0 0 0 20 16 13 16 0 0 0 0 0 0 0 0 0 0 0 0 
0 0 0 0 0 0 0 0 0 0 0 0 0 0 0 0 15 16 16 13 
11 18 12 20 0 0 0 0 0 0 0 0 0 0 0 0 0 0 0 0 
0 0 0 0 11 15 20 13 0 0 0 0 14 20 12 14 0 0 0 0 
0 0 0 0 0 0 0 0 0 0 0 0 13 18 19 19 0 0 0 0 
0 0 0 0 11 19 17 20 13 19 15 19 12 20 20 11 0 0 0 0 
0 0 0 0 0 0 0 0 0 0 0 0 0 0 0 0 16 19 13 20 
16 16 17 19 0 0 0 0 0 0 0 0 0 0 0 0 0 0 0 0 
0 0 0 0 11 12 15 13 12 14 19 13 19 16 15 19 0 0 0 0 
0 0 0 0 20 18 15 11 15 20 12 13 13 13 20 20 0 0 0 0 
0 0 0 0 20 18 16 16 0 0 0 0 12 19 11 13 0 0 0 0 
0 0 0 0 0 0 0 0 0 0 0 0 0 0 0 0 18 12 16 15 
15 12 16 11 0 0 0 0 0 0 0 0 0 0 0 0 0 0 0 0 
0 0 0 0 10 11 18 16 10 12 12 16 18 17 16 11 0 0 0 0 
0 0 0 0 18 16 12 17 0 0 0 0 10 16 19 18 0 0 0 0 
0 0 0 0 19 19 13 10 13 10 17 17 19 17 19 15 0 0 0 0 
0 0 0 0 0 0 0 0 0 0 0 0 0 0 0 0 19 15 12 11 
15 16 12 10 0 0 0 0 0 0 0 0 0 0 0 0 0 0 0 0 
0 0 0 0 0 0 0 0 17 18 13 10 17 14 12 20 0 0 0 0 
0 0 0 0 14 10 11 17 0 0 0 0 0 0 0 0 0 0 0 0 
0 0 0 0 0 0 0 0 11 19 10 14 0 0 0 0 0 0 0 0 
0 0 0 0 0 0 0 0 0 0 0 0 0 0 0 0 10 11 10 15 
20 10 16 11 0 0 0 0 0 0 0 0 0 0 0 0 0 0 0 0 
0 0 0 0 15 18 13 18 15 11 18 18 17 12 11 17 0 0 0 0 
0 0 0 0 10 15 16 12 16 13 16 20 0 0 0 0 0 0 0 0 
0 0 0 0 19 13 13 17 13 10 15 16 14 19 18 11 0 0 0 0 
0 0 0 0 0 0 0 0 0 0 0 0 0 0 0 0 19 17 12 16 
18 17 15 16 0 0 0 0 0 0 0 0 0 0 0 0 0 0 0 0 
0 0 0 0 12 19 18 11 0 0 0 0 0 0 0 0 0 0 0 0 
0 0 0 0 15 10 12 20 0 0 0 0 16 16 19 14 0 0 0 0 
0 0 0 0 13 16 20 13 18 17 10 12 11 16 16 11 0 0 0 0 
0 0 0 0 0 0 0 0 0 0 0 0 0 0 0 0 13 10 18 20 
20 19 11 11 0 0 0 0 0 0 0 0 0 0 0 0 0 0 0 0 
0 0 0 0 0 0 0 0 11 17 16 15 16 18 20 10 0 0 0 0 
0 0 0 0 0 0 0 0 16 17 12 20 0 0 0 0 0 0 0 0 
0 0 0 0 0 0 0 0 0 0 0 0 14 12 19 12 0 0 0 0 
0 0 0 0 0 0 0 0 0 0 0 0 0 0 0 0 18 20 18 11 
18 17 13 13 0 0 0 0 0 0 0 0 0 0 0 0 0 0 0 0 
0 0 0 0 20 12 20 10 17 11 20 10 0 0 0 0 0 0 0 0 
0 0 0 0 10 12 20 12 11 17 20 20 11 20 11 15 0 0 0 0 
0 0 0 0 19 18 15 12 14 12 14 13 17 15 10 10 0 0 0 0 
0 0 0 0 0 0 0 0 0 0 0 0 0 0 0 0 13 15 18 10 
13 20 13 19 0 0 0 0 0 0 0 0 0 0 0 0 0 0 0 0 
0 0 0 0 0 0 0 0 0 0 0 0 15 10 16 11 0 0 0 0 
0 0 0 0 14 17 11 16 14 20 11 12 12 12 17 17 0 0 0 0 
0 0 0 0 15 19 10 19 12 15 10 11 16 13 10 20 0 0 0 0 
0 0 0 0 0 0 0 0 0 0 0 0 0 0 0 0 18 14 14 12 
16 16 16 12 0 0 0 0 0 0 0 0 0 0 0 0 0 0 0 0 
0 0 0 0 0 0 0 0 20 14 12 12 19 20 13 17 0 0 0 0 
0 0 0 0 17 19 10 14 13 18 16 19 18 15 11 20 0 0 0 0 
0 0 0 0 0 0 0 0 10 18 18 18 0 0 0 0 0 0 0 0 
0 0 0 0 0 0 0 0 0 0 0 0 0 0 0 0 13 20 10 11 
10 13 10 16 0 0 0 0 0 0 0 0 0 0 0 0 0 0 0 0 
0 0 0 0 0 0 0 0 18 17 12 12 0 0 0 0 0 0 0 0 
0 0 0 0 0 0 0 0 19 17 14 20 12 10 18 12 0 0 0 0 
0 0 0 0 17 12 20 17 17 11 17 19 14 14 18 13 0 0 0 0 
0 0 0 0 0 0 0 0 0 0 0 0 0 0 0 0 19 10 16 17 
13 15 20 13 0 0 0 0 0 0 0 0 0 0 0 0 0 0 0 0 
0 0 0 0 12 10 15 17 12 19 13 19 14 18 20 10 0 0 0 0 
0 0 0 0 16 15 10 11 16 15 15 17 0 0 0 0 0 0 0 0 
0 0 0 0 20 16 15 14 10 15 15 18 17 18 17 12 0 0 0 0 
0 0 0 0 0 0 0 0 0 0 0 0 0 0 0 0 16 11 13 12 
17 16 14 18 0 0 0 0 0 0 0 0 0 0 0 0 0 0 0 0 
0 0 0 0 18 15 17 10 12 17 14 15 17 11 15 10 0 0 0 0 
0 0 0 0 0 0 0 0 0 0 0 0 16 11 18 10 0 0 0 0 
0 0 0 0 20 18 14 14 17 16 13 10 16 18 15 20 0 0 0 0 
0 0 0 0 0 0 0 0 0 0 0 0 0 0 0 0 15 20 17 20 
12 17 18 14 0 0 0 0 0 0 0 0 0 0 0 0 0 0 0 0 
0 0 0 0 10 17 13 11 15 15 12 20 12 18 11 19 0 0 0 0 
0 0 0 0 12 10 12 19 14 17 18 16 11 18 15 12 0 0 0 0 
0 0 0 0 20 13 20 13 10 11 15 17 20 20 20 16 0 0 0 0 
0 0 0 0 0 0 0 0 0 0 0 0 0 0 0 0 16 12 17 11 
10 19 12 19 0 0 0 0 0 0 0 0 0 0 0 0 0 0 0 0 
0 0 0 0 11 20 19 17 17 19 19 19 0 0 0 0 0 0 0 0 
0 0 0 0 18 10 12 14 17 16 12 13 11 13 10 15 0 0 0 0 
0 0 0 0 0 0 0 0 10 11 11 20 0 0 0 0 0 0 0 0 
0 0 0 0 0 0 0 0 0 0 0 0 0 0 0 0 17 11 12 20 
20 18 18 20 0 0 0 0 0 0 0 0 0 0 0 0 0 0 0 0 
0 0 0 0 0 0 0 0 14 20 10 10 0 0 0 0 0 0 0 0 
0 0 0 0 17 13 19 20 0 0 0 0 0 0 0 0 0 0 0 0 
0 0 0 0 10 16 10 15 14 10 20 11 16 13 12 10 0 0 0 0 
0 0 0 0 0 0 0 0 0 0 0 0 0 0 0 0 12 13 14 12 
17 14 17 18 0 0 0 0 0 0 0 0 0 0 0 0 0 0 0 0 
0 0 0 0 0 0 0 0 0 0 0 0 14 10 18 10 0 0 0 0 
0 0 0 0 15 15 17 14 15 12 19 10 0 0 0 0 0 0 0 0 
0 0 0 0 11 15 18 16 10 15 16 17 17 13 17 15 0 0 0 0 
0 0 0 0 0 0 0 0 0 0 0 0 0 0 0 0 12 20 11 13 
14 13 18 11 0 0 0 0 0 0 0 0 0 0 0 0 0 0 0 0 
0 0 0 0 17 13 12 14 0 0 0 0 0 0 0 0 0 0 0 0 
0 0 0 0 13 17 14 10 0 0 0 0 0 0 0 0 0 0 0 0 
0 0 0 0 12 16 13 15 0 0 0 0 0 0 0 0 0 0 0 0 
0 0 0 0 0 0 0 0 0 0 0 0 0 0 0 0 13 20 14 14 
19 16 17 18 0 0 0 0 0 0 0 0 0 0 0 0 0 0 0 0 
0 0 0 0 10 19 11 13 0 0 0 0 0 0 0 0 0 0 0 0 
0 0 0 0 17 13 19 14 11 11 13 10 20 11 19 12 0 0 0 0 
0 0 0 0 0 0 0 0 0 0 0 0 19 20 15 13 0 0 0 0 
0 0 0 0 0 0 0 0 0 0 0 0 0 0 0 0 20 13 19 20 
17 18 15 18 0 0 0 0 0 0 0 0 0 0 0 0 0 0 0 0 
0 0 0 0 20 14 18 20 16 14 12 19 19 11 20 15 0 0 0 0 
0 0 0 0 18 17 14 12 20 15 11 16 16 13 20 13 0 0 0 0 
0 0 0 0 0 0 0 0 17 13 13 16 14 19 12 20 0 0 0 0 
0 0 0 0 0 0 0 0 0 0 0 0 0 0 0 0 12 19 10 18 
19 15 17 13 0 0 0 0 0 0 0 0 0 0 0 0 0 0 0 0 
0 0 0 0 15 17 16 19 12 15 14 12 11 11 13 20 0 0 0 0 
0 0 0 0 0 0 0 0 0 0 0 0 10 16 14 16 0 0 0 0 
0 0 0 0 16 10 14 19 17 18 18 16 0 0 0 0 0 0 0 0 
0 0 0 0 0 0 0 0 0 0 0 0 0 0 0 0 18 20 17 11 
13 10 16 12 0 0 0 0 0 0 0 0 0 0 0 0 0 0 0 0 
0 0 0 0 0 0 0 0 16 10 20 12 0 0 0 0 0 0 0 0 
0 0 0 0 0 0 0 0 0 0 0 0 18 16 19 12 0 0 0 0 
0 0 0 0 0 0 0 0 0 0 0 0 17 11 11 12 0 0 0 0 
0 0 0 0 0 0 0 0 0 0 0 0 0 0 0 0 20 20 17 10 
13 18 13 17 0 0 0 0 0 0 0 0 0 0 0 0 0 0 0 0 
0 0 0 0 20 12 17 10 19 15 18 19 12 10 13 14 0 0 0 0 
0 0 0 0 19 16 14 11 17 20 16 10 16 15 17 12 0 0 0 0 
0 0 0 0 15 12 12 12 0 0 0 0 0 0 0 0 0 0 0 0 
0 0 0 0 0 0 0 0 0 0 0 0 0 0 0 0 15 10 20 18 
17 20 11 15 0 0 0 0 0 0 0 0 0 0 0 0 0 0 0 0 
0 0 0 0 16 11 15 17 17 10 10 13 0 0 0 0 0 0 0 0 
0 0 0 0 0 0 0 0 10 16 12 17 0 0 0 0 0 0 0 0 
0 0 0 0 14 13 17 20 0 0 0 0 18 18 19 16 0 0 0 0 
0 0 0 0 0 0 0 0 0 0 0 0 0 0 0 0 18 16 11 12 
18 20 13 10 0 0 0 0 0 0 0 0 0 0 0 0 0 0 0 0 
0 0 0 0 0 0 0 0 0 0 0 0 12 16 19 14 0 0 0 0 
0 0 0 0 0 0 0 0 10 16 10 18 12 13 15 19 0 0 0 0 
0 0 0 0 13 18 19 20 13 17 13 14 13 20 16 18 0 0 0 0 
0 0 0 0 0 0 0 0 0 0 0 0 0 0 0 0 17 20 10 18 
20 12 14 15 0 0 0 0 0 0 0 0 0 0 0 0 0 0 0 0 
0 0 0 0 19 14 20 11 18 20 11 18 10 13 14 14 0 0 0 0 
0 0 0 0 18 17 12 15 0 0 0 0 12 15 17 11 0 0 0 0 
0 0 0 0 20 14 13 19 20 12 16 15 18 15 10 12 0 0 0 0 
0 0 0 0 0 0 0 0 0 0 0 0 0 0 0 0 14 16 17 18 
10 14 17 11 0 0 0 0 0 0 0 0 0 0 0 0 0 0 0 0 
0 0 0 0 10 14 12 20 11 10 15 14 0 0 0 0 0 0 0 0 
0 0 0 0 0 0 0 0 0 0 0 0 17 17 17 15 0 0 0 0 
0 0 0 0 18 15 14 19 18 14 12 11 20 10 11 16 0 0 0 0 
0 0 0 0 0 0 0 0 0 0 0 0 0 0 0 0 10 11 19 12 
13 15 12 15 0 0 0 0 0 0 0 0 0 0 0 0 0 0 0 0 
0 0 0 0 0 0 0 0 10 20 16 15 13 14 11 10 0 0 0 0 
0 0 0 0 17 14 19 10 18 14 10 12 0 0 0 0 0 0 0 0 
0 0 0 0 0 0 0 0 0 0 0 0 18 20 10 15 0 0 0 0 
0 0 0 0 0 0 0 0 0 0 0 0 0 0 0 0 18 14 14 11 
19 19 17 18 0 0 0 0 0 0 0 0 0 0 0 0 0 0 0 0 
0 0 0 0 20 20 15 12 17 18 11 13 20 12 18 10 0 0 0 0 
0 0 0 0 15 20 12 10 0 0 0 0 0 0 0 0 0 0 0 0 
0 0 0 0 19 15 13 11 13 18 20 14 0 0 0 0 0 0 0 0 
0 0 0 0 0 0 0 0 0 0 0 0 0 0 0 0 15 15 17 12 
15 17 12 10 0 0 0 0 0 0 0 0 0 0 0 0 0 0 0 0 
0 0 0 0 0 0 0 0 19 19 10 12 0 0 0 0 0 0 0 0 
0 0 0 0 15 15 19 16 17 10 18 11 12 10 18 11 0 0 0 0 
0 0 0 0 0 0 0 0 17 17 14 18 0 0 0 0 0 0 0 0 
0 0 0 0 0 0 0 0 0 0 0 0 0 0 0 0 17 10 13 20 
10 14 13 17 0 0 0 0 0 0 0 0 0 0 0 0 0 0 0 0 
0 0 0 0 0 0 0 0 19 16 13 12 0 0 0 0 0 0 0 0 
0 0 0 0 13 15 10 16 18 15 13 16 13 14 20 17 0 0 0 0 
0 0 0 0 12 19 12 11 16 16 17 17 19 16 19 11 0 0 0 0 
0 0 0 0 0 0 0 0 0 0 0 0 0 0 0 0 10 10 14 11 
11 20 10 11 0 0 0 0 0 0 0 0 0 0 0 0 0 0 0 0 
0 0 0 0 10 10 10 14 17 14 15 17 20 17 14 14 0 0 0 0 
0 0 0 0 0 0 0 0 17 12 15 15 0 0 0 0 0 0 0 0 
0 0 0 0 15 17 10 18 0 0 0 0 0 0 0 0 0 0 0 0 
0 0 0 0 0 0 0 0 0 0 0 0 0 0 0 0 10 16 15 18 
16 17 10 12 0 0 0 0 0 0 0 0 0 0 0 0 0 0 0 0 
0 0 0 0 0 0 0 0 10 10 15 19 16 20 13 10 0 0 0 0 
0 0 0 0 0 0 0 0 19 14 19 16 0 0 0 0 0 0 0 0 
0 0 0 0 15 20 13 10 11 19 20 14 17 19 11 15 0 0 0 0 
0 0 0 0 0 0 0 0 0 0 0 0 0 0 0 0 15 20 11 14 
15 20 18 11 0 0 0 0 0 0 0 0 0 0 0 0 0 0 0 0 
0 0 0 0 0 0 0 0 19 15 20 13 10 17 11 15 0 0 0 0 
0 0 0 0 17 18 13 12 15 19 10 15 13 18 12 14 0 0 0 0 
0 0 0 0 16 15 12 12 0 0 0 0 0 0 0 0 0 0 0 0 
0 0 0 0 0 0 0 0 0 0 0 0 0 0 0 0 10 11 20 11 
13 19 13 20 0 0 0 0 0 0 0 0 0 0 0 0 0 0 0 0 
0 0 0 0 11 11 11 12 15 18 18 19 14 10 16 15 0 0 0 0 
0 0 0 0 12 14 14 15 18 11 11 14 17 11 17 13 0 0 0 0 
0 0 0 0 0 0 0 0 0 0 0 0 17 18 16 20 0 0 0 0 
0 0 0 0 0 0 0 0 0 0 0 0 0 0 0 0 19 11 10 19 
19 14 19 14 0 0 0 0 0 0 0 0 0 0 0 0 0 0 0 0 
0 0 0 0 16 19 10 12 11 14 10 11 20 13 19 17 0 0 0 0 
0 0 0 0 0 0 0 0 0 0 0 0 13 18 11 17 0 0 0 0 
0 0 0 0 18 10 17 16 12 16 16 10 0 0 0 0 0 0 0 0 
0 0 0 0 0 0 0 0 0 0 0 0 0 0 0 0 10 16 11 20 
18 14 15 15 0 0 0 0 0 0 0 0 0 0 0 0 0 0 0 0 
0 0 0 0 18 19 18 16 12 17 16 12 19 20 18 20 0 0 0 0 
0 0 0 0 20 14 10 12 17 13 16 18 0 0 0 0 0 0 0 0 
0 0 0 0 10 10 16 16 20 12 18 15 19 15 17 20 0 0 0 0 
0 0 0 0 0 0 0 0 0 0 0 0 0 0 0 0 19 13 10 17 
11 19 12 17 0 0 0 0 0 0 0 0 0 0 0 0 0 0 0 0 
0 0 0 0 10 10 17 12 15 11 16 18 0 0 0 0 0 0 0 0 
0 0 0 0 14 14 12 10 0 0 0 0 13 17 13 18 0 0 0 0 
0 0 0 0 0 0 0 0 19 17 19 15 0 0 0 0 0 0 0 0 
0 0 0 0 0 0 0 0 0 0 0 0 0 0 0 0 18 15 12 11 
10 14 11 12 0 0 0 0 0 0 0 0 0 0 0 0 0 0 0 0 
0 0 0 0 12 17 10 17 14 12 13 10 0 0 0 0 0 0 0 0 
0 0 0 0 0 0 0 0 12 13 15 15 18 10 19 14 0 0 0 0 
0 0 0 0 0 0 0 0 12 10 19 20 16 15 16 14 0 0 0 0 
0 0 0 0 0 0 0 0 0 0 0 0 0 0 0 0 20 13 19 12 
13 13 20 20 0 0 0 0 0 0 0 0 0 0 0 0 0 0 0 0 
0 0 0 0 0 0 0 0 0 0 0 0 19 12 16 11 0 0 0 0 
0 0 0 0 0 0 0 0 19 19 17 13 13 16 18 14 0 0 0 0 
0 0 0 0 17 14 11 16 16 15 18 11 10 15 19 15 0 0 0 0 
0 0 0 0 0 0 0 0 0 0 0 0 0 0 0 0 20 16 15 15 
18 19 19 12 0 0 0 0 0 0 0 0 0 0 0 0 0 0 0 0 
0 0 0 0 10 18 12 13 0 0 0 0 0 0 0 0 0 0 0 0 
0 0 0 0 19 15 14 15 18 17 20 15 0 0 0 0 0 0 0 0 
0 0 0 0 0 0 0 0 16 11 19 13 11 11 16 10 0 0 0 0 
0 0 0 0 0 0 0 0 0 0 0 0 0 0 0 0 14 20 18 15 
11 17 19 12 0 0 0 0 0 0 0 0 0 0 0 0 0 0 0 0 
0 0 0 0 16 19 19 12 0 0 0 0 17 18 14 10 0 0 0 0 
0 0 0 0 12 13 15 20 13 11 13 10 19 18 16 17 0 0 0 0 
0 0 0 0 19 10 16 20 11 17 16 20 0 0 0 0 0 0 0 0 
0 0 0 0 0 0 0 0 0 0 0 0 0 0 0 0 13 13 11 18 
15 18 16 14 0 0 0 0 0 0 0 0 0 0 0 0 0 0 0 0 
0 0 0 0 13 19 10 13 0 0 0 0 16 17 20 15 0 0 0 0 
0 0 0 0 14 15 10 17 13 17 13 10 12 12 19 20 0 0 0 0 
0 0 0 0 13 17 14 11 10 16 20 17 10 12 13 10 0 0 0 0 
0 0 0 0 0 0 0 0 0 0 0 0 0 0 0 0 14 14 12 10 
20 11 16 18 0 0 0 0 0 0 0 0 0 0 0 0 0 0 0 0 
0 0 0 0 15 20 11 12 12 18 12 13 10 10 15 18 0 0 0 0 
0 0 0 0 16 13 19 13 15 17 20 13 19 14 18 19 0 0 0 0 
0 0 0 0 0 0 0 0 0 0 0 0 10 10 17 14 0 0 0 0 
0 0 0 0 0 0 0 0 0 0 0 0 0 0 0 0 13 14 15 19
---------------------
 
Distance between cells
Rows and Columns: correspond to cell number
0 324 81 159 331 175 371 481 
324 0 428 291 50 424 328 246 
81 428 0 480 189 482 98 479 
159 291 480 0 455 81 399 183 
331 50 189 455 0 150 122 274 
175 424 482 81 150 0 455 103 
371 328 98 399 122 455 0 225 
481 246 479 183 274 103 225 0
---------------------
 
Distribution of machines in cells   (1 -- if machine m is distributed in cell u;0 -- else) 
Rows: correspond to cell number; Columns: correspond to machine number
0 0 0 1 1 0 1 0 0 0 0 0 0 0 0 0 0 1 0 0 
0 0 0 0 0 0 0 0 0 1 0 1 0 1 0 0 0 0 0 0 
0 1 0 0 0 0 0 1 0 0 0 0 0 0 0 0 0 0 0 0 
0 0 0 0 0 0 0 0 0 0 0 0 0 0 0 1 0 0 1 0 
0 0 0 0 0 1 0 0 0 0 0 0 0 0 1 0 0 0 0 0 
0 0 1 0 0 0 0 0 0 0 0 0 1 0 0 0 0 0 0 0 
1 0 0 0 0 0 0 0 0 0 1 0 0 0 0 0 0 0 0 0 
0 0 0 0 0 0 0 0 1 0 0 0 0 0 0 0 1 0 0 1
---------------------
 
