Adaption from Behnke38

Number of operations for each part
5 5 5 5 5 5 5 5 5 5 5 5 5 5 5 5 5 5 5 5 5 5 5 5 5 5 5 5 5 5 5 5 5 5 5 5 5 5 5 5 5 5 5 5 5 5 5 5 5 5 5 5 5 5 5 5 5 5 5 5 5 5 5 5 5 5 5 5 5 5 5 5 5 5 5 5 5 5 5 5 5 5 5 5 5 5 5 5 5 5 5 5 5 5 5 5 5 5 5 5
---------------------
 
Processing time   (0 -- non-optional machine)
Rows: sequential for each operation of each part; Columns: correspond to machine number
13 20 21 12 0 0 0 0 0 0 0 0 0 0 0 0 0 0 0 0 0 0 0 0 0 0 0 0 0 0 0 0 0 0 0 0 0 0 0 0 
0 0 0 0 0 0 0 0 12 14 11 22 27 23 12 23 0 0 0 0 0 0 0 0 0 0 0 0 0 0 0 0 14 15 17 14 0 0 0 0 
0 0 0 0 22 12 10 27 28 12 30 21 30 29 15 21 20 27 16 21 30 16 27 20 25 28 13 30 29 21 10 18 10 17 21 15 0 0 0 0 
0 0 0 0 20 29 16 14 11 11 12 27 25 25 19 14 22 23 23 30 16 29 28 23 17 16 10 12 15 11 27 29 27 29 29 10 0 0 0 0 
0 0 0 0 0 0 0 0 0 0 0 0 0 0 0 0 0 0 0 0 0 0 0 0 0 0 0 0 0 0 0 0 0 0 0 0 10 15 21 14 
14 29 17 24 0 0 0 0 0 0 0 0 0 0 0 0 0 0 0 0 0 0 0 0 0 0 0 0 0 0 0 0 0 0 0 0 0 0 0 0 
0 0 0 0 24 26 12 15 0 0 0 0 0 0 0 0 0 0 0 0 24 14 25 10 0 0 0 0 15 20 19 13 0 0 0 0 0 0 0 0 
0 0 0 0 19 15 25 19 10 27 12 27 17 18 15 22 0 0 0 0 15 10 13 14 0 0 0 0 11 25 12 30 28 25 20 14 0 0 0 0 
0 0 0 0 0 0 0 0 0 0 0 0 0 0 0 0 0 0 0 0 0 0 0 0 27 30 24 30 0 0 0 0 10 15 28 23 0 0 0 0 
0 0 0 0 0 0 0 0 0 0 0 0 0 0 0 0 0 0 0 0 0 0 0 0 0 0 0 0 0 0 0 0 0 0 0 0 17 16 11 19 
27 27 15 17 0 0 0 0 0 0 0 0 0 0 0 0 0 0 0 0 0 0 0 0 0 0 0 0 0 0 0 0 0 0 0 0 0 0 0 0 
0 0 0 0 0 0 0 0 0 0 0 0 18 26 11 22 26 27 23 15 30 12 16 20 26 12 20 30 25 30 27 20 0 0 0 0 0 0 0 0 
0 0 0 0 27 22 19 19 16 18 23 20 22 13 26 30 15 15 29 18 11 20 11 11 13 25 25 28 0 0 0 0 0 0 0 0 0 0 0 0 
0 0 0 0 30 23 23 19 25 14 22 12 12 17 11 24 17 22 29 23 0 0 0 0 23 25 16 29 27 30 24 13 25 13 14 28 0 0 0 0 
0 0 0 0 0 0 0 0 0 0 0 0 0 0 0 0 0 0 0 0 0 0 0 0 0 0 0 0 0 0 0 0 0 0 0 0 15 27 27 21 
11 15 29 22 0 0 0 0 0 0 0 0 0 0 0 0 0 0 0 0 0 0 0 0 0 0 0 0 0 0 0 0 0 0 0 0 0 0 0 0 
0 0 0 0 11 11 10 30 29 11 28 12 17 14 16 26 11 15 28 11 18 29 23 13 11 26 11 28 21 29 26 13 20 11 11 26 0 0 0 0 
0 0 0 0 0 0 0 0 17 29 30 15 0 0 0 0 0 0 0 0 10 16 27 27 28 19 22 24 17 22 14 13 16 19 28 26 0 0 0 0 
0 0 0 0 0 0 0 0 12 29 24 16 0 0 0 0 0 0 0 0 18 30 19 24 0 0 0 0 19 26 21 22 27 29 11 20 0 0 0 0 
0 0 0 0 0 0 0 0 0 0 0 0 0 0 0 0 0 0 0 0 0 0 0 0 0 0 0 0 0 0 0 0 0 0 0 0 16 27 10 19 
30 14 23 25 0 0 0 0 0 0 0 0 0 0 0 0 0 0 0 0 0 0 0 0 0 0 0 0 0 0 0 0 0 0 0 0 0 0 0 0 
0 0 0 0 0 0 0 0 23 15 18 20 12 24 21 25 26 18 22 22 0 0 0 0 18 29 22 16 21 23 22 24 0 0 0 0 0 0 0 0 
0 0 0 0 25 11 14 17 20 24 30 18 0 0 0 0 12 24 25 15 0 0 0 0 0 0 0 0 0 0 0 0 23 30 20 14 0 0 0 0 
0 0 0 0 19 11 15 26 21 26 10 17 29 17 23 14 14 28 15 26 21 23 29 17 18 21 11 19 0 0 0 0 24 21 29 23 0 0 0 0 
0 0 0 0 0 0 0 0 0 0 0 0 0 0 0 0 0 0 0 0 0 0 0 0 0 0 0 0 0 0 0 0 0 0 0 0 20 23 24 30 
16 20 14 23 0 0 0 0 0 0 0 0 0 0 0 0 0 0 0 0 0 0 0 0 0 0 0 0 0 0 0 0 0 0 0 0 0 0 0 0 
0 0 0 0 0 0 0 0 0 0 0 0 0 0 0 0 0 0 0 0 0 0 0 0 0 0 0 0 0 0 0 0 22 24 23 22 0 0 0 0 
0 0 0 0 0 0 0 0 0 0 0 0 0 0 0 0 0 0 0 0 0 0 0 0 28 22 11 24 0 0 0 0 0 0 0 0 0 0 0 0 
0 0 0 0 25 18 16 17 30 20 20 13 28 18 22 10 21 20 11 18 25 15 26 17 26 28 28 18 30 29 10 15 30 14 20 14 0 0 0 0 
0 0 0 0 0 0 0 0 0 0 0 0 0 0 0 0 0 0 0 0 0 0 0 0 0 0 0 0 0 0 0 0 0 0 0 0 30 22 26 20 
14 15 18 27 0 0 0 0 0 0 0 0 0 0 0 0 0 0 0 0 0 0 0 0 0 0 0 0 0 0 0 0 0 0 0 0 0 0 0 0 
0 0 0 0 11 30 14 29 11 25 23 15 28 27 11 15 24 19 11 24 12 10 21 23 20 20 28 10 18 22 13 11 27 17 17 29 0 0 0 0 
0 0 0 0 0 0 0 0 0 0 0 0 0 0 0 0 0 0 0 0 0 0 0 0 27 27 20 20 0 0 0 0 0 0 0 0 0 0 0 0 
0 0 0 0 0 0 0 0 0 0 0 0 0 0 0 0 0 0 0 0 16 26 17 13 22 25 25 10 0 0 0 0 26 28 28 22 0 0 0 0 
0 0 0 0 0 0 0 0 0 0 0 0 0 0 0 0 0 0 0 0 0 0 0 0 0 0 0 0 0 0 0 0 0 0 0 0 22 27 17 12 
13 22 17 14 0 0 0 0 0 0 0 0 0 0 0 0 0 0 0 0 0 0 0 0 0 0 0 0 0 0 0 0 0 0 0 0 0 0 0 0 
0 0 0 0 18 27 16 23 18 17 18 19 10 19 25 14 22 11 17 18 24 11 10 28 0 0 0 0 22 13 26 25 24 30 19 30 0 0 0 0 
0 0 0 0 10 23 12 18 17 25 17 29 24 21 21 17 24 12 16 26 22 13 21 23 23 25 18 14 23 28 17 10 0 0 0 0 0 0 0 0 
0 0 0 0 14 27 19 14 11 24 27 18 15 26 25 18 0 0 0 0 0 0 0 0 0 0 0 0 0 0 0 0 14 14 23 15 0 0 0 0 
0 0 0 0 0 0 0 0 0 0 0 0 0 0 0 0 0 0 0 0 0 0 0 0 0 0 0 0 0 0 0 0 0 0 0 0 15 15 18 11 
17 21 29 15 0 0 0 0 0 0 0 0 0 0 0 0 0 0 0 0 0 0 0 0 0 0 0 0 0 0 0 0 0 0 0 0 0 0 0 0 
0 0 0 0 10 11 13 10 0 0 0 0 0 0 0 0 0 0 0 0 0 0 0 0 0 0 0 0 0 0 0 0 15 22 12 26 0 0 0 0 
0 0 0 0 0 0 0 0 22 12 15 13 28 28 17 25 24 13 20 21 0 0 0 0 0 0 0 0 28 13 18 16 0 0 0 0 0 0 0 0 
0 0 0 0 0 0 0 0 0 0 0 0 29 26 27 21 0 0 0 0 0 0 0 0 0 0 0 0 0 0 0 0 0 0 0 0 0 0 0 0 
0 0 0 0 0 0 0 0 0 0 0 0 0 0 0 0 0 0 0 0 0 0 0 0 0 0 0 0 0 0 0 0 0 0 0 0 18 10 24 16 
21 27 30 17 0 0 0 0 0 0 0 0 0 0 0 0 0 0 0 0 0 0 0 0 0 0 0 0 0 0 0 0 0 0 0 0 0 0 0 0 
0 0 0 0 19 22 16 10 22 29 29 18 13 25 22 20 13 25 13 27 12 16 29 29 20 18 19 19 15 16 27 21 29 16 22 27 0 0 0 0 
0 0 0 0 12 24 10 25 22 26 19 25 18 11 18 18 27 14 23 21 0 0 0 0 15 15 12 12 13 17 10 14 0 0 0 0 0 0 0 0 
0 0 0 0 0 0 0 0 0 0 0 0 0 0 0 0 10 30 10 21 15 20 18 14 22 29 22 12 24 18 27 12 0 0 0 0 0 0 0 0 
0 0 0 0 0 0 0 0 0 0 0 0 0 0 0 0 0 0 0 0 0 0 0 0 0 0 0 0 0 0 0 0 0 0 0 0 18 27 23 11 
26 21 23 17 0 0 0 0 0 0 0 0 0 0 0 0 0 0 0 0 0 0 0 0 0 0 0 0 0 0 0 0 0 0 0 0 0 0 0 0 
0 0 0 0 15 11 28 21 15 28 18 18 17 17 15 18 0 0 0 0 23 19 30 15 16 26 26 11 0 0 0 0 26 15 29 19 0 0 0 0 
0 0 0 0 0 0 0 0 0 0 0 0 0 0 0 0 0 0 0 0 0 0 0 0 0 0 0 0 22 11 21 27 0 0 0 0 0 0 0 0 
0 0 0 0 0 0 0 0 0 0 0 0 0 0 0 0 0 0 0 0 0 0 0 0 0 0 0 0 0 0 0 0 30 28 19 24 0 0 0 0 
0 0 0 0 0 0 0 0 0 0 0 0 0 0 0 0 0 0 0 0 0 0 0 0 0 0 0 0 0 0 0 0 0 0 0 0 14 18 21 19 
10 10 20 27 0 0 0 0 0 0 0 0 0 0 0 0 0 0 0 0 0 0 0 0 0 0 0 0 0 0 0 0 0 0 0 0 0 0 0 0 
0 0 0 0 17 12 25 19 25 15 23 13 12 25 18 29 14 15 18 20 30 30 24 21 26 16 24 27 26 26 28 19 15 28 21 14 0 0 0 0 
0 0 0 0 27 15 23 11 0 0 0 0 0 0 0 0 0 0 0 0 0 0 0 0 0 0 0 0 0 0 0 0 0 0 0 0 0 0 0 0 
0 0 0 0 18 27 22 27 20 26 21 28 0 0 0 0 17 15 28 25 16 22 13 28 0 0 0 0 11 24 14 11 26 24 27 15 0 0 0 0 
0 0 0 0 0 0 0 0 0 0 0 0 0 0 0 0 0 0 0 0 0 0 0 0 0 0 0 0 0 0 0 0 0 0 0 0 26 10 14 28 
17 20 10 27 0 0 0 0 0 0 0 0 0 0 0 0 0 0 0 0 0 0 0 0 0 0 0 0 0 0 0 0 0 0 0 0 0 0 0 0 
0 0 0 0 0 0 0 0 15 17 14 20 0 0 0 0 0 0 0 0 0 0 0 0 27 16 26 15 0 0 0 0 0 0 0 0 0 0 0 0 
0 0 0 0 30 22 26 23 0 0 0 0 23 23 26 21 23 24 11 16 22 24 19 19 22 26 25 12 27 26 11 19 21 24 30 24 0 0 0 0 
0 0 0 0 22 11 22 10 15 28 20 23 0 0 0 0 0 0 0 0 0 0 0 0 25 28 10 19 0 0 0 0 0 0 0 0 0 0 0 0 
0 0 0 0 0 0 0 0 0 0 0 0 0 0 0 0 0 0 0 0 0 0 0 0 0 0 0 0 0 0 0 0 0 0 0 0 24 22 25 18 
28 13 29 18 0 0 0 0 0 0 0 0 0 0 0 0 0 0 0 0 0 0 0 0 0 0 0 0 0 0 0 0 0 0 0 0 0 0 0 0 
0 0 0 0 0 0 0 0 0 0 0 0 0 0 0 0 29 19 29 21 0 0 0 0 0 0 0 0 0 0 0 0 0 0 0 0 0 0 0 0 
0 0 0 0 0 0 0 0 0 0 0 0 0 0 0 0 0 0 0 0 0 0 0 0 0 0 0 0 0 0 0 0 28 29 21 10 0 0 0 0 
0 0 0 0 0 0 0 0 25 16 13 25 0 0 0 0 23 16 20 30 20 22 13 10 0 0 0 0 0 0 0 0 0 0 0 0 0 0 0 0 
0 0 0 0 0 0 0 0 0 0 0 0 0 0 0 0 0 0 0 0 0 0 0 0 0 0 0 0 0 0 0 0 0 0 0 0 29 21 16 16 
21 10 29 13 0 0 0 0 0 0 0 0 0 0 0 0 0 0 0 0 0 0 0 0 0 0 0 0 0 0 0 0 0 0 0 0 0 0 0 0 
0 0 0 0 22 15 27 23 29 13 24 23 29 25 20 11 15 14 17 15 29 21 23 26 0 0 0 0 13 22 21 12 16 25 24 25 0 0 0 0 
0 0 0 0 0 0 0 0 28 13 22 26 13 23 18 27 15 25 11 12 0 0 0 0 26 12 25 18 24 15 11 19 14 14 14 17 0 0 0 0 
0 0 0 0 0 0 0 0 17 17 21 29 28 24 18 15 0 0 0 0 0 0 0 0 12 12 29 24 23 13 23 23 0 0 0 0 0 0 0 0 
0 0 0 0 0 0 0 0 0 0 0 0 0 0 0 0 0 0 0 0 0 0 0 0 0 0 0 0 0 0 0 0 0 0 0 0 18 27 11 18 
16 17 16 25 0 0 0 0 0 0 0 0 0 0 0 0 0 0 0 0 0 0 0 0 0 0 0 0 0 0 0 0 0 0 0 0 0 0 0 0 
0 0 0 0 24 22 27 10 0 0 0 0 20 18 15 29 14 25 25 10 0 0 0 0 0 0 0 0 0 0 0 0 0 0 0 0 0 0 0 0 
0 0 0 0 11 19 26 30 17 10 16 12 18 11 12 26 22 13 28 15 21 12 13 14 18 23 28 12 25 28 26 28 18 21 25 10 0 0 0 0 
0 0 0 0 19 30 14 22 10 12 17 19 16 13 29 30 12 28 19 15 0 0 0 0 12 17 22 18 21 18 21 13 11 19 29 21 0 0 0 0 
0 0 0 0 0 0 0 0 0 0 0 0 0 0 0 0 0 0 0 0 0 0 0 0 0 0 0 0 0 0 0 0 0 0 0 0 10 29 27 16 
22 17 30 16 0 0 0 0 0 0 0 0 0 0 0 0 0 0 0 0 0 0 0 0 0 0 0 0 0 0 0 0 0 0 0 0 0 0 0 0 
0 0 0 0 28 14 12 30 30 26 28 18 21 17 23 14 23 25 25 13 0 0 0 0 11 29 11 30 0 0 0 0 0 0 0 0 0 0 0 0 
0 0 0 0 19 22 26 14 30 24 12 22 0 0 0 0 0 0 0 0 10 16 20 16 0 0 0 0 0 0 0 0 0 0 0 0 0 0 0 0 
0 0 0 0 10 22 21 11 19 12 13 30 30 20 12 30 0 0 0 0 25 19 30 19 23 20 10 16 29 19 24 26 27 18 17 18 0 0 0 0 
0 0 0 0 0 0 0 0 0 0 0 0 0 0 0 0 0 0 0 0 0 0 0 0 0 0 0 0 0 0 0 0 0 0 0 0 24 24 13 26 
13 11 22 21 0 0 0 0 0 0 0 0 0 0 0 0 0 0 0 0 0 0 0 0 0 0 0 0 0 0 0 0 0 0 0 0 0 0 0 0 
0 0 0 0 0 0 0 0 0 0 0 0 28 16 12 21 0 0 0 0 11 26 10 23 0 0 0 0 0 0 0 0 13 14 11 22 0 0 0 0 
0 0 0 0 0 0 0 0 0 0 0 0 14 10 16 22 21 12 17 30 0 0 0 0 0 0 0 0 23 17 26 30 0 0 0 0 0 0 0 0 
0 0 0 0 30 24 20 25 0 0 0 0 0 0 0 0 0 0 0 0 0 0 0 0 0 0 0 0 15 17 11 15 0 0 0 0 0 0 0 0 
0 0 0 0 0 0 0 0 0 0 0 0 0 0 0 0 0 0 0 0 0 0 0 0 0 0 0 0 0 0 0 0 0 0 0 0 14 16 16 29 
15 11 10 13 0 0 0 0 0 0 0 0 0 0 0 0 0 0 0 0 0 0 0 0 0 0 0 0 0 0 0 0 0 0 0 0 0 0 0 0 
0 0 0 0 21 24 11 25 19 24 26 18 15 19 22 14 30 22 13 20 24 11 21 19 0 0 0 0 11 13 22 13 27 19 18 13 0 0 0 0 
0 0 0 0 13 30 21 28 15 25 13 19 27 19 18 19 0 0 0 0 21 29 27 19 15 27 22 12 26 26 24 22 0 0 0 0 0 0 0 0 
0 0 0 0 17 14 15 15 18 23 28 18 0 0 0 0 0 0 0 0 0 0 0 0 0 0 0 0 0 0 0 0 16 11 15 18 0 0 0 0 
0 0 0 0 0 0 0 0 0 0 0 0 0 0 0 0 0 0 0 0 0 0 0 0 0 0 0 0 0 0 0 0 0 0 0 0 16 27 28 26 
30 15 16 10 0 0 0 0 0 0 0 0 0 0 0 0 0 0 0 0 0 0 0 0 0 0 0 0 0 0 0 0 0 0 0 0 0 0 0 0 
0 0 0 0 17 20 29 24 0 0 0 0 0 0 0 0 19 15 28 17 28 19 15 25 12 16 29 24 0 0 0 0 29 16 11 24 0 0 0 0 
0 0 0 0 17 14 10 29 22 22 29 25 14 10 30 18 0 0 0 0 14 19 16 20 0 0 0 0 12 15 16 23 12 30 23 21 0 0 0 0 
0 0 0 0 18 27 17 21 23 24 21 11 29 16 15 29 30 11 18 20 19 26 16 10 0 0 0 0 14 11 16 12 16 24 18 19 0 0 0 0 
0 0 0 0 0 0 0 0 0 0 0 0 0 0 0 0 0 0 0 0 0 0 0 0 0 0 0 0 0 0 0 0 0 0 0 0 17 22 22 21 
27 27 18 30 0 0 0 0 0 0 0 0 0 0 0 0 0 0 0 0 0 0 0 0 0 0 0 0 0 0 0 0 0 0 0 0 0 0 0 0 
0 0 0 0 0 0 0 0 0 0 0 0 0 0 0 0 0 0 0 0 29 24 23 29 21 17 24 10 0 0 0 0 0 0 0 0 0 0 0 0 
0 0 0 0 25 17 19 12 28 14 24 19 25 14 23 23 12 14 30 14 0 0 0 0 0 0 0 0 17 17 17 11 29 29 27 26 0 0 0 0 
0 0 0 0 21 19 15 15 0 0 0 0 28 25 23 22 0 0 0 0 14 15 30 10 26 23 18 29 0 0 0 0 0 0 0 0 0 0 0 0 
0 0 0 0 0 0 0 0 0 0 0 0 0 0 0 0 0 0 0 0 0 0 0 0 0 0 0 0 0 0 0 0 0 0 0 0 24 27 26 10 
13 26 11 18 0 0 0 0 0 0 0 0 0 0 0 0 0 0 0 0 0 0 0 0 0 0 0 0 0 0 0 0 0 0 0 0 0 0 0 0 
0 0 0 0 0 0 0 0 0 0 0 0 0 0 0 0 20 18 17 26 0 0 0 0 0 0 0 0 0 0 0 0 0 0 0 0 0 0 0 0 
0 0 0 0 14 11 20 26 0 0 0 0 0 0 0 0 21 22 30 10 0 0 0 0 30 30 17 11 14 11 10 17 0 0 0 0 0 0 0 0 
0 0 0 0 0 0 0 0 0 0 0 0 0 0 0 0 11 22 22 19 0 0 0 0 14 27 14 22 0 0 0 0 0 0 0 0 0 0 0 0 
0 0 0 0 0 0 0 0 0 0 0 0 0 0 0 0 0 0 0 0 0 0 0 0 0 0 0 0 0 0 0 0 0 0 0 0 17 24 14 15 
22 10 19 15 0 0 0 0 0 0 0 0 0 0 0 0 0 0 0 0 0 0 0 0 0 0 0 0 0 0 0 0 0 0 0 0 0 0 0 0 
0 0 0 0 30 28 19 10 15 14 27 18 25 10 25 21 30 26 19 10 0 0 0 0 25 22 26 30 24 10 20 19 11 11 12 28 0 0 0 0 
0 0 0 0 22 10 25 19 0 0 0 0 29 11 28 18 13 26 18 22 14 28 24 17 10 10 10 27 0 0 0 0 0 0 0 0 0 0 0 0 
0 0 0 0 12 17 22 10 28 12 22 21 19 11 20 16 16 17 16 21 23 23 28 27 13 22 10 24 0 0 0 0 11 10 23 26 0 0 0 0 
0 0 0 0 0 0 0 0 0 0 0 0 0 0 0 0 0 0 0 0 0 0 0 0 0 0 0 0 0 0 0 0 0 0 0 0 22 17 30 26 
17 23 24 24 0 0 0 0 0 0 0 0 0 0 0 0 0 0 0 0 0 0 0 0 0 0 0 0 0 0 0 0 0 0 0 0 0 0 0 0 
0 0 0 0 29 14 30 10 24 18 28 28 0 0 0 0 0 0 0 0 11 21 30 10 10 25 10 30 21 13 16 14 13 23 19 23 0 0 0 0 
0 0 0 0 0 0 0 0 0 0 0 0 0 0 0 0 14 18 29 30 13 13 29 13 0 0 0 0 0 0 0 0 0 0 0 0 0 0 0 0 
0 0 0 0 0 0 0 0 0 0 0 0 0 0 0 0 0 0 0 0 25 22 14 23 0 0 0 0 0 0 0 0 15 25 29 30 0 0 0 0 
0 0 0 0 0 0 0 0 0 0 0 0 0 0 0 0 0 0 0 0 0 0 0 0 0 0 0 0 0 0 0 0 0 0 0 0 25 12 13 29 
20 19 21 15 0 0 0 0 0 0 0 0 0 0 0 0 0 0 0 0 0 0 0 0 0 0 0 0 0 0 0 0 0 0 0 0 0 0 0 0 
0 0 0 0 18 22 30 21 28 29 21 28 28 18 29 27 12 13 20 30 14 23 12 11 14 23 21 26 23 15 16 10 26 21 13 15 0 0 0 0 
0 0 0 0 30 17 21 16 25 14 15 29 0 0 0 0 0 0 0 0 0 0 0 0 18 19 28 10 12 25 18 27 30 26 15 16 0 0 0 0 
0 0 0 0 0 0 0 0 0 0 0 0 0 0 0 0 0 0 0 0 0 0 0 0 11 13 16 21 0 0 0 0 13 25 17 15 0 0 0 0 
0 0 0 0 0 0 0 0 0 0 0 0 0 0 0 0 0 0 0 0 0 0 0 0 0 0 0 0 0 0 0 0 0 0 0 0 20 15 26 30 
28 28 13 29 0 0 0 0 0 0 0 0 0 0 0 0 0 0 0 0 0 0 0 0 0 0 0 0 0 0 0 0 0 0 0 0 0 0 0 0 
0 0 0 0 22 22 18 26 10 28 10 22 0 0 0 0 24 28 23 20 15 18 21 17 10 13 23 24 26 29 13 23 0 0 0 0 0 0 0 0 
0 0 0 0 0 0 0 0 14 19 22 16 0 0 0 0 0 0 0 0 0 0 0 0 27 27 21 16 0 0 0 0 0 0 0 0 0 0 0 0 
0 0 0 0 0 0 0 0 22 29 25 16 29 25 24 12 29 22 22 20 22 27 18 23 24 19 30 23 26 14 10 28 0 0 0 0 0 0 0 0 
0 0 0 0 0 0 0 0 0 0 0 0 0 0 0 0 0 0 0 0 0 0 0 0 0 0 0 0 0 0 0 0 0 0 0 0 19 19 29 15 
19 10 29 10 0 0 0 0 0 0 0 0 0 0 0 0 0 0 0 0 0 0 0 0 0 0 0 0 0 0 0 0 0 0 0 0 0 0 0 0 
0 0 0 0 25 15 18 27 17 22 30 16 14 17 23 18 12 22 15 12 21 19 20 12 30 20 14 17 0 0 0 0 21 18 10 24 0 0 0 0 
0 0 0 0 0 0 0 0 0 0 0 0 20 18 11 19 13 20 16 14 0 0 0 0 0 0 0 0 0 0 0 0 0 0 0 0 0 0 0 0 
0 0 0 0 0 0 0 0 10 17 19 17 0 0 0 0 0 0 0 0 26 27 26 14 26 15 20 29 21 13 18 26 0 0 0 0 0 0 0 0 
0 0 0 0 0 0 0 0 0 0 0 0 0 0 0 0 0 0 0 0 0 0 0 0 0 0 0 0 0 0 0 0 0 0 0 0 11 20 25 20 
28 24 11 30 0 0 0 0 0 0 0 0 0 0 0 0 0 0 0 0 0 0 0 0 0 0 0 0 0 0 0 0 0 0 0 0 0 0 0 0 
0 0 0 0 26 29 30 18 13 22 14 21 21 14 20 28 23 25 14 24 11 12 25 18 19 10 23 23 13 26 30 12 21 30 19 22 0 0 0 0 
0 0 0 0 17 26 22 17 21 15 22 22 16 15 22 18 16 23 25 20 19 16 21 23 16 24 14 28 25 19 17 27 20 25 12 17 0 0 0 0 
0 0 0 0 0 0 0 0 0 0 0 0 0 0 0 0 0 0 0 0 12 22 11 16 0 0 0 0 14 21 20 17 0 0 0 0 0 0 0 0 
0 0 0 0 0 0 0 0 0 0 0 0 0 0 0 0 0 0 0 0 0 0 0 0 0 0 0 0 0 0 0 0 0 0 0 0 12 29 11 30 
30 17 29 13 0 0 0 0 0 0 0 0 0 0 0 0 0 0 0 0 0 0 0 0 0 0 0 0 0 0 0 0 0 0 0 0 0 0 0 0 
0 0 0 0 22 12 18 14 0 0 0 0 0 0 0 0 22 25 26 25 0 0 0 0 13 30 19 27 0 0 0 0 0 0 0 0 0 0 0 0 
0 0 0 0 0 0 0 0 0 0 0 0 0 0 0 0 12 13 27 23 0 0 0 0 15 11 25 19 0 0 0 0 0 0 0 0 0 0 0 0 
0 0 0 0 26 24 16 25 0 0 0 0 16 25 13 10 0 0 0 0 0 0 0 0 28 16 15 16 22 30 29 13 18 13 23 17 0 0 0 0 
0 0 0 0 0 0 0 0 0 0 0 0 0 0 0 0 0 0 0 0 0 0 0 0 0 0 0 0 0 0 0 0 0 0 0 0 24 21 21 24 
19 16 18 18 0 0 0 0 0 0 0 0 0 0 0 0 0 0 0 0 0 0 0 0 0 0 0 0 0 0 0 0 0 0 0 0 0 0 0 0 
0 0 0 0 0 0 0 0 0 0 0 0 21 25 20 18 19 26 21 20 14 30 28 15 18 28 27 18 11 10 18 27 10 15 19 24 0 0 0 0 
0 0 0 0 22 10 17 12 12 18 27 27 0 0 0 0 18 27 11 19 0 0 0 0 29 11 29 10 16 11 11 22 21 14 29 14 0 0 0 0 
0 0 0 0 21 28 30 11 0 0 0 0 0 0 0 0 0 0 0 0 0 0 0 0 19 15 29 18 0 0 0 0 29 15 21 19 0 0 0 0 
0 0 0 0 0 0 0 0 0 0 0 0 0 0 0 0 0 0 0 0 0 0 0 0 0 0 0 0 0 0 0 0 0 0 0 0 10 29 24 30 
24 23 30 18 0 0 0 0 0 0 0 0 0 0 0 0 0 0 0 0 0 0 0 0 0 0 0 0 0 0 0 0 0 0 0 0 0 0 0 0 
0 0 0 0 0 0 0 0 15 25 28 19 24 14 17 21 13 25 11 28 29 30 28 23 17 20 23 17 23 27 19 21 0 0 0 0 0 0 0 0 
0 0 0 0 0 0 0 0 0 0 0 0 0 0 0 0 0 0 0 0 0 0 0 0 0 0 0 0 10 17 15 13 0 0 0 0 0 0 0 0 
0 0 0 0 0 0 0 0 17 13 15 27 25 11 24 12 26 19 27 27 0 0 0 0 0 0 0 0 0 0 0 0 0 0 0 0 0 0 0 0 
0 0 0 0 0 0 0 0 0 0 0 0 0 0 0 0 0 0 0 0 0 0 0 0 0 0 0 0 0 0 0 0 0 0 0 0 14 11 26 26 
23 23 29 24 0 0 0 0 0 0 0 0 0 0 0 0 0 0 0 0 0 0 0 0 0 0 0 0 0 0 0 0 0 0 0 0 0 0 0 0 
0 0 0 0 28 24 29 25 16 17 25 22 24 23 10 27 25 29 16 13 10 10 11 19 14 10 15 12 0 0 0 0 0 0 0 0 0 0 0 0 
0 0 0 0 24 10 19 26 11 29 17 26 21 12 16 10 0 0 0 0 13 11 15 13 19 26 21 26 24 26 22 25 27 14 24 21 0 0 0 0 
0 0 0 0 0 0 0 0 11 18 30 20 0 0 0 0 19 21 10 13 13 18 27 13 0 0 0 0 0 0 0 0 0 0 0 0 0 0 0 0 
0 0 0 0 0 0 0 0 0 0 0 0 0 0 0 0 0 0 0 0 0 0 0 0 0 0 0 0 0 0 0 0 0 0 0 0 17 18 20 27 
20 15 27 22 0 0 0 0 0 0 0 0 0 0 0 0 0 0 0 0 0 0 0 0 0 0 0 0 0 0 0 0 0 0 0 0 0 0 0 0 
0 0 0 0 25 12 25 27 26 17 13 25 0 0 0 0 0 0 0 0 13 15 29 24 20 26 15 21 18 21 21 24 0 0 0 0 0 0 0 0 
0 0 0 0 27 12 13 21 0 0 0 0 10 28 14 26 0 0 0 0 0 0 0 0 0 0 0 0 0 0 0 0 0 0 0 0 0 0 0 0 
0 0 0 0 0 0 0 0 0 0 0 0 0 0 0 0 0 0 0 0 0 0 0 0 30 28 24 23 0 0 0 0 27 23 23 12 0 0 0 0 
0 0 0 0 0 0 0 0 0 0 0 0 0 0 0 0 0 0 0 0 0 0 0 0 0 0 0 0 0 0 0 0 0 0 0 0 16 25 28 11 
25 14 20 17 0 0 0 0 0 0 0 0 0 0 0 0 0 0 0 0 0 0 0 0 0 0 0 0 0 0 0 0 0 0 0 0 0 0 0 0 
0 0 0 0 21 24 29 16 0 0 0 0 25 14 14 28 23 22 15 23 24 26 25 15 0 0 0 0 14 27 22 22 19 13 12 29 0 0 0 0 
0 0 0 0 30 16 17 16 14 21 19 14 30 13 18 20 29 16 18 23 20 22 15 22 18 28 27 11 22 29 15 15 17 17 21 16 0 0 0 0 
0 0 0 0 23 20 16 18 15 30 23 20 15 10 22 23 0 0 0 0 22 15 12 18 14 21 22 19 29 23 29 16 27 20 12 29 0 0 0 0 
0 0 0 0 0 0 0 0 0 0 0 0 0 0 0 0 0 0 0 0 0 0 0 0 0 0 0 0 0 0 0 0 0 0 0 0 12 21 15 15 
22 13 20 28 0 0 0 0 0 0 0 0 0 0 0 0 0 0 0 0 0 0 0 0 0 0 0 0 0 0 0 0 0 0 0 0 0 0 0 0 
0 0 0 0 0 0 0 0 0 0 0 0 13 23 24 20 18 11 23 24 0 0 0 0 0 0 0 0 21 23 26 21 0 0 0 0 0 0 0 0 
0 0 0 0 18 15 19 13 23 25 20 19 0 0 0 0 20 21 13 16 25 28 20 19 10 19 14 13 14 19 23 17 10 25 24 12 0 0 0 0 
0 0 0 0 0 0 0 0 0 0 0 0 0 0 0 0 0 0 0 0 0 0 0 0 0 0 0 0 28 29 26 16 28 20 16 22 0 0 0 0 
0 0 0 0 0 0 0 0 0 0 0 0 0 0 0 0 0 0 0 0 0 0 0 0 0 0 0 0 0 0 0 0 0 0 0 0 30 30 20 17 
22 16 10 14 0 0 0 0 0 0 0 0 0 0 0 0 0 0 0 0 0 0 0 0 0 0 0 0 0 0 0 0 0 0 0 0 0 0 0 0 
0 0 0 0 0 0 0 0 13 20 13 24 18 10 28 27 17 27 20 12 23 16 17 28 14 25 12 25 29 20 11 13 18 19 27 21 0 0 0 0 
0 0 0 0 0 0 0 0 0 0 0 0 30 17 29 20 0 0 0 0 12 23 26 19 20 18 15 13 27 23 22 28 27 26 12 15 0 0 0 0 
0 0 0 0 0 0 0 0 11 29 10 12 0 0 0 0 21 12 12 12 29 14 15 28 0 0 0 0 0 0 0 0 0 0 0 0 0 0 0 0 
0 0 0 0 0 0 0 0 0 0 0 0 0 0 0 0 0 0 0 0 0 0 0 0 0 0 0 0 0 0 0 0 0 0 0 0 12 23 11 17 
26 22 21 13 0 0 0 0 0 0 0 0 0 0 0 0 0 0 0 0 0 0 0 0 0 0 0 0 0 0 0 0 0 0 0 0 0 0 0 0 
0 0 0 0 20 14 20 27 0 0 0 0 18 25 28 18 0 0 0 0 14 28 19 18 19 10 19 14 0 0 0 0 28 19 28 21 0 0 0 0 
0 0 0 0 13 22 17 18 0 0 0 0 0 0 0 0 13 11 15 12 30 15 30 19 13 19 20 14 26 28 11 24 0 0 0 0 0 0 0 0 
0 0 0 0 20 13 30 14 0 0 0 0 0 0 0 0 0 0 0 0 0 0 0 0 0 0 0 0 0 0 0 0 0 0 0 0 0 0 0 0 
0 0 0 0 0 0 0 0 0 0 0 0 0 0 0 0 0 0 0 0 0 0 0 0 0 0 0 0 0 0 0 0 0 0 0 0 11 16 19 16 
25 23 28 18 0 0 0 0 0 0 0 0 0 0 0 0 0 0 0 0 0 0 0 0 0 0 0 0 0 0 0 0 0 0 0 0 0 0 0 0 
0 0 0 0 20 16 28 25 0 0 0 0 15 25 20 18 12 28 22 28 24 22 20 18 26 11 11 11 12 16 26 18 28 29 16 10 0 0 0 0 
0 0 0 0 20 17 18 23 23 21 13 24 13 30 12 22 13 13 30 18 25 14 10 19 10 13 24 24 15 13 16 29 13 22 16 22 0 0 0 0 
0 0 0 0 0 0 0 0 0 0 0 0 28 20 10 24 19 24 22 19 11 15 27 30 17 28 12 17 0 0 0 0 22 25 20 29 0 0 0 0 
0 0 0 0 0 0 0 0 0 0 0 0 0 0 0 0 0 0 0 0 0 0 0 0 0 0 0 0 0 0 0 0 0 0 0 0 15 30 10 19 
20 26 15 27 0 0 0 0 0 0 0 0 0 0 0 0 0 0 0 0 0 0 0 0 0 0 0 0 0 0 0 0 0 0 0 0 0 0 0 0 
0 0 0 0 19 21 14 17 20 29 22 25 27 25 21 23 28 12 14 20 26 19 29 30 0 0 0 0 28 13 26 21 24 14 25 11 0 0 0 0 
0 0 0 0 0 0 0 0 0 0 0 0 13 17 11 30 0 0 0 0 0 0 0 0 0 0 0 0 0 0 0 0 28 21 11 20 0 0 0 0 
0 0 0 0 0 0 0 0 24 12 13 13 0 0 0 0 0 0 0 0 0 0 0 0 0 0 0 0 0 0 0 0 0 0 0 0 0 0 0 0 
0 0 0 0 0 0 0 0 0 0 0 0 0 0 0 0 0 0 0 0 0 0 0 0 0 0 0 0 0 0 0 0 0 0 0 0 26 13 14 10 
24 14 13 17 0 0 0 0 0 0 0 0 0 0 0 0 0 0 0 0 0 0 0 0 0 0 0 0 0 0 0 0 0 0 0 0 0 0 0 0 
0 0 0 0 21 27 29 25 0 0 0 0 23 29 12 16 0 0 0 0 0 0 0 0 0 0 0 0 0 0 0 0 0 0 0 0 0 0 0 0 
0 0 0 0 28 15 23 17 0 0 0 0 0 0 0 0 0 0 0 0 0 0 0 0 0 0 0 0 0 0 0 0 0 0 0 0 0 0 0 0 
0 0 0 0 0 0 0 0 0 0 0 0 13 11 20 15 0 0 0 0 0 0 0 0 0 0 0 0 21 10 11 24 13 26 23 20 0 0 0 0 
0 0 0 0 0 0 0 0 0 0 0 0 0 0 0 0 0 0 0 0 0 0 0 0 0 0 0 0 0 0 0 0 0 0 0 0 13 23 21 25 
20 10 10 10 0 0 0 0 0 0 0 0 0 0 0 0 0 0 0 0 0 0 0 0 0 0 0 0 0 0 0 0 0 0 0 0 0 0 0 0 
0 0 0 0 20 23 10 15 0 0 0 0 30 15 30 30 0 0 0 0 0 0 0 0 17 12 29 13 23 27 13 15 15 26 20 11 0 0 0 0 
0 0 0 0 14 30 15 18 24 25 22 22 22 23 15 28 16 18 30 14 0 0 0 0 15 23 22 13 20 16 13 15 0 0 0 0 0 0 0 0 
0 0 0 0 15 22 10 20 26 28 12 27 21 16 29 10 27 10 26 18 0 0 0 0 0 0 0 0 11 26 16 22 16 26 18 11 0 0 0 0 
0 0 0 0 0 0 0 0 0 0 0 0 0 0 0 0 0 0 0 0 0 0 0 0 0 0 0 0 0 0 0 0 0 0 0 0 11 28 21 14 
25 30 25 16 0 0 0 0 0 0 0 0 0 0 0 0 0 0 0 0 0 0 0 0 0 0 0 0 0 0 0 0 0 0 0 0 0 0 0 0 
0 0 0 0 12 24 28 17 28 25 20 27 0 0 0 0 24 24 24 16 18 21 17 26 28 22 14 20 26 10 26 27 13 24 29 21 0 0 0 0 
0 0 0 0 23 16 17 26 22 23 11 17 17 21 22 11 23 11 23 25 21 24 22 17 14 10 24 28 0 0 0 0 18 27 10 15 0 0 0 0 
0 0 0 0 0 0 0 0 0 0 0 0 23 21 30 24 0 0 0 0 17 23 27 10 22 14 16 25 14 17 24 28 15 17 11 20 0 0 0 0 
0 0 0 0 0 0 0 0 0 0 0 0 0 0 0 0 0 0 0 0 0 0 0 0 0 0 0 0 0 0 0 0 0 0 0 0 11 30 17 26 
18 13 28 10 0 0 0 0 0 0 0 0 0 0 0 0 0 0 0 0 0 0 0 0 0 0 0 0 0 0 0 0 0 0 0 0 0 0 0 0 
0 0 0 0 22 17 13 13 0 0 0 0 25 18 20 21 0 0 0 0 0 0 0 0 0 0 0 0 15 24 29 12 0 0 0 0 0 0 0 0 
0 0 0 0 21 17 21 25 0 0 0 0 15 17 21 29 28 22 26 20 16 14 11 18 22 10 29 10 0 0 0 0 0 0 0 0 0 0 0 0 
0 0 0 0 0 0 0 0 21 24 16 27 0 0 0 0 0 0 0 0 0 0 0 0 0 0 0 0 20 25 18 24 28 21 27 24 0 0 0 0 
0 0 0 0 0 0 0 0 0 0 0 0 0 0 0 0 0 0 0 0 0 0 0 0 0 0 0 0 0 0 0 0 0 0 0 0 10 23 21 17 
20 26 16 22 0 0 0 0 0 0 0 0 0 0 0 0 0 0 0 0 0 0 0 0 0 0 0 0 0 0 0 0 0 0 0 0 0 0 0 0 
0 0 0 0 24 23 11 18 17 15 19 19 26 13 30 13 20 15 19 27 17 19 20 26 0 0 0 0 20 19 16 14 0 0 0 0 0 0 0 0 
0 0 0 0 0 0 0 0 20 13 12 10 20 21 23 27 0 0 0 0 0 0 0 0 28 16 19 16 0 0 0 0 0 0 0 0 0 0 0 0 
0 0 0 0 24 28 30 22 15 13 23 20 0 0 0 0 12 14 21 25 11 25 11 14 14 20 30 24 0 0 0 0 0 0 0 0 0 0 0 0 
0 0 0 0 0 0 0 0 0 0 0 0 0 0 0 0 0 0 0 0 0 0 0 0 0 0 0 0 0 0 0 0 0 0 0 0 27 13 27 12 
22 10 13 13 0 0 0 0 0 0 0 0 0 0 0 0 0 0 0 0 0 0 0 0 0 0 0 0 0 0 0 0 0 0 0 0 0 0 0 0 
0 0 0 0 0 0 0 0 27 27 29 22 11 30 12 20 12 27 12 21 0 0 0 0 23 18 21 20 10 26 27 12 13 24 21 26 0 0 0 0 
0 0 0 0 27 24 15 18 0 0 0 0 0 0 0 0 0 0 0 0 24 12 23 19 30 26 13 18 0 0 0 0 29 17 30 12 0 0 0 0 
0 0 0 0 26 13 15 29 22 20 20 26 13 27 16 23 29 14 12 21 25 26 18 20 20 10 18 10 22 23 15 21 12 19 29 21 0 0 0 0 
0 0 0 0 0 0 0 0 0 0 0 0 0 0 0 0 0 0 0 0 0 0 0 0 0 0 0 0 0 0 0 0 0 0 0 0 27 23 10 11 
11 30 30 17 0 0 0 0 0 0 0 0 0 0 0 0 0 0 0 0 0 0 0 0 0 0 0 0 0 0 0 0 0 0 0 0 0 0 0 0 
0 0 0 0 20 27 26 12 21 10 16 20 10 22 29 12 13 14 21 11 29 13 23 25 30 26 10 19 18 21 30 21 19 24 21 15 0 0 0 0 
0 0 0 0 0 0 0 0 11 27 21 24 21 13 25 15 0 0 0 0 0 0 0 0 11 12 20 12 0 0 0 0 12 11 29 24 0 0 0 0 
0 0 0 0 21 18 20 24 17 24 29 13 14 28 25 28 0 0 0 0 23 12 17 14 13 16 29 15 28 25 24 18 0 0 0 0 0 0 0 0 
0 0 0 0 0 0 0 0 0 0 0 0 0 0 0 0 0 0 0 0 0 0 0 0 0 0 0 0 0 0 0 0 0 0 0 0 21 10 12 20 
18 17 19 19 0 0 0 0 0 0 0 0 0 0 0 0 0 0 0 0 0 0 0 0 0 0 0 0 0 0 0 0 0 0 0 0 0 0 0 0 
0 0 0 0 0 0 0 0 0 0 0 0 21 17 20 15 0 0 0 0 0 0 0 0 0 0 0 0 0 0 0 0 30 27 14 18 0 0 0 0 
0 0 0 0 16 19 20 29 14 30 22 11 0 0 0 0 0 0 0 0 0 0 0 0 0 0 0 0 0 0 0 0 0 0 0 0 0 0 0 0 
0 0 0 0 23 21 19 18 12 26 22 11 29 17 10 19 18 12 30 23 10 29 14 25 0 0 0 0 25 26 28 14 23 20 30 27 0 0 0 0 
0 0 0 0 0 0 0 0 0 0 0 0 0 0 0 0 0 0 0 0 0 0 0 0 0 0 0 0 0 0 0 0 0 0 0 0 19 27 30 21 
26 11 24 25 0 0 0 0 0 0 0 0 0 0 0 0 0 0 0 0 0 0 0 0 0 0 0 0 0 0 0 0 0 0 0 0 0 0 0 0 
0 0 0 0 12 10 10 23 26 15 14 30 10 15 10 10 0 0 0 0 10 15 15 24 30 19 30 10 29 14 28 12 11 26 17 11 0 0 0 0 
0 0 0 0 0 0 0 0 0 0 0 0 29 23 19 29 24 24 27 14 28 29 16 25 27 24 20 23 0 0 0 0 0 0 0 0 0 0 0 0 
0 0 0 0 0 0 0 0 0 0 0 0 0 0 0 0 0 0 0 0 15 23 23 22 0 0 0 0 0 0 0 0 0 0 0 0 0 0 0 0 
0 0 0 0 0 0 0 0 0 0 0 0 0 0 0 0 0 0 0 0 0 0 0 0 0 0 0 0 0 0 0 0 0 0 0 0 30 26 16 27 
13 10 23 28 0 0 0 0 0 0 0 0 0 0 0 0 0 0 0 0 0 0 0 0 0 0 0 0 0 0 0 0 0 0 0 0 0 0 0 0 
0 0 0 0 11 24 17 25 14 20 23 29 14 22 17 27 0 0 0 0 10 13 12 27 27 26 22 25 18 29 16 11 25 30 29 22 0 0 0 0 
0 0 0 0 0 0 0 0 27 20 25 12 0 0 0 0 14 11 23 18 22 28 23 19 0 0 0 0 0 0 0 0 26 28 29 28 0 0 0 0 
0 0 0 0 28 29 26 15 17 19 20 13 0 0 0 0 15 25 26 11 28 18 21 10 0 0 0 0 28 28 11 26 17 23 29 21 0 0 0 0 
0 0 0 0 0 0 0 0 0 0 0 0 0 0 0 0 0 0 0 0 0 0 0 0 0 0 0 0 0 0 0 0 0 0 0 0 21 20 18 16 
11 26 27 14 0 0 0 0 0 0 0 0 0 0 0 0 0 0 0 0 0 0 0 0 0 0 0 0 0 0 0 0 0 0 0 0 0 0 0 0 
0 0 0 0 21 20 25 30 10 19 12 18 25 12 15 15 13 30 15 17 12 19 27 24 13 19 25 24 15 30 30 27 25 22 12 14 0 0 0 0 
0 0 0 0 0 0 0 0 0 0 0 0 10 26 24 24 0 0 0 0 0 0 0 0 13 28 20 27 23 29 23 17 16 13 16 12 0 0 0 0 
0 0 0 0 0 0 0 0 0 0 0 0 0 0 0 0 22 10 23 19 29 21 14 30 0 0 0 0 0 0 0 0 23 29 24 10 0 0 0 0 
0 0 0 0 0 0 0 0 0 0 0 0 0 0 0 0 0 0 0 0 0 0 0 0 0 0 0 0 0 0 0 0 0 0 0 0 19 24 30 24 
22 28 22 18 0 0 0 0 0 0 0 0 0 0 0 0 0 0 0 0 0 0 0 0 0 0 0 0 0 0 0 0 0 0 0 0 0 0 0 0 
0 0 0 0 12 17 17 21 17 22 17 23 19 24 29 16 24 19 20 17 20 23 14 23 17 16 11 19 21 19 29 30 28 23 28 27 0 0 0 0 
0 0 0 0 0 0 0 0 16 15 24 12 30 25 22 27 20 10 22 28 0 0 0 0 18 26 20 14 0 0 0 0 0 0 0 0 0 0 0 0 
0 0 0 0 16 29 27 11 26 13 21 16 17 16 12 16 30 27 28 19 20 21 29 21 0 0 0 0 0 0 0 0 26 26 26 12 0 0 0 0 
0 0 0 0 0 0 0 0 0 0 0 0 0 0 0 0 0 0 0 0 0 0 0 0 0 0 0 0 0 0 0 0 0 0 0 0 15 13 25 16 
27 11 21 21 0 0 0 0 0 0 0 0 0 0 0 0 0 0 0 0 0 0 0 0 0 0 0 0 0 0 0 0 0 0 0 0 0 0 0 0 
0 0 0 0 17 28 14 30 0 0 0 0 0 0 0 0 0 0 0 0 0 0 0 0 26 11 26 25 0 0 0 0 15 20 10 10 0 0 0 0 
0 0 0 0 0 0 0 0 0 0 0 0 0 0 0 0 0 0 0 0 0 0 0 0 0 0 0 0 27 15 30 24 0 0 0 0 0 0 0 0 
0 0 0 0 25 20 19 19 27 11 24 17 16 27 24 24 24 17 28 20 28 20 11 27 14 23 11 22 24 11 12 11 29 26 11 16 0 0 0 0 
0 0 0 0 0 0 0 0 0 0 0 0 0 0 0 0 0 0 0 0 0 0 0 0 0 0 0 0 0 0 0 0 0 0 0 0 25 10 13 18 
13 19 20 16 0 0 0 0 0 0 0 0 0 0 0 0 0 0 0 0 0 0 0 0 0 0 0 0 0 0 0 0 0 0 0 0 0 0 0 0 
0 0 0 0 14 18 12 12 20 14 22 30 21 20 26 21 16 19 29 26 26 29 22 15 25 21 27 22 12 20 19 12 25 30 20 15 0 0 0 0 
0 0 0 0 10 24 20 26 21 11 26 30 10 28 11 22 0 0 0 0 0 0 0 0 12 12 13 27 28 15 28 13 28 13 12 13 0 0 0 0 
0 0 0 0 0 0 0 0 16 18 24 18 12 19 15 29 0 0 0 0 30 12 10 24 26 24 26 18 10 23 22 25 21 11 28 24 0 0 0 0 
0 0 0 0 0 0 0 0 0 0 0 0 0 0 0 0 0 0 0 0 0 0 0 0 0 0 0 0 0 0 0 0 0 0 0 0 14 16 18 12 
10 17 15 19 0 0 0 0 0 0 0 0 0 0 0 0 0 0 0 0 0 0 0 0 0 0 0 0 0 0 0 0 0 0 0 0 0 0 0 0 
0 0 0 0 24 15 29 25 18 12 24 28 29 25 18 15 0 0 0 0 20 21 28 20 0 0 0 0 0 0 0 0 0 0 0 0 0 0 0 0 
0 0 0 0 21 22 12 14 24 16 24 16 20 12 17 22 19 12 12 22 17 19 16 25 30 11 27 10 29 19 20 10 29 29 23 22 0 0 0 0 
0 0 0 0 0 0 0 0 12 28 10 28 0 0 0 0 0 0 0 0 0 0 0 0 15 16 14 26 0 0 0 0 24 24 28 18 0 0 0 0 
0 0 0 0 0 0 0 0 0 0 0 0 0 0 0 0 0 0 0 0 0 0 0 0 0 0 0 0 0 0 0 0 0 0 0 0 28 29 30 14 
11 28 16 30 0 0 0 0 0 0 0 0 0 0 0 0 0 0 0 0 0 0 0 0 0 0 0 0 0 0 0 0 0 0 0 0 0 0 0 0 
0 0 0 0 0 0 0 0 0 0 0 0 12 24 13 23 0 0 0 0 0 0 0 0 27 11 11 18 20 30 19 23 0 0 0 0 0 0 0 0 
0 0 0 0 12 15 30 10 27 29 22 13 10 22 21 15 12 13 15 19 16 29 10 19 23 20 17 27 26 28 19 25 10 11 29 27 0 0 0 0 
0 0 0 0 30 13 20 24 15 30 29 14 0 0 0 0 17 15 11 22 12 20 21 17 0 0 0 0 0 0 0 0 0 0 0 0 0 0 0 0 
0 0 0 0 0 0 0 0 0 0 0 0 0 0 0 0 0 0 0 0 0 0 0 0 0 0 0 0 0 0 0 0 0 0 0 0 24 27 25 20 
18 17 22 28 0 0 0 0 0 0 0 0 0 0 0 0 0 0 0 0 0 0 0 0 0 0 0 0 0 0 0 0 0 0 0 0 0 0 0 0 
0 0 0 0 0 0 0 0 24 23 27 13 14 26 28 30 0 0 0 0 0 0 0 0 23 15 29 10 29 24 19 11 0 0 0 0 0 0 0 0 
0 0 0 0 0 0 0 0 25 17 19 29 20 14 21 21 21 18 20 25 26 20 26 11 10 10 25 25 0 0 0 0 23 13 15 24 0 0 0 0 
0 0 0 0 30 23 24 10 0 0 0 0 15 28 29 17 0 0 0 0 0 0 0 0 0 0 0 0 0 0 0 0 19 11 20 30 0 0 0 0 
0 0 0 0 0 0 0 0 0 0 0 0 0 0 0 0 0 0 0 0 0 0 0 0 0 0 0 0 0 0 0 0 0 0 0 0 30 11 20 16 
25 15 30 23 0 0 0 0 0 0 0 0 0 0 0 0 0 0 0 0 0 0 0 0 0 0 0 0 0 0 0 0 0 0 0 0 0 0 0 0 
0 0 0 0 0 0 0 0 0 0 0 0 0 0 0 0 0 0 0 0 0 0 0 0 27 12 10 27 0 0 0 0 0 0 0 0 0 0 0 0 
0 0 0 0 0 0 0 0 0 0 0 0 0 0 0 0 0 0 0 0 0 0 0 0 0 0 0 0 24 23 22 22 0 0 0 0 0 0 0 0 
0 0 0 0 0 0 0 0 0 0 0 0 24 25 22 12 29 23 22 19 10 15 16 30 0 0 0 0 27 25 18 16 10 11 21 12 0 0 0 0 
0 0 0 0 0 0 0 0 0 0 0 0 0 0 0 0 0 0 0 0 0 0 0 0 0 0 0 0 0 0 0 0 0 0 0 0 27 12 26 17 
27 13 10 13 0 0 0 0 0 0 0 0 0 0 0 0 0 0 0 0 0 0 0 0 0 0 0 0 0 0 0 0 0 0 0 0 0 0 0 0 
0 0 0 0 0 0 0 0 0 0 0 0 0 0 0 0 30 11 29 13 0 0 0 0 0 0 0 0 22 16 20 15 14 12 10 24 0 0 0 0 
0 0 0 0 29 17 27 18 0 0 0 0 0 0 0 0 18 20 21 24 18 12 26 10 0 0 0 0 0 0 0 0 0 0 0 0 0 0 0 0 
0 0 0 0 0 0 0 0 0 0 0 0 0 0 0 0 30 13 12 18 19 26 12 25 21 18 10 16 0 0 0 0 28 14 24 19 0 0 0 0 
0 0 0 0 0 0 0 0 0 0 0 0 0 0 0 0 0 0 0 0 0 0 0 0 0 0 0 0 0 0 0 0 0 0 0 0 14 25 18 21 
19 29 18 17 0 0 0 0 0 0 0 0 0 0 0 0 0 0 0 0 0 0 0 0 0 0 0 0 0 0 0 0 0 0 0 0 0 0 0 0 
0 0 0 0 0 0 0 0 0 0 0 0 0 0 0 0 0 0 0 0 30 15 26 12 0 0 0 0 0 0 0 0 0 0 0 0 0 0 0 0 
0 0 0 0 13 14 22 28 13 13 19 26 13 22 25 10 19 27 13 24 26 13 25 23 0 0 0 0 25 18 21 23 28 27 24 26 0 0 0 0 
0 0 0 0 19 25 16 22 0 0 0 0 12 26 28 25 30 24 23 20 0 0 0 0 0 0 0 0 0 0 0 0 21 18 20 21 0 0 0 0 
0 0 0 0 0 0 0 0 0 0 0 0 0 0 0 0 0 0 0 0 0 0 0 0 0 0 0 0 0 0 0 0 0 0 0 0 12 30 11 16 
18 25 16 25 0 0 0 0 0 0 0 0 0 0 0 0 0 0 0 0 0 0 0 0 0 0 0 0 0 0 0 0 0 0 0 0 0 0 0 0 
0 0 0 0 14 24 12 12 0 0 0 0 30 13 27 27 19 17 27 23 0 0 0 0 0 0 0 0 0 0 0 0 0 0 0 0 0 0 0 0 
0 0 0 0 18 29 12 26 28 30 16 11 19 21 26 29 0 0 0 0 0 0 0 0 0 0 0 0 29 29 21 20 11 18 19 10 0 0 0 0 
0 0 0 0 22 20 11 27 0 0 0 0 0 0 0 0 25 20 19 20 0 0 0 0 0 0 0 0 0 0 0 0 0 0 0 0 0 0 0 0 
0 0 0 0 0 0 0 0 0 0 0 0 0 0 0 0 0 0 0 0 0 0 0 0 0 0 0 0 0 0 0 0 0 0 0 0 24 19 27 21 
24 22 16 11 0 0 0 0 0 0 0 0 0 0 0 0 0 0 0 0 0 0 0 0 0 0 0 0 0 0 0 0 0 0 0 0 0 0 0 0 
0 0 0 0 30 16 12 15 23 30 19 29 23 15 11 22 13 11 19 29 20 16 26 23 0 0 0 0 16 20 10 11 20 17 22 20 0 0 0 0 
0 0 0 0 14 29 22 27 0 0 0 0 24 29 24 28 0 0 0 0 15 22 28 12 18 14 21 17 25 24 15 14 22 19 30 10 0 0 0 0 
0 0 0 0 0 0 0 0 20 23 27 30 0 0 0 0 26 26 28 29 0 0 0 0 13 21 24 26 0 0 0 0 0 0 0 0 0 0 0 0 
0 0 0 0 0 0 0 0 0 0 0 0 0 0 0 0 0 0 0 0 0 0 0 0 0 0 0 0 0 0 0 0 0 0 0 0 29 12 30 29 
16 11 27 26 0 0 0 0 0 0 0 0 0 0 0 0 0 0 0 0 0 0 0 0 0 0 0 0 0 0 0 0 0 0 0 0 0 0 0 0 
0 0 0 0 13 30 14 29 19 19 20 22 13 10 15 24 12 29 12 11 0 0 0 0 0 0 0 0 26 16 18 21 0 0 0 0 0 0 0 0 
0 0 0 0 22 19 17 27 0 0 0 0 18 14 17 21 0 0 0 0 0 0 0 0 0 0 0 0 0 0 0 0 0 0 0 0 0 0 0 0 
0 0 0 0 28 21 30 30 0 0 0 0 0 0 0 0 21 26 26 19 16 29 10 21 0 0 0 0 0 0 0 0 19 29 16 12 0 0 0 0 
0 0 0 0 0 0 0 0 0 0 0 0 0 0 0 0 0 0 0 0 0 0 0 0 0 0 0 0 0 0 0 0 0 0 0 0 17 30 12 21 
11 24 30 28 0 0 0 0 0 0 0 0 0 0 0 0 0 0 0 0 0 0 0 0 0 0 0 0 0 0 0 0 0 0 0 0 0 0 0 0 
0 0 0 0 15 11 10 30 19 30 25 18 22 11 12 19 27 23 25 27 22 25 19 26 14 24 17 11 21 13 16 28 16 10 12 12 0 0 0 0 
0 0 0 0 0 0 0 0 0 0 0 0 17 23 11 11 0 0 0 0 0 0 0 0 11 13 15 24 20 15 16 15 0 0 0 0 0 0 0 0 
0 0 0 0 18 22 11 23 20 23 13 27 0 0 0 0 0 0 0 0 19 13 28 17 0 0 0 0 0 0 0 0 0 0 0 0 0 0 0 0 
0 0 0 0 0 0 0 0 0 0 0 0 0 0 0 0 0 0 0 0 0 0 0 0 0 0 0 0 0 0 0 0 0 0 0 0 26 28 18 20 
23 15 11 13 0 0 0 0 0 0 0 0 0 0 0 0 0 0 0 0 0 0 0 0 0 0 0 0 0 0 0 0 0 0 0 0 0 0 0 0 
0 0 0 0 21 15 10 20 19 17 22 16 29 30 25 12 0 0 0 0 0 0 0 0 0 0 0 0 0 0 0 0 22 17 13 29 0 0 0 0 
0 0 0 0 28 22 15 17 26 27 11 10 11 20 21 29 0 0 0 0 28 13 28 26 30 10 25 26 30 23 30 22 16 20 18 27 0 0 0 0 
0 0 0 0 15 11 16 26 28 17 13 25 0 0 0 0 14 28 22 24 20 26 12 26 28 22 29 11 20 22 12 22 23 18 13 17 0 0 0 0 
0 0 0 0 0 0 0 0 0 0 0 0 0 0 0 0 0 0 0 0 0 0 0 0 0 0 0 0 0 0 0 0 0 0 0 0 29 28 30 26 
14 27 30 18 0 0 0 0 0 0 0 0 0 0 0 0 0 0 0 0 0 0 0 0 0 0 0 0 0 0 0 0 0 0 0 0 0 0 0 0 
0 0 0 0 13 28 28 19 0 0 0 0 0 0 0 0 15 28 20 29 20 15 21 28 30 15 30 29 0 0 0 0 0 0 0 0 0 0 0 0 
0 0 0 0 23 20 12 14 23 14 28 18 24 20 21 25 13 10 20 27 25 15 21 25 17 13 12 28 16 29 23 23 10 27 12 25 0 0 0 0 
0 0 0 0 30 10 16 20 0 0 0 0 0 0 0 0 0 0 0 0 0 0 0 0 0 0 0 0 0 0 0 0 17 22 14 24 0 0 0 0 
0 0 0 0 0 0 0 0 0 0 0 0 0 0 0 0 0 0 0 0 0 0 0 0 0 0 0 0 0 0 0 0 0 0 0 0 11 17 22 10 
19 17 21 16 0 0 0 0 0 0 0 0 0 0 0 0 0 0 0 0 0 0 0 0 0 0 0 0 0 0 0 0 0 0 0 0 0 0 0 0 
0 0 0 0 0 0 0 0 0 0 0 0 0 0 0 0 22 22 12 13 26 24 30 15 30 10 24 23 0 0 0 0 0 0 0 0 0 0 0 0 
0 0 0 0 11 18 20 11 30 30 19 23 0 0 0 0 18 27 19 14 18 17 25 29 22 29 18 23 22 10 28 30 16 25 29 16 0 0 0 0 
0 0 0 0 30 26 17 30 0 0 0 0 0 0 0 0 0 0 0 0 25 26 29 10 20 15 18 10 0 0 0 0 12 21 13 29 0 0 0 0 
0 0 0 0 0 0 0 0 0 0 0 0 0 0 0 0 0 0 0 0 0 0 0 0 0 0 0 0 0 0 0 0 0 0 0 0 26 23 23 27 
14 14 17 29 0 0 0 0 0 0 0 0 0 0 0 0 0 0 0 0 0 0 0 0 0 0 0 0 0 0 0 0 0 0 0 0 0 0 0 0 
0 0 0 0 24 25 19 18 0 0 0 0 23 19 15 29 15 22 20 12 13 30 11 18 20 11 20 18 30 11 11 13 22 19 20 18 0 0 0 0 
0 0 0 0 30 20 15 24 13 29 23 30 21 30 26 22 22 30 26 14 18 11 23 29 0 0 0 0 0 0 0 0 0 0 0 0 0 0 0 0 
0 0 0 0 0 0 0 0 24 16 19 26 0 0 0 0 0 0 0 0 22 12 10 23 0 0 0 0 0 0 0 0 10 17 13 30 0 0 0 0 
0 0 0 0 0 0 0 0 0 0 0 0 0 0 0 0 0 0 0 0 0 0 0 0 0 0 0 0 0 0 0 0 0 0 0 0 15 25 29 13 
27 21 23 21 0 0 0 0 0 0 0 0 0 0 0 0 0 0 0 0 0 0 0 0 0 0 0 0 0 0 0 0 0 0 0 0 0 0 0 0 
0 0 0 0 12 29 22 12 0 0 0 0 13 20 23 29 12 29 19 23 30 21 14 12 10 19 14 26 26 30 25 14 24 14 19 11 0 0 0 0 
0 0 0 0 16 17 23 23 24 27 30 25 20 15 24 13 16 26 24 30 0 0 0 0 19 19 29 30 15 10 15 28 25 16 19 18 0 0 0 0 
0 0 0 0 0 0 0 0 17 25 20 11 0 0 0 0 0 0 0 0 0 0 0 0 0 0 0 0 0 0 0 0 24 11 22 30 0 0 0 0 
0 0 0 0 0 0 0 0 0 0 0 0 0 0 0 0 0 0 0 0 0 0 0 0 0 0 0 0 0 0 0 0 0 0 0 0 21 28 10 21 
23 22 11 26 0 0 0 0 0 0 0 0 0 0 0 0 0 0 0 0 0 0 0 0 0 0 0 0 0 0 0 0 0 0 0 0 0 0 0 0 
0 0 0 0 28 10 19 21 26 18 12 15 24 22 22 23 11 11 29 27 13 15 21 12 30 17 12 20 17 23 11 11 10 16 11 30 0 0 0 0 
0 0 0 0 0 0 0 0 0 0 0 0 13 10 11 29 0 0 0 0 0 0 0 0 16 18 30 14 23 12 10 10 25 21 24 18 0 0 0 0 
0 0 0 0 23 30 17 26 0 0 0 0 29 27 18 22 0 0 0 0 25 26 11 25 10 23 30 13 13 25 25 14 13 30 15 11 0 0 0 0 
0 0 0 0 0 0 0 0 0 0 0 0 0 0 0 0 0 0 0 0 0 0 0 0 0 0 0 0 0 0 0 0 0 0 0 0 30 13 24 30 
13 17 29 24 0 0 0 0 0 0 0 0 0 0 0 0 0 0 0 0 0 0 0 0 0 0 0 0 0 0 0 0 0 0 0 0 0 0 0 0 
0 0 0 0 27 29 21 19 0 0 0 0 0 0 0 0 28 15 30 27 15 18 21 30 0 0 0 0 13 23 23 24 0 0 0 0 0 0 0 0 
0 0 0 0 20 29 29 12 0 0 0 0 0 0 0 0 21 30 20 23 0 0 0 0 0 0 0 0 0 0 0 0 0 0 0 0 0 0 0 0 
0 0 0 0 0 0 0 0 25 30 29 20 0 0 0 0 25 27 16 12 0 0 0 0 17 13 23 11 23 14 22 20 28 13 26 26 0 0 0 0 
0 0 0 0 0 0 0 0 0 0 0 0 0 0 0 0 0 0 0 0 0 0 0 0 0 0 0 0 0 0 0 0 0 0 0 0 23 14 12 26 
30 28 14 19 0 0 0 0 0 0 0 0 0 0 0 0 0 0 0 0 0 0 0 0 0 0 0 0 0 0 0 0 0 0 0 0 0 0 0 0 
0 0 0 0 0 0 0 0 25 14 24 22 0 0 0 0 0 0 0 0 0 0 0 0 0 0 0 0 0 0 0 0 0 0 0 0 0 0 0 0 
0 0 0 0 0 0 0 0 0 0 0 0 0 0 0 0 24 29 13 11 0 0 0 0 0 0 0 0 24 19 23 15 0 0 0 0 0 0 0 0 
0 0 0 0 21 25 18 18 16 15 24 17 27 30 15 29 21 18 24 10 24 30 21 10 0 0 0 0 0 0 0 0 0 0 0 0 0 0 0 0 
0 0 0 0 0 0 0 0 0 0 0 0 0 0 0 0 0 0 0 0 0 0 0 0 0 0 0 0 0 0 0 0 0 0 0 0 12 15 21 13 
28 16 11 11 0 0 0 0 0 0 0 0 0 0 0 0 0 0 0 0 0 0 0 0 0 0 0 0 0 0 0 0 0 0 0 0 0 0 0 0 
0 0 0 0 0 0 0 0 26 23 18 23 14 26 28 12 0 0 0 0 0 0 0 0 14 27 21 12 0 0 0 0 0 0 0 0 0 0 0 0 
0 0 0 0 18 21 14 30 0 0 0 0 0 0 0 0 19 30 13 14 23 25 21 26 17 10 26 11 20 27 25 18 12 21 19 15 0 0 0 0 
0 0 0 0 0 0 0 0 18 19 25 20 22 17 10 27 14 16 17 28 21 18 12 30 11 19 22 12 13 21 10 20 26 29 29 15 0 0 0 0 
0 0 0 0 0 0 0 0 0 0 0 0 0 0 0 0 0 0 0 0 0 0 0 0 0 0 0 0 0 0 0 0 0 0 0 0 27 29 17 27 
30 18 14 19 0 0 0 0 0 0 0 0 0 0 0 0 0 0 0 0 0 0 0 0 0 0 0 0 0 0 0 0 0 0 0 0 0 0 0 0 
0 0 0 0 0 0 0 0 29 20 13 21 19 30 23 21 0 0 0 0 10 16 15 20 0 0 0 0 0 0 0 0 0 0 0 0 0 0 0 0 
0 0 0 0 24 30 17 17 0 0 0 0 10 22 14 16 0 0 0 0 28 22 25 12 0 0 0 0 0 0 0 0 0 0 0 0 0 0 0 0 
0 0 0 0 21 28 24 15 21 23 27 14 14 23 12 25 14 19 16 20 21 17 12 25 25 14 28 10 20 30 28 23 25 12 13 25 0 0 0 0 
0 0 0 0 0 0 0 0 0 0 0 0 0 0 0 0 0 0 0 0 0 0 0 0 0 0 0 0 0 0 0 0 0 0 0 0 24 19 20 11 
12 24 24 18 0 0 0 0 0 0 0 0 0 0 0 0 0 0 0 0 0 0 0 0 0 0 0 0 0 0 0 0 0 0 0 0 0 0 0 0 
0 0 0 0 0 0 0 0 10 28 16 22 29 17 16 21 19 11 10 15 10 28 13 20 0 0 0 0 11 23 15 12 11 11 16 24 0 0 0 0 
0 0 0 0 0 0 0 0 18 13 23 19 20 29 14 23 24 27 30 25 26 30 24 27 0 0 0 0 0 0 0 0 13 24 19 13 0 0 0 0 
0 0 0 0 0 0 0 0 0 0 0 0 0 0 0 0 14 22 21 27 0 0 0 0 0 0 0 0 0 0 0 0 0 0 0 0 0 0 0 0 
0 0 0 0 0 0 0 0 0 0 0 0 0 0 0 0 0 0 0 0 0 0 0 0 0 0 0 0 0 0 0 0 0 0 0 0 13 14 10 24 
24 18 24 17 0 0 0 0 0 0 0 0 0 0 0 0 0 0 0 0 0 0 0 0 0 0 0 0 0 0 0 0 0 0 0 0 0 0 0 0 
0 0 0 0 23 14 26 23 26 24 25 21 11 30 10 27 25 11 28 14 20 21 25 16 0 0 0 0 0 0 0 0 26 18 14 14 0 0 0 0 
0 0 0 0 0 0 0 0 30 28 12 20 0 0 0 0 0 0 0 0 15 11 26 17 0 0 0 0 23 15 12 19 0 0 0 0 0 0 0 0 
0 0 0 0 0 0 0 0 27 12 13 11 0 0 0 0 0 0 0 0 0 0 0 0 0 0 0 0 0 0 0 0 0 0 0 0 0 0 0 0 
0 0 0 0 0 0 0 0 0 0 0 0 0 0 0 0 0 0 0 0 0 0 0 0 0 0 0 0 0 0 0 0 0 0 0 0 24 29 27 28 
17 11 20 22 0 0 0 0 0 0 0 0 0 0 0 0 0 0 0 0 0 0 0 0 0 0 0 0 0 0 0 0 0 0 0 0 0 0 0 0 
0 0 0 0 18 15 13 23 0 0 0 0 0 0 0 0 25 10 27 13 0 0 0 0 0 0 0 0 16 10 11 12 0 0 0 0 0 0 0 0 
0 0 0 0 22 30 25 24 28 20 14 19 30 27 18 16 26 28 29 26 23 22 12 18 19 28 11 27 17 25 27 30 11 28 25 13 0 0 0 0 
0 0 0 0 26 19 13 19 13 18 11 27 0 0 0 0 14 16 15 22 15 19 20 13 11 11 13 17 0 0 0 0 0 0 0 0 0 0 0 0 
0 0 0 0 0 0 0 0 0 0 0 0 0 0 0 0 0 0 0 0 0 0 0 0 0 0 0 0 0 0 0 0 0 0 0 0 23 19 26 23 
10 17 15 14 0 0 0 0 0 0 0 0 0 0 0 0 0 0 0 0 0 0 0 0 0 0 0 0 0 0 0 0 0 0 0 0 0 0 0 0 
0 0 0 0 28 22 19 11 21 29 14 13 29 29 12 24 21 29 20 21 18 18 13 17 25 26 16 28 23 22 10 28 24 26 21 30 0 0 0 0 
0 0 0 0 0 0 0 0 0 0 0 0 0 0 0 0 23 21 11 21 0 0 0 0 27 13 28 19 0 0 0 0 14 17 16 16 0 0 0 0 
0 0 0 0 28 26 16 25 28 30 24 26 18 14 15 20 13 21 26 29 18 23 23 19 14 26 10 18 27 30 30 24 25 14 17 11 0 0 0 0 
0 0 0 0 0 0 0 0 0 0 0 0 0 0 0 0 0 0 0 0 0 0 0 0 0 0 0 0 0 0 0 0 0 0 0 0 30 21 22 30 
30 23 17 18 0 0 0 0 0 0 0 0 0 0 0 0 0 0 0 0 0 0 0 0 0 0 0 0 0 0 0 0 0 0 0 0 0 0 0 0 
0 0 0 0 28 19 22 21 0 0 0 0 0 0 0 0 17 17 21 21 29 19 24 13 0 0 0 0 0 0 0 0 0 0 0 0 0 0 0 0 
0 0 0 0 0 0 0 0 0 0 0 0 0 0 0 0 0 0 0 0 0 0 0 0 10 23 20 11 0 0 0 0 0 0 0 0 0 0 0 0 
0 0 0 0 12 29 26 21 25 17 27 20 22 19 28 22 22 23 19 17 30 16 19 25 12 28 30 21 12 14 28 12 0 0 0 0 0 0 0 0 
0 0 0 0 0 0 0 0 0 0 0 0 0 0 0 0 0 0 0 0 0 0 0 0 0 0 0 0 0 0 0 0 0 0 0 0 19 12 15 11 
16 17 14 21 0 0 0 0 0 0 0 0 0 0 0 0 0 0 0 0 0 0 0 0 0 0 0 0 0 0 0 0 0 0 0 0 0 0 0 0 
0 0 0 0 23 19 27 18 22 19 28 23 23 17 10 24 30 27 21 25 0 0 0 0 27 10 28 12 23 17 10 28 16 22 14 11 0 0 0 0 
0 0 0 0 18 19 12 21 0 0 0 0 14 17 13 28 12 27 16 10 20 13 27 23 30 13 30 17 13 14 12 16 28 23 18 12 0 0 0 0 
0 0 0 0 0 0 0 0 0 0 0 0 19 10 12 12 0 0 0 0 0 0 0 0 0 0 0 0 0 0 0 0 22 27 30 22 0 0 0 0 
0 0 0 0 0 0 0 0 0 0 0 0 0 0 0 0 0 0 0 0 0 0 0 0 0 0 0 0 0 0 0 0 0 0 0 0 11 13 11 25 
14 12 25 18 0 0 0 0 0 0 0 0 0 0 0 0 0 0 0 0 0 0 0 0 0 0 0 0 0 0 0 0 0 0 0 0 0 0 0 0 
0 0 0 0 0 0 0 0 12 23 25 24 0 0 0 0 0 0 0 0 20 22 13 10 0 0 0 0 13 15 18 26 23 24 26 13 0 0 0 0 
0 0 0 0 30 16 14 23 27 26 24 21 10 11 14 22 12 12 24 27 0 0 0 0 23 15 20 16 19 19 24 26 23 24 26 15 0 0 0 0 
0 0 0 0 0 0 0 0 0 0 0 0 0 0 0 0 0 0 0 0 0 0 0 0 26 20 20 10 11 10 16 27 26 22 27 25 0 0 0 0 
0 0 0 0 0 0 0 0 0 0 0 0 0 0 0 0 0 0 0 0 0 0 0 0 0 0 0 0 0 0 0 0 0 0 0 0 19 28 19 19 
17 30 26 24 0 0 0 0 0 0 0 0 0 0 0 0 0 0 0 0 0 0 0 0 0 0 0 0 0 0 0 0 0 0 0 0 0 0 0 0 
0 0 0 0 22 13 20 20 0 0 0 0 20 25 22 17 0 0 0 0 10 21 22 22 27 15 15 23 0 0 0 0 23 13 10 14 0 0 0 0 
0 0 0 0 24 25 16 13 0 0 0 0 10 28 19 13 22 28 28 14 0 0 0 0 19 22 23 10 12 28 19 11 24 14 29 20 0 0 0 0 
0 0 0 0 0 0 0 0 0 0 0 0 0 0 0 0 0 0 0 0 10 20 19 24 0 0 0 0 0 0 0 0 11 23 30 13 0 0 0 0 
0 0 0 0 0 0 0 0 0 0 0 0 0 0 0 0 0 0 0 0 0 0 0 0 0 0 0 0 0 0 0 0 0 0 0 0 10 28 24 30 
19 30 27 14 0 0 0 0 0 0 0 0 0 0 0 0 0 0 0 0 0 0 0 0 0 0 0 0 0 0 0 0 0 0 0 0 0 0 0 0 
0 0 0 0 0 0 0 0 28 26 17 26 16 12 18 23 19 17 17 16 18 11 13 27 14 16 15 27 15 20 13 16 0 0 0 0 0 0 0 0 
0 0 0 0 0 0 0 0 0 0 0 0 21 18 29 27 0 0 0 0 0 0 0 0 0 0 0 0 0 0 0 0 0 0 0 0 0 0 0 0 
0 0 0 0 28 21 16 12 12 30 19 22 22 13 25 22 0 0 0 0 0 0 0 0 25 30 23 13 25 15 27 13 29 29 10 24 0 0 0 0 
0 0 0 0 0 0 0 0 0 0 0 0 0 0 0 0 0 0 0 0 0 0 0 0 0 0 0 0 0 0 0 0 0 0 0 0 30 22 25 17 
23 19 12 26 0 0 0 0 0 0 0 0 0 0 0 0 0 0 0 0 0 0 0 0 0 0 0 0 0 0 0 0 0 0 0 0 0 0 0 0 
0 0 0 0 18 11 26 16 14 17 18 21 11 26 16 13 10 25 16 17 30 28 30 10 15 18 14 24 24 10 30 13 16 23 23 13 0 0 0 0 
0 0 0 0 21 22 21 14 11 24 27 11 16 12 27 26 27 10 24 24 14 23 13 25 0 0 0 0 0 0 0 0 0 0 0 0 0 0 0 0 
0 0 0 0 16 17 10 10 13 18 25 29 30 19 11 10 10 21 16 20 0 0 0 0 14 25 11 17 0 0 0 0 27 22 30 10 0 0 0 0 
0 0 0 0 0 0 0 0 0 0 0 0 0 0 0 0 0 0 0 0 0 0 0 0 0 0 0 0 0 0 0 0 0 0 0 0 21 14 24 19 
30 29 17 11 0 0 0 0 0 0 0 0 0 0 0 0 0 0 0 0 0 0 0 0 0 0 0 0 0 0 0 0 0 0 0 0 0 0 0 0 
0 0 0 0 23 21 22 17 28 14 11 26 0 0 0 0 15 19 19 21 24 13 15 22 14 27 25 21 19 13 27 17 19 28 12 23 0 0 0 0 
0 0 0 0 30 25 12 26 0 0 0 0 16 12 11 13 12 24 24 19 15 13 24 14 20 26 14 29 27 17 30 14 21 20 19 11 0 0 0 0 
0 0 0 0 27 28 18 23 10 17 12 14 12 17 18 30 0 0 0 0 17 19 15 20 28 30 23 28 16 23 25 13 25 25 24 13 0 0 0 0 
0 0 0 0 0 0 0 0 0 0 0 0 0 0 0 0 0 0 0 0 0 0 0 0 0 0 0 0 0 0 0 0 0 0 0 0 15 22 25 27 
11 17 13 11 0 0 0 0 0 0 0 0 0 0 0 0 0 0 0 0 0 0 0 0 0 0 0 0 0 0 0 0 0 0 0 0 0 0 0 0 
0 0 0 0 0 0 0 0 22 22 23 27 0 0 0 0 22 29 29 18 20 26 25 27 0 0 0 0 25 15 12 23 0 0 0 0 0 0 0 0 
0 0 0 0 0 0 0 0 10 30 26 10 28 15 24 19 23 15 25 12 0 0 0 0 14 20 26 14 0 0 0 0 0 0 0 0 0 0 0 0 
0 0 0 0 0 0 0 0 0 0 0 0 0 0 0 0 27 29 17 25 0 0 0 0 0 0 0 0 0 0 0 0 17 12 21 24 0 0 0 0 
0 0 0 0 0 0 0 0 0 0 0 0 0 0 0 0 0 0 0 0 0 0 0 0 0 0 0 0 0 0 0 0 0 0 0 0 21 22 19 24 
22 17 30 19 0 0 0 0 0 0 0 0 0 0 0 0 0 0 0 0 0 0 0 0 0 0 0 0 0 0 0 0 0 0 0 0 0 0 0 0 
0 0 0 0 12 25 19 12 23 19 28 28 20 19 25 17 0 0 0 0 28 29 12 10 12 12 23 10 0 0 0 0 0 0 0 0 0 0 0 0 
0 0 0 0 0 0 0 0 0 0 0 0 16 13 25 30 0 0 0 0 0 0 0 0 0 0 0 0 0 0 0 0 14 27 20 15 0 0 0 0 
0 0 0 0 21 10 28 18 0 0 0 0 0 0 0 0 0 0 0 0 0 0 0 0 0 0 0 0 0 0 0 0 10 17 26 18 0 0 0 0 
0 0 0 0 0 0 0 0 0 0 0 0 0 0 0 0 0 0 0 0 0 0 0 0 0 0 0 0 0 0 0 0 0 0 0 0 12 28 26 27 
28 23 27 12 0 0 0 0 0 0 0 0 0 0 0 0 0 0 0 0 0 0 0 0 0 0 0 0 0 0 0 0 0 0 0 0 0 0 0 0 
0 0 0 0 0 0 0 0 28 14 16 30 0 0 0 0 0 0 0 0 0 0 0 0 18 24 15 21 0 0 0 0 21 11 22 26 0 0 0 0 
0 0 0 0 26 29 17 29 0 0 0 0 0 0 0 0 0 0 0 0 0 0 0 0 0 0 0 0 0 0 0 0 0 0 0 0 0 0 0 0 
0 0 0 0 13 20 20 10 0 0 0 0 0 0 0 0 26 17 19 17 16 25 27 14 23 21 26 30 13 20 21 28 10 29 22 12 0 0 0 0 
0 0 0 0 0 0 0 0 0 0 0 0 0 0 0 0 0 0 0 0 0 0 0 0 0 0 0 0 0 0 0 0 0 0 0 0 11 19 23 16 
27 22 28 11 0 0 0 0 0 0 0 0 0 0 0 0 0 0 0 0 0 0 0 0 0 0 0 0 0 0 0 0 0 0 0 0 0 0 0 0 
0 0 0 0 0 0 0 0 17 26 19 13 16 17 23 11 25 22 15 14 15 17 19 18 0 0 0 0 11 12 22 24 28 14 13 29 0 0 0 0 
0 0 0 0 0 0 0 0 0 0 0 0 0 0 0 0 25 26 25 18 28 26 11 24 0 0 0 0 20 21 18 18 28 11 18 17 0 0 0 0 
0 0 0 0 0 0 0 0 0 0 0 0 22 22 23 12 19 25 23 20 24 24 22 30 17 28 23 20 0 0 0 0 0 0 0 0 0 0 0 0 
0 0 0 0 0 0 0 0 0 0 0 0 0 0 0 0 0 0 0 0 0 0 0 0 0 0 0 0 0 0 0 0 0 0 0 0 25 28 25 23 
11 30 24 12 0 0 0 0 0 0 0 0 0 0 0 0 0 0 0 0 0 0 0 0 0 0 0 0 0 0 0 0 0 0 0 0 0 0 0 0 
0 0 0 0 0 0 0 0 0 0 0 0 0 0 0 0 0 0 0 0 0 0 0 0 10 25 18 17 0 0 0 0 0 0 0 0 0 0 0 0 
0 0 0 0 30 28 29 27 0 0 0 0 11 26 20 14 0 0 0 0 0 0 0 0 0 0 0 0 30 18 10 10 0 0 0 0 0 0 0 0 
0 0 0 0 19 10 23 15 0 0 0 0 21 17 28 14 16 11 13 19 29 21 10 13 22 21 20 28 27 16 19 25 29 30 17 19 0 0 0 0 
0 0 0 0 0 0 0 0 0 0 0 0 0 0 0 0 0 0 0 0 0 0 0 0 0 0 0 0 0 0 0 0 0 0 0 0 27 23 11 14 
27 12 21 14 0 0 0 0 0 0 0 0 0 0 0 0 0 0 0 0 0 0 0 0 0 0 0 0 0 0 0 0 0 0 0 0 0 0 0 0 
0 0 0 0 23 27 19 14 0 0 0 0 0 0 0 0 20 23 19 24 0 0 0 0 0 0 0 0 0 0 0 0 0 0 0 0 0 0 0 0 
0 0 0 0 21 17 18 29 11 28 29 27 28 18 24 24 11 19 30 30 28 29 10 19 21 13 13 13 0 0 0 0 23 20 27 24 0 0 0 0 
0 0 0 0 0 0 0 0 0 0 0 0 12 16 11 18 0 0 0 0 0 0 0 0 0 0 0 0 0 0 0 0 0 0 0 0 0 0 0 0 
0 0 0 0 0 0 0 0 0 0 0 0 0 0 0 0 0 0 0 0 0 0 0 0 0 0 0 0 0 0 0 0 0 0 0 0 18 14 15 23 
18 10 15 20 0 0 0 0 0 0 0 0 0 0 0 0 0 0 0 0 0 0 0 0 0 0 0 0 0 0 0 0 0 0 0 0 0 0 0 0 
0 0 0 0 15 25 15 15 28 30 13 21 23 22 25 23 16 11 17 15 21 18 17 17 19 29 17 30 23 22 28 30 10 23 13 27 0 0 0 0 
0 0 0 0 0 0 0 0 0 0 0 0 0 0 0 0 0 0 0 0 25 18 17 27 0 0 0 0 0 0 0 0 28 29 13 21 0 0 0 0 
0 0 0 0 0 0 0 0 12 23 12 19 18 28 13 15 0 0 0 0 0 0 0 0 0 0 0 0 16 11 27 14 24 12 25 29 0 0 0 0 
0 0 0 0 0 0 0 0 0 0 0 0 0 0 0 0 0 0 0 0 0 0 0 0 0 0 0 0 0 0 0 0 0 0 0 0 16 11 21 28 
16 21 20 20 0 0 0 0 0 0 0 0 0 0 0 0 0 0 0 0 0 0 0 0 0 0 0 0 0 0 0 0 0 0 0 0 0 0 0 0 
0 0 0 0 0 0 0 0 28 18 25 30 0 0 0 0 13 26 15 28 0 0 0 0 14 17 21 14 0 0 0 0 30 25 15 20 0 0 0 0 
0 0 0 0 0 0 0 0 0 0 0 0 0 0 0 0 0 0 0 0 25 20 26 26 0 0 0 0 0 0 0 0 0 0 0 0 0 0 0 0 
0 0 0 0 18 21 25 22 19 26 28 19 30 26 24 13 20 26 12 21 0 0 0 0 24 24 17 21 21 14 26 24 26 25 10 25 0 0 0 0 
0 0 0 0 0 0 0 0 0 0 0 0 0 0 0 0 0 0 0 0 0 0 0 0 0 0 0 0 0 0 0 0 0 0 0 0 10 17 19 13 
21 28 12 17 0 0 0 0 0 0 0 0 0 0 0 0 0 0 0 0 0 0 0 0 0 0 0 0 0 0 0 0 0 0 0 0 0 0 0 0 
0 0 0 0 24 17 22 29 18 28 19 22 23 20 21 25 21 27 20 25 30 19 27 10 18 14 28 18 25 17 12 26 0 0 0 0 0 0 0 0 
0 0 0 0 30 11 10 19 0 0 0 0 0 0 0 0 24 29 11 13 0 0 0 0 0 0 0 0 20 28 10 28 0 0 0 0 0 0 0 0 
0 0 0 0 18 11 24 26 17 17 24 17 15 19 25 11 25 13 18 29 10 28 21 18 18 19 17 13 22 17 13 14 0 0 0 0 0 0 0 0 
0 0 0 0 0 0 0 0 0 0 0 0 0 0 0 0 0 0 0 0 0 0 0 0 0 0 0 0 0 0 0 0 0 0 0 0 13 24 13 13 
10 11 15 14 0 0 0 0 0 0 0 0 0 0 0 0 0 0 0 0 0 0 0 0 0 0 0 0 0 0 0 0 0 0 0 0 0 0 0 0 
0 0 0 0 0 0 0 0 30 12 12 19 0 0 0 0 24 29 12 28 0 0 0 0 0 0 0 0 29 28 18 26 24 18 16 17 0 0 0 0 
0 0 0 0 28 20 30 22 19 13 29 11 24 26 17 12 30 18 21 28 10 15 22 15 23 20 16 22 14 15 18 11 21 13 20 29 0 0 0 0 
0 0 0 0 20 27 30 27 0 0 0 0 19 23 19 14 0 0 0 0 18 24 27 30 22 28 11 10 18 22 26 20 27 15 24 24 0 0 0 0 
0 0 0 0 0 0 0 0 0 0 0 0 0 0 0 0 0 0 0 0 0 0 0 0 0 0 0 0 0 0 0 0 0 0 0 0 11 11 21 17 
12 15 15 21 0 0 0 0 0 0 0 0 0 0 0 0 0 0 0 0 0 0 0 0 0 0 0 0 0 0 0 0 0 0 0 0 0 0 0 0 
0 0 0 0 28 11 14 13 0 0 0 0 0 0 0 0 27 17 27 30 22 30 22 14 30 28 29 12 11 20 17 29 21 19 24 30 0 0 0 0 
0 0 0 0 17 24 23 27 12 18 10 19 25 24 12 25 24 13 20 11 0 0 0 0 16 17 17 25 0 0 0 0 29 25 16 25 0 0 0 0 
0 0 0 0 22 30 23 10 29 11 23 14 23 10 29 12 29 28 18 21 22 10 12 19 10 15 19 29 16 26 25 19 0 0 0 0 0 0 0 0 
0 0 0 0 0 0 0 0 0 0 0 0 0 0 0 0 0 0 0 0 0 0 0 0 0 0 0 0 0 0 0 0 0 0 0 0 20 29 15 22 
27 25 22 16 0 0 0 0 0 0 0 0 0 0 0 0 0 0 0 0 0 0 0 0 0 0 0 0 0 0 0 0 0 0 0 0 0 0 0 0 
0 0 0 0 26 23 29 22 14 13 26 16 17 11 24 21 30 28 14 11 0 0 0 0 23 23 16 16 0 0 0 0 11 29 24 14 0 0 0 0 
0 0 0 0 18 21 15 17 23 12 28 30 0 0 0 0 0 0 0 0 12 22 15 11 23 19 17 16 0 0 0 0 21 13 15 28 0 0 0 0 
0 0 0 0 30 10 14 13 27 27 28 13 24 10 25 10 30 29 16 13 0 0 0 0 23 11 15 11 22 27 12 28 22 20 13 20 0 0 0 0 
0 0 0 0 0 0 0 0 0 0 0 0 0 0 0 0 0 0 0 0 0 0 0 0 0 0 0 0 0 0 0 0 0 0 0 0 15 11 30 26 
24 11 15 19 0 0 0 0 0 0 0 0 0 0 0 0 0 0 0 0 0 0 0 0 0 0 0 0 0 0 0 0 0 0 0 0 0 0 0 0 
0 0 0 0 0 0 0 0 0 0 0 0 11 29 12 13 0 0 0 0 20 22 13 20 0 0 0 0 13 16 28 13 0 0 0 0 0 0 0 0 
0 0 0 0 0 0 0 0 0 0 0 0 0 0 0 0 12 30 29 27 0 0 0 0 0 0 0 0 0 0 0 0 20 11 30 24 0 0 0 0 
0 0 0 0 16 10 29 25 29 19 19 23 11 16 28 15 17 27 11 19 18 30 19 15 28 11 17 10 25 27 23 27 29 26 25 16 0 0 0 0 
0 0 0 0 0 0 0 0 0 0 0 0 0 0 0 0 0 0 0 0 0 0 0 0 0 0 0 0 0 0 0 0 0 0 0 0 24 30 11 11 
10 24 14 25 0 0 0 0 0 0 0 0 0 0 0 0 0 0 0 0 0 0 0 0 0 0 0 0 0 0 0 0 0 0 0 0 0 0 0 0 
0 0 0 0 0 0 0 0 23 11 10 18 0 0 0 0 11 29 11 19 16 13 12 28 20 15 11 25 10 28 15 17 0 0 0 0 0 0 0 0 
0 0 0 0 27 10 19 19 11 29 22 14 10 19 13 22 19 20 13 16 10 13 20 18 30 19 27 10 0 0 0 0 0 0 0 0 0 0 0 0 
0 0 0 0 30 21 19 22 14 21 12 12 15 29 24 25 27 22 21 19 20 21 20 24 18 27 21 10 18 14 14 15 24 21 25 16 0 0 0 0 
0 0 0 0 0 0 0 0 0 0 0 0 0 0 0 0 0 0 0 0 0 0 0 0 0 0 0 0 0 0 0 0 0 0 0 0 12 29 30 18 
17 12 19 23 0 0 0 0 0 0 0 0 0 0 0 0 0 0 0 0 0 0 0 0 0 0 0 0 0 0 0 0 0 0 0 0 0 0 0 0 
0 0 0 0 0 0 0 0 0 0 0 0 0 0 0 0 0 0 0 0 0 0 0 0 25 27 11 10 28 17 30 22 28 18 24 19 0 0 0 0 
0 0 0 0 0 0 0 0 0 0 0 0 18 27 14 13 0 0 0 0 0 0 0 0 0 0 0 0 0 0 0 0 25 11 16 29 0 0 0 0 
0 0 0 0 0 0 0 0 0 0 0 0 0 0 0 0 17 12 25 22 0 0 0 0 0 0 0 0 28 21 15 19 23 21 28 28 0 0 0 0 
0 0 0 0 0 0 0 0 0 0 0 0 0 0 0 0 0 0 0 0 0 0 0 0 0 0 0 0 0 0 0 0 0 0 0 0 25 16 27 11 
27 22 28 12 0 0 0 0 0 0 0 0 0 0 0 0 0 0 0 0 0 0 0 0 0 0 0 0 0 0 0 0 0 0 0 0 0 0 0 0 
0 0 0 0 24 27 12 15 0 0 0 0 18 25 30 22 0 0 0 0 13 27 12 21 17 25 28 22 0 0 0 0 10 16 12 18 0 0 0 0 
0 0 0 0 0 0 0 0 20 24 19 20 0 0 0 0 0 0 0 0 0 0 0 0 0 0 0 0 0 0 0 0 0 0 0 0 0 0 0 0 
0 0 0 0 20 21 11 13 10 22 20 19 13 28 10 14 18 30 27 30 19 23 30 29 20 16 15 18 17 10 20 28 0 0 0 0 0 0 0 0 
0 0 0 0 0 0 0 0 0 0 0 0 0 0 0 0 0 0 0 0 0 0 0 0 0 0 0 0 0 0 0 0 0 0 0 0 23 30 29 22
---------------------
 
Processing cost   (0 -- non-optional machine)
Rows: sequential for each operation of each part; Columns: correspond to machine number
10 12 10 16 0 0 0 0 0 0 0 0 0 0 0 0 0 0 0 0 0 0 0 0 0 0 0 0 0 0 0 0 0 0 0 0 0 0 0 0 
0 0 0 0 0 0 0 0 10 15 11 14 18 11 14 14 0 0 0 0 0 0 0 0 0 0 0 0 0 0 0 0 13 17 11 20 0 0 0 0 
0 0 0 0 19 15 11 12 11 10 20 13 12 17 16 16 10 11 15 16 12 16 13 18 19 20 18 10 13 12 19 19 14 16 16 10 0 0 0 0 
0 0 0 0 14 19 18 19 11 13 16 13 18 16 18 10 20 16 16 14 19 18 15 10 16 18 20 11 13 13 16 12 19 11 14 19 0 0 0 0 
0 0 0 0 0 0 0 0 0 0 0 0 0 0 0 0 0 0 0 0 0 0 0 0 0 0 0 0 0 0 0 0 0 0 0 0 14 17 12 19 
17 12 10 16 0 0 0 0 0 0 0 0 0 0 0 0 0 0 0 0 0 0 0 0 0 0 0 0 0 0 0 0 0 0 0 0 0 0 0 0 
0 0 0 0 15 17 17 19 0 0 0 0 0 0 0 0 0 0 0 0 11 12 20 15 0 0 0 0 20 18 12 16 0 0 0 0 0 0 0 0 
0 0 0 0 18 12 14 12 13 11 18 18 18 16 12 19 0 0 0 0 14 13 16 17 0 0 0 0 11 20 10 19 14 18 13 17 0 0 0 0 
0 0 0 0 0 0 0 0 0 0 0 0 0 0 0 0 0 0 0 0 0 0 0 0 12 13 11 17 0 0 0 0 14 20 19 20 0 0 0 0 
0 0 0 0 0 0 0 0 0 0 0 0 0 0 0 0 0 0 0 0 0 0 0 0 0 0 0 0 0 0 0 0 0 0 0 0 12 16 15 11 
11 11 20 19 0 0 0 0 0 0 0 0 0 0 0 0 0 0 0 0 0 0 0 0 0 0 0 0 0 0 0 0 0 0 0 0 0 0 0 0 
0 0 0 0 0 0 0 0 0 0 0 0 10 15 17 14 18 12 14 17 18 16 16 11 17 18 18 11 11 16 13 14 0 0 0 0 0 0 0 0 
0 0 0 0 16 18 16 15 20 20 18 19 11 20 12 20 15 11 13 17 12 19 15 10 10 14 10 19 0 0 0 0 0 0 0 0 0 0 0 0 
0 0 0 0 16 19 14 14 20 19 10 13 13 12 16 13 15 19 17 10 0 0 0 0 16 15 11 12 17 10 12 12 17 18 16 12 0 0 0 0 
0 0 0 0 0 0 0 0 0 0 0 0 0 0 0 0 0 0 0 0 0 0 0 0 0 0 0 0 0 0 0 0 0 0 0 0 17 16 18 20 
18 12 10 11 0 0 0 0 0 0 0 0 0 0 0 0 0 0 0 0 0 0 0 0 0 0 0 0 0 0 0 0 0 0 0 0 0 0 0 0 
0 0 0 0 13 20 19 11 19 11 16 10 12 19 11 14 20 13 11 18 17 15 14 14 13 20 12 12 18 19 13 11 16 12 14 16 0 0 0 0 
0 0 0 0 0 0 0 0 20 10 10 10 0 0 0 0 0 0 0 0 13 12 16 14 18 19 13 11 20 19 17 18 19 11 18 19 0 0 0 0 
0 0 0 0 0 0 0 0 11 16 19 19 0 0 0 0 0 0 0 0 13 16 15 17 0 0 0 0 17 16 11 18 20 19 15 16 0 0 0 0 
0 0 0 0 0 0 0 0 0 0 0 0 0 0 0 0 0 0 0 0 0 0 0 0 0 0 0 0 0 0 0 0 0 0 0 0 19 10 14 17 
18 16 12 12 0 0 0 0 0 0 0 0 0 0 0 0 0 0 0 0 0 0 0 0 0 0 0 0 0 0 0 0 0 0 0 0 0 0 0 0 
0 0 0 0 0 0 0 0 13 13 10 19 14 18 12 10 12 13 17 12 0 0 0 0 18 18 15 16 15 17 16 14 0 0 0 0 0 0 0 0 
0 0 0 0 10 10 20 11 11 20 10 18 0 0 0 0 11 20 15 15 0 0 0 0 0 0 0 0 0 0 0 0 12 13 15 19 0 0 0 0 
0 0 0 0 14 12 13 16 16 10 18 16 14 18 15 16 17 12 15 10 13 19 20 12 10 12 10 18 0 0 0 0 11 10 15 16 0 0 0 0 
0 0 0 0 0 0 0 0 0 0 0 0 0 0 0 0 0 0 0 0 0 0 0 0 0 0 0 0 0 0 0 0 0 0 0 0 19 19 12 15 
10 15 13 20 0 0 0 0 0 0 0 0 0 0 0 0 0 0 0 0 0 0 0 0 0 0 0 0 0 0 0 0 0 0 0 0 0 0 0 0 
0 0 0 0 0 0 0 0 0 0 0 0 0 0 0 0 0 0 0 0 0 0 0 0 0 0 0 0 0 0 0 0 18 17 17 18 0 0 0 0 
0 0 0 0 0 0 0 0 0 0 0 0 0 0 0 0 0 0 0 0 0 0 0 0 17 18 10 17 0 0 0 0 0 0 0 0 0 0 0 0 
0 0 0 0 20 15 19 18 15 17 13 13 15 10 20 20 13 19 10 15 12 19 16 19 19 14 14 19 18 18 16 16 11 17 12 20 0 0 0 0 
0 0 0 0 0 0 0 0 0 0 0 0 0 0 0 0 0 0 0 0 0 0 0 0 0 0 0 0 0 0 0 0 0 0 0 0 20 16 14 12 
15 13 14 13 0 0 0 0 0 0 0 0 0 0 0 0 0 0 0 0 0 0 0 0 0 0 0 0 0 0 0 0 0 0 0 0 0 0 0 0 
0 0 0 0 13 16 14 14 10 20 19 16 11 12 16 14 16 16 18 14 14 17 12 15 12 12 15 19 11 20 13 13 18 10 17 14 0 0 0 0 
0 0 0 0 0 0 0 0 0 0 0 0 0 0 0 0 0 0 0 0 0 0 0 0 15 11 17 17 0 0 0 0 0 0 0 0 0 0 0 0 
0 0 0 0 0 0 0 0 0 0 0 0 0 0 0 0 0 0 0 0 15 12 13 16 18 10 19 17 0 0 0 0 20 14 19 16 0 0 0 0 
0 0 0 0 0 0 0 0 0 0 0 0 0 0 0 0 0 0 0 0 0 0 0 0 0 0 0 0 0 0 0 0 0 0 0 0 15 10 19 11 
13 12 14 11 0 0 0 0 0 0 0 0 0 0 0 0 0 0 0 0 0 0 0 0 0 0 0 0 0 0 0 0 0 0 0 0 0 0 0 0 
0 0 0 0 12 10 19 12 14 15 11 19 20 20 20 13 16 13 18 14 17 15 18 16 0 0 0 0 11 10 18 20 19 19 15 12 0 0 0 0 
0 0 0 0 16 16 12 11 17 20 12 10 20 15 19 13 13 20 17 20 12 12 17 13 15 17 13 20 16 19 16 14 0 0 0 0 0 0 0 0 
0 0 0 0 13 14 10 11 10 19 16 15 18 15 10 10 0 0 0 0 0 0 0 0 0 0 0 0 0 0 0 0 13 11 13 13 0 0 0 0 
0 0 0 0 0 0 0 0 0 0 0 0 0 0 0 0 0 0 0 0 0 0 0 0 0 0 0 0 0 0 0 0 0 0 0 0 11 13 10 12 
17 18 20 11 0 0 0 0 0 0 0 0 0 0 0 0 0 0 0 0 0 0 0 0 0 0 0 0 0 0 0 0 0 0 0 0 0 0 0 0 
0 0 0 0 16 19 13 11 0 0 0 0 0 0 0 0 0 0 0 0 0 0 0 0 0 0 0 0 0 0 0 0 12 19 19 19 0 0 0 0 
0 0 0 0 0 0 0 0 16 13 14 17 13 18 13 17 15 13 19 13 0 0 0 0 0 0 0 0 18 14 13 18 0 0 0 0 0 0 0 0 
0 0 0 0 0 0 0 0 0 0 0 0 15 14 14 15 0 0 0 0 0 0 0 0 0 0 0 0 0 0 0 0 0 0 0 0 0 0 0 0 
0 0 0 0 0 0 0 0 0 0 0 0 0 0 0 0 0 0 0 0 0 0 0 0 0 0 0 0 0 0 0 0 0 0 0 0 11 16 12 18 
11 20 13 18 0 0 0 0 0 0 0 0 0 0 0 0 0 0 0 0 0 0 0 0 0 0 0 0 0 0 0 0 0 0 0 0 0 0 0 0 
0 0 0 0 19 10 19 18 20 19 17 19 16 14 13 18 17 18 14 20 19 12 17 18 17 10 12 15 11 18 11 10 15 16 20 14 0 0 0 0 
0 0 0 0 11 15 10 20 13 11 13 20 12 10 12 11 18 15 14 12 0 0 0 0 19 12 17 13 16 19 19 10 0 0 0 0 0 0 0 0 
0 0 0 0 0 0 0 0 0 0 0 0 0 0 0 0 16 20 10 19 20 20 17 16 20 13 19 14 15 18 14 14 0 0 0 0 0 0 0 0 
0 0 0 0 0 0 0 0 0 0 0 0 0 0 0 0 0 0 0 0 0 0 0 0 0 0 0 0 0 0 0 0 0 0 0 0 10 19 19 13 
10 13 12 12 0 0 0 0 0 0 0 0 0 0 0 0 0 0 0 0 0 0 0 0 0 0 0 0 0 0 0 0 0 0 0 0 0 0 0 0 
0 0 0 0 20 17 15 12 14 15 12 20 19 14 11 15 0 0 0 0 13 13 13 13 20 13 13 11 0 0 0 0 11 20 15 11 0 0 0 0 
0 0 0 0 0 0 0 0 0 0 0 0 0 0 0 0 0 0 0 0 0 0 0 0 0 0 0 0 11 17 11 12 0 0 0 0 0 0 0 0 
0 0 0 0 0 0 0 0 0 0 0 0 0 0 0 0 0 0 0 0 0 0 0 0 0 0 0 0 0 0 0 0 16 18 20 19 0 0 0 0 
0 0 0 0 0 0 0 0 0 0 0 0 0 0 0 0 0 0 0 0 0 0 0 0 0 0 0 0 0 0 0 0 0 0 0 0 16 18 19 18 
10 18 15 19 0 0 0 0 0 0 0 0 0 0 0 0 0 0 0 0 0 0 0 0 0 0 0 0 0 0 0 0 0 0 0 0 0 0 0 0 
0 0 0 0 17 14 14 19 14 17 13 17 10 20 12 15 10 17 12 12 19 16 19 16 16 13 15 19 16 19 19 12 12 13 13 18 0 0 0 0 
0 0 0 0 18 19 17 15 0 0 0 0 0 0 0 0 0 0 0 0 0 0 0 0 0 0 0 0 0 0 0 0 0 0 0 0 0 0 0 0 
0 0 0 0 19 20 19 20 15 10 10 12 0 0 0 0 19 16 16 16 18 10 15 14 0 0 0 0 11 20 17 14 20 13 14 18 0 0 0 0 
0 0 0 0 0 0 0 0 0 0 0 0 0 0 0 0 0 0 0 0 0 0 0 0 0 0 0 0 0 0 0 0 0 0 0 0 14 18 12 18 
17 13 12 15 0 0 0 0 0 0 0 0 0 0 0 0 0 0 0 0 0 0 0 0 0 0 0 0 0 0 0 0 0 0 0 0 0 0 0 0 
0 0 0 0 0 0 0 0 10 15 11 10 0 0 0 0 0 0 0 0 0 0 0 0 18 15 15 11 0 0 0 0 0 0 0 0 0 0 0 0 
0 0 0 0 20 10 15 19 0 0 0 0 10 16 16 11 15 11 16 12 16 11 16 17 16 15 19 18 11 11 11 15 16 17 13 19 0 0 0 0 
0 0 0 0 14 13 17 12 16 14 10 18 0 0 0 0 0 0 0 0 0 0 0 0 13 14 18 16 0 0 0 0 0 0 0 0 0 0 0 0 
0 0 0 0 0 0 0 0 0 0 0 0 0 0 0 0 0 0 0 0 0 0 0 0 0 0 0 0 0 0 0 0 0 0 0 0 15 14 15 19 
15 17 12 13 0 0 0 0 0 0 0 0 0 0 0 0 0 0 0 0 0 0 0 0 0 0 0 0 0 0 0 0 0 0 0 0 0 0 0 0 
0 0 0 0 0 0 0 0 0 0 0 0 0 0 0 0 17 20 20 17 0 0 0 0 0 0 0 0 0 0 0 0 0 0 0 0 0 0 0 0 
0 0 0 0 0 0 0 0 0 0 0 0 0 0 0 0 0 0 0 0 0 0 0 0 0 0 0 0 0 0 0 0 10 10 13 12 0 0 0 0 
0 0 0 0 0 0 0 0 10 17 11 19 0 0 0 0 14 16 11 12 14 17 17 20 0 0 0 0 0 0 0 0 0 0 0 0 0 0 0 0 
0 0 0 0 0 0 0 0 0 0 0 0 0 0 0 0 0 0 0 0 0 0 0 0 0 0 0 0 0 0 0 0 0 0 0 0 20 11 10 18 
16 15 10 10 0 0 0 0 0 0 0 0 0 0 0 0 0 0 0 0 0 0 0 0 0 0 0 0 0 0 0 0 0 0 0 0 0 0 0 0 
0 0 0 0 10 13 17 16 12 16 13 19 20 12 10 20 15 17 19 14 20 16 17 12 0 0 0 0 13 11 20 20 20 12 14 13 0 0 0 0 
0 0 0 0 0 0 0 0 19 11 20 11 15 16 16 20 12 20 14 13 0 0 0 0 19 20 16 19 14 11 13 10 17 19 18 15 0 0 0 0 
0 0 0 0 0 0 0 0 19 16 19 15 11 15 20 19 0 0 0 0 0 0 0 0 14 18 19 15 10 14 16 18 0 0 0 0 0 0 0 0 
0 0 0 0 0 0 0 0 0 0 0 0 0 0 0 0 0 0 0 0 0 0 0 0 0 0 0 0 0 0 0 0 0 0 0 0 17 17 16 14 
14 20 11 15 0 0 0 0 0 0 0 0 0 0 0 0 0 0 0 0 0 0 0 0 0 0 0 0 0 0 0 0 0 0 0 0 0 0 0 0 
0 0 0 0 12 13 20 15 0 0 0 0 12 14 18 12 13 14 19 16 0 0 0 0 0 0 0 0 0 0 0 0 0 0 0 0 0 0 0 0 
0 0 0 0 14 11 19 14 20 11 17 12 14 11 20 13 17 12 13 17 20 11 13 12 20 10 11 18 18 13 16 13 17 18 12 10 0 0 0 0 
0 0 0 0 18 19 16 14 18 17 10 15 10 16 20 15 16 17 13 16 0 0 0 0 15 15 17 15 12 14 10 16 19 11 10 20 0 0 0 0 
0 0 0 0 0 0 0 0 0 0 0 0 0 0 0 0 0 0 0 0 0 0 0 0 0 0 0 0 0 0 0 0 0 0 0 0 12 19 11 14 
12 10 14 15 0 0 0 0 0 0 0 0 0 0 0 0 0 0 0 0 0 0 0 0 0 0 0 0 0 0 0 0 0 0 0 0 0 0 0 0 
0 0 0 0 16 18 16 17 12 16 10 10 18 14 16 16 11 14 15 12 0 0 0 0 10 10 17 19 0 0 0 0 0 0 0 0 0 0 0 0 
0 0 0 0 10 15 18 15 12 20 18 10 0 0 0 0 0 0 0 0 11 10 10 15 0 0 0 0 0 0 0 0 0 0 0 0 0 0 0 0 
0 0 0 0 11 20 14 13 17 16 15 15 18 14 12 19 0 0 0 0 18 20 11 17 18 18 12 18 14 20 16 14 18 11 11 10 0 0 0 0 
0 0 0 0 0 0 0 0 0 0 0 0 0 0 0 0 0 0 0 0 0 0 0 0 0 0 0 0 0 0 0 0 0 0 0 0 16 14 20 10 
10 13 17 19 0 0 0 0 0 0 0 0 0 0 0 0 0 0 0 0 0 0 0 0 0 0 0 0 0 0 0 0 0 0 0 0 0 0 0 0 
0 0 0 0 0 0 0 0 0 0 0 0 10 16 13 12 0 0 0 0 16 14 15 15 0 0 0 0 0 0 0 0 15 17 17 12 0 0 0 0 
0 0 0 0 0 0 0 0 0 0 0 0 20 18 20 10 16 11 20 17 0 0 0 0 0 0 0 0 12 16 20 19 0 0 0 0 0 0 0 0 
0 0 0 0 14 18 17 18 0 0 0 0 0 0 0 0 0 0 0 0 0 0 0 0 0 0 0 0 20 12 14 12 0 0 0 0 0 0 0 0 
0 0 0 0 0 0 0 0 0 0 0 0 0 0 0 0 0 0 0 0 0 0 0 0 0 0 0 0 0 0 0 0 0 0 0 0 20 19 16 13 
18 20 13 16 0 0 0 0 0 0 0 0 0 0 0 0 0 0 0 0 0 0 0 0 0 0 0 0 0 0 0 0 0 0 0 0 0 0 0 0 
0 0 0 0 11 19 13 10 14 20 14 11 15 13 10 15 20 19 15 16 11 20 13 18 0 0 0 0 10 17 14 10 14 14 18 15 0 0 0 0 
0 0 0 0 17 11 15 18 12 19 13 17 18 17 17 13 0 0 0 0 17 15 17 18 10 17 10 12 14 18 13 18 0 0 0 0 0 0 0 0 
0 0 0 0 15 12 19 11 14 13 20 17 0 0 0 0 0 0 0 0 0 0 0 0 0 0 0 0 0 0 0 0 16 17 11 17 0 0 0 0 
0 0 0 0 0 0 0 0 0 0 0 0 0 0 0 0 0 0 0 0 0 0 0 0 0 0 0 0 0 0 0 0 0 0 0 0 20 20 19 15 
16 14 17 19 0 0 0 0 0 0 0 0 0 0 0 0 0 0 0 0 0 0 0 0 0 0 0 0 0 0 0 0 0 0 0 0 0 0 0 0 
0 0 0 0 18 17 12 14 0 0 0 0 0 0 0 0 13 15 20 14 12 16 17 14 20 11 17 16 0 0 0 0 10 19 14 19 0 0 0 0 
0 0 0 0 20 18 17 20 14 20 10 19 12 15 13 13 0 0 0 0 19 10 11 17 0 0 0 0 11 15 13 10 20 14 15 16 0 0 0 0 
0 0 0 0 14 17 13 15 11 17 14 11 13 19 17 15 13 19 19 11 18 15 17 14 0 0 0 0 11 13 14 17 15 10 18 11 0 0 0 0 
0 0 0 0 0 0 0 0 0 0 0 0 0 0 0 0 0 0 0 0 0 0 0 0 0 0 0 0 0 0 0 0 0 0 0 0 15 17 18 10 
18 12 19 17 0 0 0 0 0 0 0 0 0 0 0 0 0 0 0 0 0 0 0 0 0 0 0 0 0 0 0 0 0 0 0 0 0 0 0 0 
0 0 0 0 0 0 0 0 0 0 0 0 0 0 0 0 0 0 0 0 13 11 13 10 16 11 19 20 0 0 0 0 0 0 0 0 0 0 0 0 
0 0 0 0 19 19 18 16 17 12 15 13 16 10 16 13 17 19 19 12 0 0 0 0 0 0 0 0 18 15 19 13 17 16 16 17 0 0 0 0 
0 0 0 0 13 12 16 11 0 0 0 0 18 12 10 13 0 0 0 0 14 18 18 16 11 13 10 19 0 0 0 0 0 0 0 0 0 0 0 0 
0 0 0 0 0 0 0 0 0 0 0 0 0 0 0 0 0 0 0 0 0 0 0 0 0 0 0 0 0 0 0 0 0 0 0 0 10 10 14 14 
13 10 16 17 0 0 0 0 0 0 0 0 0 0 0 0 0 0 0 0 0 0 0 0 0 0 0 0 0 0 0 0 0 0 0 0 0 0 0 0 
0 0 0 0 0 0 0 0 0 0 0 0 0 0 0 0 12 14 20 12 0 0 0 0 0 0 0 0 0 0 0 0 0 0 0 0 0 0 0 0 
0 0 0 0 19 10 11 15 0 0 0 0 0 0 0 0 10 18 13 19 0 0 0 0 20 13 20 13 18 12 15 12 0 0 0 0 0 0 0 0 
0 0 0 0 0 0 0 0 0 0 0 0 0 0 0 0 18 14 17 11 0 0 0 0 10 20 19 10 0 0 0 0 0 0 0 0 0 0 0 0 
0 0 0 0 0 0 0 0 0 0 0 0 0 0 0 0 0 0 0 0 0 0 0 0 0 0 0 0 0 0 0 0 0 0 0 0 16 15 14 17 
13 20 18 11 0 0 0 0 0 0 0 0 0 0 0 0 0 0 0 0 0 0 0 0 0 0 0 0 0 0 0 0 0 0 0 0 0 0 0 0 
0 0 0 0 20 11 19 12 17 11 14 17 10 18 15 19 11 15 17 19 0 0 0 0 20 10 20 17 20 16 13 17 19 14 18 17 0 0 0 0 
0 0 0 0 13 10 16 17 0 0 0 0 13 10 14 20 18 16 11 20 11 17 16 13 19 20 11 15 0 0 0 0 0 0 0 0 0 0 0 0 
0 0 0 0 12 13 10 14 13 16 17 19 18 13 20 17 13 20 18 19 13 11 13 12 17 15 18 11 0 0 0 0 18 12 13 10 0 0 0 0 
0 0 0 0 0 0 0 0 0 0 0 0 0 0 0 0 0 0 0 0 0 0 0 0 0 0 0 0 0 0 0 0 0 0 0 0 15 19 18 17 
11 15 19 10 0 0 0 0 0 0 0 0 0 0 0 0 0 0 0 0 0 0 0 0 0 0 0 0 0 0 0 0 0 0 0 0 0 0 0 0 
0 0 0 0 10 11 10 15 13 16 13 13 0 0 0 0 0 0 0 0 16 10 19 15 20 10 10 13 20 12 13 17 20 16 13 15 0 0 0 0 
0 0 0 0 0 0 0 0 0 0 0 0 0 0 0 0 20 13 12 19 20 10 10 17 0 0 0 0 0 0 0 0 0 0 0 0 0 0 0 0 
0 0 0 0 0 0 0 0 0 0 0 0 0 0 0 0 0 0 0 0 16 15 14 12 0 0 0 0 0 0 0 0 19 19 17 14 0 0 0 0 
0 0 0 0 0 0 0 0 0 0 0 0 0 0 0 0 0 0 0 0 0 0 0 0 0 0 0 0 0 0 0 0 0 0 0 0 18 19 13 20 
14 13 20 10 0 0 0 0 0 0 0 0 0 0 0 0 0 0 0 0 0 0 0 0 0 0 0 0 0 0 0 0 0 0 0 0 0 0 0 0 
0 0 0 0 11 17 19 16 13 20 20 15 11 14 10 10 18 15 15 15 11 20 20 16 19 20 13 13 17 11 15 18 14 18 16 17 0 0 0 0 
0 0 0 0 12 17 19 19 11 12 18 14 0 0 0 0 0 0 0 0 0 0 0 0 10 18 11 10 12 15 20 19 15 11 17 16 0 0 0 0 
0 0 0 0 0 0 0 0 0 0 0 0 0 0 0 0 0 0 0 0 0 0 0 0 11 15 16 18 0 0 0 0 13 19 16 16 0 0 0 0 
0 0 0 0 0 0 0 0 0 0 0 0 0 0 0 0 0 0 0 0 0 0 0 0 0 0 0 0 0 0 0 0 0 0 0 0 10 16 13 18 
11 16 11 19 0 0 0 0 0 0 0 0 0 0 0 0 0 0 0 0 0 0 0 0 0 0 0 0 0 0 0 0 0 0 0 0 0 0 0 0 
0 0 0 0 16 20 12 17 16 17 11 17 0 0 0 0 12 10 14 15 10 20 13 10 20 17 19 12 20 20 11 10 0 0 0 0 0 0 0 0 
0 0 0 0 0 0 0 0 17 16 17 20 0 0 0 0 0 0 0 0 0 0 0 0 19 10 13 12 0 0 0 0 0 0 0 0 0 0 0 0 
0 0 0 0 0 0 0 0 17 13 19 11 18 18 11 13 11 19 18 12 12 10 15 20 10 20 12 18 20 13 16 19 0 0 0 0 0 0 0 0 
0 0 0 0 0 0 0 0 0 0 0 0 0 0 0 0 0 0 0 0 0 0 0 0 0 0 0 0 0 0 0 0 0 0 0 0 20 18 16 12 
15 10 12 10 0 0 0 0 0 0 0 0 0 0 0 0 0 0 0 0 0 0 0 0 0 0 0 0 0 0 0 0 0 0 0 0 0 0 0 0 
0 0 0 0 11 16 14 10 18 14 15 15 16 16 20 20 10 15 15 19 14 17 12 12 18 16 15 10 0 0 0 0 20 13 17 12 0 0 0 0 
0 0 0 0 0 0 0 0 0 0 0 0 11 12 13 20 17 14 18 15 0 0 0 0 0 0 0 0 0 0 0 0 0 0 0 0 0 0 0 0 
0 0 0 0 0 0 0 0 19 15 16 20 0 0 0 0 0 0 0 0 10 11 13 17 18 10 18 16 17 14 12 18 0 0 0 0 0 0 0 0 
0 0 0 0 0 0 0 0 0 0 0 0 0 0 0 0 0 0 0 0 0 0 0 0 0 0 0 0 0 0 0 0 0 0 0 0 15 10 13 16 
20 13 14 20 0 0 0 0 0 0 0 0 0 0 0 0 0 0 0 0 0 0 0 0 0 0 0 0 0 0 0 0 0 0 0 0 0 0 0 0 
0 0 0 0 19 11 20 10 17 19 20 13 15 15 15 11 11 10 17 20 17 17 15 11 16 14 18 14 20 13 18 16 13 13 11 16 0 0 0 0 
0 0 0 0 17 18 19 18 11 10 10 12 19 17 20 10 15 11 17 10 13 13 17 20 17 11 14 14 16 14 16 17 18 10 18 16 0 0 0 0 
0 0 0 0 0 0 0 0 0 0 0 0 0 0 0 0 0 0 0 0 13 18 14 16 0 0 0 0 11 17 13 18 0 0 0 0 0 0 0 0 
0 0 0 0 0 0 0 0 0 0 0 0 0 0 0 0 0 0 0 0 0 0 0 0 0 0 0 0 0 0 0 0 0 0 0 0 16 15 15 12 
15 19 17 15 0 0 0 0 0 0 0 0 0 0 0 0 0 0 0 0 0 0 0 0 0 0 0 0 0 0 0 0 0 0 0 0 0 0 0 0 
0 0 0 0 12 12 20 11 0 0 0 0 0 0 0 0 14 19 10 16 0 0 0 0 13 20 15 18 0 0 0 0 0 0 0 0 0 0 0 0 
0 0 0 0 0 0 0 0 0 0 0 0 0 0 0 0 14 11 15 15 0 0 0 0 18 15 10 18 0 0 0 0 0 0 0 0 0 0 0 0 
0 0 0 0 10 16 11 11 0 0 0 0 14 11 14 11 0 0 0 0 0 0 0 0 15 18 13 14 20 12 19 10 13 16 10 19 0 0 0 0 
0 0 0 0 0 0 0 0 0 0 0 0 0 0 0 0 0 0 0 0 0 0 0 0 0 0 0 0 0 0 0 0 0 0 0 0 20 12 11 14 
14 10 18 14 0 0 0 0 0 0 0 0 0 0 0 0 0 0 0 0 0 0 0 0 0 0 0 0 0 0 0 0 0 0 0 0 0 0 0 0 
0 0 0 0 0 0 0 0 0 0 0 0 17 18 12 19 20 18 10 18 11 20 18 20 13 16 17 15 11 11 10 14 19 10 16 15 0 0 0 0 
0 0 0 0 13 20 15 19 19 20 13 16 0 0 0 0 20 18 20 16 0 0 0 0 10 13 10 11 17 18 10 19 17 19 15 18 0 0 0 0 
0 0 0 0 17 12 15 11 0 0 0 0 0 0 0 0 0 0 0 0 0 0 0 0 11 13 19 12 0 0 0 0 20 16 15 14 0 0 0 0 
0 0 0 0 0 0 0 0 0 0 0 0 0 0 0 0 0 0 0 0 0 0 0 0 0 0 0 0 0 0 0 0 0 0 0 0 11 10 18 16 
19 14 15 14 0 0 0 0 0 0 0 0 0 0 0 0 0 0 0 0 0 0 0 0 0 0 0 0 0 0 0 0 0 0 0 0 0 0 0 0 
0 0 0 0 0 0 0 0 12 14 17 11 14 15 15 11 18 20 12 16 14 20 14 16 15 18 12 10 20 19 13 14 0 0 0 0 0 0 0 0 
0 0 0 0 0 0 0 0 0 0 0 0 0 0 0 0 0 0 0 0 0 0 0 0 0 0 0 0 14 14 10 18 0 0 0 0 0 0 0 0 
0 0 0 0 0 0 0 0 15 17 15 10 11 12 19 13 13 16 10 10 0 0 0 0 0 0 0 0 0 0 0 0 0 0 0 0 0 0 0 0 
0 0 0 0 0 0 0 0 0 0 0 0 0 0 0 0 0 0 0 0 0 0 0 0 0 0 0 0 0 0 0 0 0 0 0 0 17 19 15 20 
13 18 18 16 0 0 0 0 0 0 0 0 0 0 0 0 0 0 0 0 0 0 0 0 0 0 0 0 0 0 0 0 0 0 0 0 0 0 0 0 
0 0 0 0 19 11 13 13 20 11 16 19 13 17 11 11 18 19 11 10 11 19 10 10 14 18 10 13 0 0 0 0 0 0 0 0 0 0 0 0 
0 0 0 0 10 11 19 12 10 13 20 14 15 16 15 13 0 0 0 0 12 20 20 15 11 18 17 17 10 16 16 16 18 11 20 15 0 0 0 0 
0 0 0 0 0 0 0 0 17 20 13 15 0 0 0 0 16 14 18 17 18 15 19 14 0 0 0 0 0 0 0 0 0 0 0 0 0 0 0 0 
0 0 0 0 0 0 0 0 0 0 0 0 0 0 0 0 0 0 0 0 0 0 0 0 0 0 0 0 0 0 0 0 0 0 0 0 20 16 20 12 
18 12 17 18 0 0 0 0 0 0 0 0 0 0 0 0 0 0 0 0 0 0 0 0 0 0 0 0 0 0 0 0 0 0 0 0 0 0 0 0 
0 0 0 0 12 18 12 13 15 10 13 15 0 0 0 0 0 0 0 0 16 15 14 13 11 18 15 16 11 17 15 10 0 0 0 0 0 0 0 0 
0 0 0 0 14 12 19 19 0 0 0 0 18 16 15 13 0 0 0 0 0 0 0 0 0 0 0 0 0 0 0 0 0 0 0 0 0 0 0 0 
0 0 0 0 0 0 0 0 0 0 0 0 0 0 0 0 0 0 0 0 0 0 0 0 17 12 11 19 0 0 0 0 14 12 14 12 0 0 0 0 
0 0 0 0 0 0 0 0 0 0 0 0 0 0 0 0 0 0 0 0 0 0 0 0 0 0 0 0 0 0 0 0 0 0 0 0 12 17 20 18 
10 13 19 14 0 0 0 0 0 0 0 0 0 0 0 0 0 0 0 0 0 0 0 0 0 0 0 0 0 0 0 0 0 0 0 0 0 0 0 0 
0 0 0 0 16 17 16 10 0 0 0 0 14 16 10 20 14 15 10 11 10 15 16 16 0 0 0 0 20 10 14 10 18 10 14 11 0 0 0 0 
0 0 0 0 14 16 10 20 12 16 13 13 12 18 11 11 13 20 15 11 13 10 10 19 11 13 11 12 20 16 19 15 17 19 16 20 0 0 0 0 
0 0 0 0 11 20 15 17 20 18 17 15 13 15 13 12 0 0 0 0 14 13 16 19 18 17 15 10 15 18 10 11 15 14 15 16 0 0 0 0 
0 0 0 0 0 0 0 0 0 0 0 0 0 0 0 0 0 0 0 0 0 0 0 0 0 0 0 0 0 0 0 0 0 0 0 0 18 19 10 18 
20 15 13 12 0 0 0 0 0 0 0 0 0 0 0 0 0 0 0 0 0 0 0 0 0 0 0 0 0 0 0 0 0 0 0 0 0 0 0 0 
0 0 0 0 0 0 0 0 0 0 0 0 20 10 17 19 13 10 12 11 0 0 0 0 0 0 0 0 13 19 14 13 0 0 0 0 0 0 0 0 
0 0 0 0 18 11 15 11 16 14 16 16 0 0 0 0 16 10 19 20 12 13 10 13 19 16 16 16 12 11 10 12 13 12 10 11 0 0 0 0 
0 0 0 0 0 0 0 0 0 0 0 0 0 0 0 0 0 0 0 0 0 0 0 0 0 0 0 0 13 20 17 20 19 10 19 15 0 0 0 0 
0 0 0 0 0 0 0 0 0 0 0 0 0 0 0 0 0 0 0 0 0 0 0 0 0 0 0 0 0 0 0 0 0 0 0 0 15 10 11 13 
17 19 17 12 0 0 0 0 0 0 0 0 0 0 0 0 0 0 0 0 0 0 0 0 0 0 0 0 0 0 0 0 0 0 0 0 0 0 0 0 
0 0 0 0 0 0 0 0 16 13 10 16 13 15 15 19 16 11 19 18 13 14 17 11 10 14 19 18 16 12 18 17 16 15 20 17 0 0 0 0 
0 0 0 0 0 0 0 0 0 0 0 0 18 13 20 10 0 0 0 0 16 18 12 11 18 16 17 20 16 18 12 17 12 20 10 12 0 0 0 0 
0 0 0 0 0 0 0 0 13 10 14 11 0 0 0 0 18 13 10 15 16 18 14 12 0 0 0 0 0 0 0 0 0 0 0 0 0 0 0 0 
0 0 0 0 0 0 0 0 0 0 0 0 0 0 0 0 0 0 0 0 0 0 0 0 0 0 0 0 0 0 0 0 0 0 0 0 16 15 19 11 
10 19 17 13 0 0 0 0 0 0 0 0 0 0 0 0 0 0 0 0 0 0 0 0 0 0 0 0 0 0 0 0 0 0 0 0 0 0 0 0 
0 0 0 0 17 14 15 14 0 0 0 0 20 20 14 11 0 0 0 0 20 13 15 12 17 14 11 14 0 0 0 0 11 19 14 13 0 0 0 0 
0 0 0 0 12 12 12 12 0 0 0 0 0 0 0 0 13 16 17 15 10 16 20 15 12 20 20 20 10 17 11 17 0 0 0 0 0 0 0 0 
0 0 0 0 15 13 19 13 0 0 0 0 0 0 0 0 0 0 0 0 0 0 0 0 0 0 0 0 0 0 0 0 0 0 0 0 0 0 0 0 
0 0 0 0 0 0 0 0 0 0 0 0 0 0 0 0 0 0 0 0 0 0 0 0 0 0 0 0 0 0 0 0 0 0 0 0 17 14 15 10 
13 12 18 19 0 0 0 0 0 0 0 0 0 0 0 0 0 0 0 0 0 0 0 0 0 0 0 0 0 0 0 0 0 0 0 0 0 0 0 0 
0 0 0 0 17 10 12 15 0 0 0 0 10 17 14 12 13 18 16 18 10 18 20 12 18 15 15 19 16 12 20 12 17 10 18 11 0 0 0 0 
0 0 0 0 17 12 11 20 11 16 11 12 20 15 11 15 11 16 20 16 18 14 16 15 17 13 12 14 18 15 18 19 16 11 13 19 0 0 0 0 
0 0 0 0 0 0 0 0 0 0 0 0 18 15 10 11 10 16 15 20 19 14 14 14 10 14 17 16 0 0 0 0 14 10 20 17 0 0 0 0 
0 0 0 0 0 0 0 0 0 0 0 0 0 0 0 0 0 0 0 0 0 0 0 0 0 0 0 0 0 0 0 0 0 0 0 0 16 13 20 20 
11 18 17 11 0 0 0 0 0 0 0 0 0 0 0 0 0 0 0 0 0 0 0 0 0 0 0 0 0 0 0 0 0 0 0 0 0 0 0 0 
0 0 0 0 12 19 10 20 17 16 16 11 11 11 18 12 20 14 18 13 16 19 10 14 0 0 0 0 20 19 19 12 17 18 11 10 0 0 0 0 
0 0 0 0 0 0 0 0 0 0 0 0 11 12 20 14 0 0 0 0 0 0 0 0 0 0 0 0 0 0 0 0 14 14 17 12 0 0 0 0 
0 0 0 0 0 0 0 0 20 14 18 12 0 0 0 0 0 0 0 0 0 0 0 0 0 0 0 0 0 0 0 0 0 0 0 0 0 0 0 0 
0 0 0 0 0 0 0 0 0 0 0 0 0 0 0 0 0 0 0 0 0 0 0 0 0 0 0 0 0 0 0 0 0 0 0 0 13 12 18 20 
13 13 14 11 0 0 0 0 0 0 0 0 0 0 0 0 0 0 0 0 0 0 0 0 0 0 0 0 0 0 0 0 0 0 0 0 0 0 0 0 
0 0 0 0 14 16 12 12 0 0 0 0 14 18 10 15 0 0 0 0 0 0 0 0 0 0 0 0 0 0 0 0 0 0 0 0 0 0 0 0 
0 0 0 0 12 16 16 15 0 0 0 0 0 0 0 0 0 0 0 0 0 0 0 0 0 0 0 0 0 0 0 0 0 0 0 0 0 0 0 0 
0 0 0 0 0 0 0 0 0 0 0 0 20 16 18 20 0 0 0 0 0 0 0 0 0 0 0 0 19 11 15 19 19 17 14 17 0 0 0 0 
0 0 0 0 0 0 0 0 0 0 0 0 0 0 0 0 0 0 0 0 0 0 0 0 0 0 0 0 0 0 0 0 0 0 0 0 20 20 10 15 
15 12 15 14 0 0 0 0 0 0 0 0 0 0 0 0 0 0 0 0 0 0 0 0 0 0 0 0 0 0 0 0 0 0 0 0 0 0 0 0 
0 0 0 0 14 17 17 11 0 0 0 0 18 19 15 20 0 0 0 0 0 0 0 0 12 13 10 16 10 14 13 19 14 20 15 15 0 0 0 0 
0 0 0 0 16 12 14 12 16 10 18 13 11 10 18 14 16 18 12 15 0 0 0 0 14 19 13 10 13 19 20 10 0 0 0 0 0 0 0 0 
0 0 0 0 12 20 20 20 19 18 12 14 10 17 20 12 10 10 14 11 0 0 0 0 0 0 0 0 15 14 15 18 12 14 13 12 0 0 0 0 
0 0 0 0 0 0 0 0 0 0 0 0 0 0 0 0 0 0 0 0 0 0 0 0 0 0 0 0 0 0 0 0 0 0 0 0 17 20 17 13 
12 15 15 14 0 0 0 0 0 0 0 0 0 0 0 0 0 0 0 0 0 0 0 0 0 0 0 0 0 0 0 0 0 0 0 0 0 0 0 0 
0 0 0 0 10 12 10 13 15 12 17 16 0 0 0 0 19 20 11 19 10 12 19 13 18 16 14 14 17 12 18 11 16 18 14 11 0 0 0 0 
0 0 0 0 20 11 16 12 13 12 11 18 18 20 11 14 12 16 14 13 19 19 13 13 10 17 10 14 0 0 0 0 17 17 13 15 0 0 0 0 
0 0 0 0 0 0 0 0 0 0 0 0 18 14 18 16 0 0 0 0 17 10 18 15 13 19 12 16 17 15 17 14 11 15 12 15 0 0 0 0 
0 0 0 0 0 0 0 0 0 0 0 0 0 0 0 0 0 0 0 0 0 0 0 0 0 0 0 0 0 0 0 0 0 0 0 0 13 19 20 12 
12 12 20 10 0 0 0 0 0 0 0 0 0 0 0 0 0 0 0 0 0 0 0 0 0 0 0 0 0 0 0 0 0 0 0 0 0 0 0 0 
0 0 0 0 17 12 17 16 0 0 0 0 10 17 17 17 0 0 0 0 0 0 0 0 0 0 0 0 18 15 18 11 0 0 0 0 0 0 0 0 
0 0 0 0 13 19 16 11 0 0 0 0 10 10 20 13 16 10 10 16 13 11 17 16 14 12 19 11 0 0 0 0 0 0 0 0 0 0 0 0 
0 0 0 0 0 0 0 0 16 16 19 11 0 0 0 0 0 0 0 0 0 0 0 0 0 0 0 0 14 17 20 17 11 12 18 19 0 0 0 0 
0 0 0 0 0 0 0 0 0 0 0 0 0 0 0 0 0 0 0 0 0 0 0 0 0 0 0 0 0 0 0 0 0 0 0 0 17 19 11 10 
20 17 13 11 0 0 0 0 0 0 0 0 0 0 0 0 0 0 0 0 0 0 0 0 0 0 0 0 0 0 0 0 0 0 0 0 0 0 0 0 
0 0 0 0 18 10 12 18 19 12 10 20 18 10 13 14 17 11 17 19 13 10 18 11 0 0 0 0 14 16 17 16 0 0 0 0 0 0 0 0 
0 0 0 0 0 0 0 0 20 16 20 16 12 11 14 14 0 0 0 0 0 0 0 0 12 18 20 15 0 0 0 0 0 0 0 0 0 0 0 0 
0 0 0 0 12 20 14 13 14 18 18 14 0 0 0 0 15 19 15 20 13 12 16 15 12 15 10 15 0 0 0 0 0 0 0 0 0 0 0 0 
0 0 0 0 0 0 0 0 0 0 0 0 0 0 0 0 0 0 0 0 0 0 0 0 0 0 0 0 0 0 0 0 0 0 0 0 13 13 12 16 
19 14 20 13 0 0 0 0 0 0 0 0 0 0 0 0 0 0 0 0 0 0 0 0 0 0 0 0 0 0 0 0 0 0 0 0 0 0 0 0 
0 0 0 0 0 0 0 0 14 13 16 16 13 19 15 11 20 11 11 16 0 0 0 0 10 12 12 19 13 19 19 11 12 18 13 15 0 0 0 0 
0 0 0 0 13 11 15 16 0 0 0 0 0 0 0 0 0 0 0 0 17 14 18 11 11 11 17 14 0 0 0 0 20 19 12 18 0 0 0 0 
0 0 0 0 20 14 16 13 12 18 17 18 14 18 14 18 17 20 20 16 15 19 16 15 14 14 12 16 20 20 11 10 18 11 14 13 0 0 0 0 
0 0 0 0 0 0 0 0 0 0 0 0 0 0 0 0 0 0 0 0 0 0 0 0 0 0 0 0 0 0 0 0 0 0 0 0 17 16 12 12 
16 14 12 15 0 0 0 0 0 0 0 0 0 0 0 0 0 0 0 0 0 0 0 0 0 0 0 0 0 0 0 0 0 0 0 0 0 0 0 0 
0 0 0 0 20 15 19 17 10 20 19 10 19 16 20 16 12 12 11 17 14 11 16 12 11 11 19 18 18 11 12 15 16 13 11 16 0 0 0 0 
0 0 0 0 0 0 0 0 17 16 19 19 19 14 13 19 0 0 0 0 0 0 0 0 17 18 18 10 0 0 0 0 20 12 11 18 0 0 0 0 
0 0 0 0 17 20 18 10 13 15 19 10 18 12 14 20 0 0 0 0 18 15 14 14 20 13 18 18 19 19 16 11 0 0 0 0 0 0 0 0 
0 0 0 0 0 0 0 0 0 0 0 0 0 0 0 0 0 0 0 0 0 0 0 0 0 0 0 0 0 0 0 0 0 0 0 0 15 14 10 15 
10 13 17 18 0 0 0 0 0 0 0 0 0 0 0 0 0 0 0 0 0 0 0 0 0 0 0 0 0 0 0 0 0 0 0 0 0 0 0 0 
0 0 0 0 0 0 0 0 0 0 0 0 12 12 12 18 0 0 0 0 0 0 0 0 0 0 0 0 0 0 0 0 10 12 17 16 0 0 0 0 
0 0 0 0 16 12 14 17 17 17 11 18 0 0 0 0 0 0 0 0 0 0 0 0 0 0 0 0 0 0 0 0 0 0 0 0 0 0 0 0 
0 0 0 0 10 13 13 18 17 11 18 10 16 17 15 11 15 18 18 12 18 15 11 10 0 0 0 0 11 15 16 19 16 14 13 18 0 0 0 0 
0 0 0 0 0 0 0 0 0 0 0 0 0 0 0 0 0 0 0 0 0 0 0 0 0 0 0 0 0 0 0 0 0 0 0 0 20 14 10 13 
10 20 10 12 0 0 0 0 0 0 0 0 0 0 0 0 0 0 0 0 0 0 0 0 0 0 0 0 0 0 0 0 0 0 0 0 0 0 0 0 
0 0 0 0 14 18 16 12 18 18 16 16 20 19 19 14 0 0 0 0 16 13 19 14 15 16 19 13 19 14 17 20 19 15 18 12 0 0 0 0 
0 0 0 0 0 0 0 0 0 0 0 0 15 17 11 10 13 18 20 20 19 12 11 11 10 14 15 14 0 0 0 0 0 0 0 0 0 0 0 0 
0 0 0 0 0 0 0 0 0 0 0 0 0 0 0 0 0 0 0 0 13 10 19 17 0 0 0 0 0 0 0 0 0 0 0 0 0 0 0 0 
0 0 0 0 0 0 0 0 0 0 0 0 0 0 0 0 0 0 0 0 0 0 0 0 0 0 0 0 0 0 0 0 0 0 0 0 12 18 16 13 
11 12 13 14 0 0 0 0 0 0 0 0 0 0 0 0 0 0 0 0 0 0 0 0 0 0 0 0 0 0 0 0 0 0 0 0 0 0 0 0 
0 0 0 0 17 20 20 10 19 19 13 12 12 14 10 12 0 0 0 0 16 10 19 20 14 14 11 10 16 19 17 13 15 19 18 16 0 0 0 0 
0 0 0 0 0 0 0 0 19 12 10 17 0 0 0 0 12 12 16 15 14 18 10 16 0 0 0 0 0 0 0 0 17 16 19 19 0 0 0 0 
0 0 0 0 20 14 12 11 18 11 14 18 0 0 0 0 18 15 13 13 12 16 14 13 0 0 0 0 14 13 14 10 10 12 19 17 0 0 0 0 
0 0 0 0 0 0 0 0 0 0 0 0 0 0 0 0 0 0 0 0 0 0 0 0 0 0 0 0 0 0 0 0 0 0 0 0 19 14 13 15 
13 13 16 20 0 0 0 0 0 0 0 0 0 0 0 0 0 0 0 0 0 0 0 0 0 0 0 0 0 0 0 0 0 0 0 0 0 0 0 0 
0 0 0 0 13 12 18 15 17 19 16 17 18 18 16 10 13 11 18 17 20 20 20 13 15 13 13 19 15 17 20 18 16 13 18 13 0 0 0 0 
0 0 0 0 0 0 0 0 0 0 0 0 14 12 10 10 0 0 0 0 0 0 0 0 20 19 16 15 19 20 13 20 16 14 18 17 0 0 0 0 
0 0 0 0 0 0 0 0 0 0 0 0 0 0 0 0 16 18 17 19 18 10 18 17 0 0 0 0 0 0 0 0 18 15 13 15 0 0 0 0 
0 0 0 0 0 0 0 0 0 0 0 0 0 0 0 0 0 0 0 0 0 0 0 0 0 0 0 0 0 0 0 0 0 0 0 0 13 17 10 20 
18 11 20 14 0 0 0 0 0 0 0 0 0 0 0 0 0 0 0 0 0 0 0 0 0 0 0 0 0 0 0 0 0 0 0 0 0 0 0 0 
0 0 0 0 19 19 11 14 20 13 12 19 18 12 16 18 10 11 19 20 16 16 19 19 17 19 14 16 10 19 10 10 12 11 18 13 0 0 0 0 
0 0 0 0 0 0 0 0 10 11 11 16 17 16 12 13 13 14 11 20 0 0 0 0 17 15 18 15 0 0 0 0 0 0 0 0 0 0 0 0 
0 0 0 0 15 15 18 17 20 17 12 14 15 19 20 15 15 13 12 19 10 13 15 19 0 0 0 0 0 0 0 0 15 20 19 11 0 0 0 0 
0 0 0 0 0 0 0 0 0 0 0 0 0 0 0 0 0 0 0 0 0 0 0 0 0 0 0 0 0 0 0 0 0 0 0 0 10 17 20 12 
12 17 10 15 0 0 0 0 0 0 0 0 0 0 0 0 0 0 0 0 0 0 0 0 0 0 0 0 0 0 0 0 0 0 0 0 0 0 0 0 
0 0 0 0 14 16 13 11 0 0 0 0 0 0 0 0 0 0 0 0 0 0 0 0 20 12 12 18 0 0 0 0 19 16 20 18 0 0 0 0 
0 0 0 0 0 0 0 0 0 0 0 0 0 0 0 0 0 0 0 0 0 0 0 0 0 0 0 0 12 17 15 13 0 0 0 0 0 0 0 0 
0 0 0 0 15 19 17 17 15 19 11 20 14 20 10 18 17 17 12 10 18 17 20 10 13 16 13 10 13 20 13 14 17 15 17 10 0 0 0 0 
0 0 0 0 0 0 0 0 0 0 0 0 0 0 0 0 0 0 0 0 0 0 0 0 0 0 0 0 0 0 0 0 0 0 0 0 19 14 12 13 
17 13 14 14 0 0 0 0 0 0 0 0 0 0 0 0 0 0 0 0 0 0 0 0 0 0 0 0 0 0 0 0 0 0 0 0 0 0 0 0 
0 0 0 0 17 18 13 13 11 18 17 16 20 17 18 19 10 10 13 10 16 17 18 16 14 13 18 10 14 20 18 11 17 12 13 10 0 0 0 0 
0 0 0 0 18 16 13 18 18 11 13 16 10 19 10 14 0 0 0 0 0 0 0 0 16 20 18 13 12 12 11 13 15 16 12 18 0 0 0 0 
0 0 0 0 0 0 0 0 19 11 18 18 10 18 18 13 0 0 0 0 14 11 10 16 18 19 13 10 15 19 10 16 10 17 15 12 0 0 0 0 
0 0 0 0 0 0 0 0 0 0 0 0 0 0 0 0 0 0 0 0 0 0 0 0 0 0 0 0 0 0 0 0 0 0 0 0 12 12 18 12 
14 19 15 17 0 0 0 0 0 0 0 0 0 0 0 0 0 0 0 0 0 0 0 0 0 0 0 0 0 0 0 0 0 0 0 0 0 0 0 0 
0 0 0 0 13 18 14 11 12 10 10 14 17 14 15 15 0 0 0 0 16 12 14 14 0 0 0 0 0 0 0 0 0 0 0 0 0 0 0 0 
0 0 0 0 15 10 12 14 15 14 13 10 19 18 17 11 12 19 12 19 18 14 16 15 13 20 17 16 17 17 12 18 18 12 10 14 0 0 0 0 
0 0 0 0 0 0 0 0 20 13 14 13 0 0 0 0 0 0 0 0 0 0 0 0 17 10 17 10 0 0 0 0 11 13 18 10 0 0 0 0 
0 0 0 0 0 0 0 0 0 0 0 0 0 0 0 0 0 0 0 0 0 0 0 0 0 0 0 0 0 0 0 0 0 0 0 0 11 10 13 13 
18 16 16 16 0 0 0 0 0 0 0 0 0 0 0 0 0 0 0 0 0 0 0 0 0 0 0 0 0 0 0 0 0 0 0 0 0 0 0 0 
0 0 0 0 0 0 0 0 0 0 0 0 17 13 14 13 0 0 0 0 0 0 0 0 12 12 14 10 15 13 17 11 0 0 0 0 0 0 0 0 
0 0 0 0 19 10 10 11 18 10 13 12 14 13 10 12 15 14 11 18 12 15 17 11 20 13 11 19 15 16 13 20 16 12 10 17 0 0 0 0 
0 0 0 0 19 17 17 13 20 12 19 12 0 0 0 0 12 20 13 17 20 13 13 16 0 0 0 0 0 0 0 0 0 0 0 0 0 0 0 0 
0 0 0 0 0 0 0 0 0 0 0 0 0 0 0 0 0 0 0 0 0 0 0 0 0 0 0 0 0 0 0 0 0 0 0 0 19 12 15 18 
18 15 19 17 0 0 0 0 0 0 0 0 0 0 0 0 0 0 0 0 0 0 0 0 0 0 0 0 0 0 0 0 0 0 0 0 0 0 0 0 
0 0 0 0 0 0 0 0 19 13 14 20 12 18 15 18 0 0 0 0 0 0 0 0 19 14 18 15 13 20 12 15 0 0 0 0 0 0 0 0 
0 0 0 0 0 0 0 0 19 13 15 20 14 16 13 16 14 17 10 15 18 12 10 11 11 18 20 17 0 0 0 0 17 20 13 19 0 0 0 0 
0 0 0 0 15 19 13 10 0 0 0 0 17 12 15 16 0 0 0 0 0 0 0 0 0 0 0 0 0 0 0 0 19 16 16 18 0 0 0 0 
0 0 0 0 0 0 0 0 0 0 0 0 0 0 0 0 0 0 0 0 0 0 0 0 0 0 0 0 0 0 0 0 0 0 0 0 13 20 18 15 
20 14 10 10 0 0 0 0 0 0 0 0 0 0 0 0 0 0 0 0 0 0 0 0 0 0 0 0 0 0 0 0 0 0 0 0 0 0 0 0 
0 0 0 0 0 0 0 0 0 0 0 0 0 0 0 0 0 0 0 0 0 0 0 0 17 13 10 16 0 0 0 0 0 0 0 0 0 0 0 0 
0 0 0 0 0 0 0 0 0 0 0 0 0 0 0 0 0 0 0 0 0 0 0 0 0 0 0 0 10 19 11 13 0 0 0 0 0 0 0 0 
0 0 0 0 0 0 0 0 0 0 0 0 17 11 18 14 18 10 18 10 10 10 20 19 0 0 0 0 19 19 12 17 12 11 14 10 0 0 0 0 
0 0 0 0 0 0 0 0 0 0 0 0 0 0 0 0 0 0 0 0 0 0 0 0 0 0 0 0 0 0 0 0 0 0 0 0 15 17 18 10 
20 12 14 11 0 0 0 0 0 0 0 0 0 0 0 0 0 0 0 0 0 0 0 0 0 0 0 0 0 0 0 0 0 0 0 0 0 0 0 0 
0 0 0 0 0 0 0 0 0 0 0 0 0 0 0 0 14 15 18 12 0 0 0 0 0 0 0 0 14 17 16 11 20 16 18 16 0 0 0 0 
0 0 0 0 11 14 11 15 0 0 0 0 0 0 0 0 19 16 14 17 20 16 15 18 0 0 0 0 0 0 0 0 0 0 0 0 0 0 0 0 
0 0 0 0 0 0 0 0 0 0 0 0 0 0 0 0 10 11 13 19 18 13 12 20 11 18 12 15 0 0 0 0 20 10 18 16 0 0 0 0 
0 0 0 0 0 0 0 0 0 0 0 0 0 0 0 0 0 0 0 0 0 0 0 0 0 0 0 0 0 0 0 0 0 0 0 0 12 18 19 11 
13 11 18 13 0 0 0 0 0 0 0 0 0 0 0 0 0 0 0 0 0 0 0 0 0 0 0 0 0 0 0 0 0 0 0 0 0 0 0 0 
0 0 0 0 0 0 0 0 0 0 0 0 0 0 0 0 0 0 0 0 19 14 11 16 0 0 0 0 0 0 0 0 0 0 0 0 0 0 0 0 
0 0 0 0 16 20 15 20 16 12 14 18 19 16 20 19 14 13 11 10 11 10 16 10 0 0 0 0 14 10 18 18 15 11 12 13 0 0 0 0 
0 0 0 0 10 13 12 12 0 0 0 0 10 10 15 12 12 12 10 15 0 0 0 0 0 0 0 0 0 0 0 0 18 11 13 20 0 0 0 0 
0 0 0 0 0 0 0 0 0 0 0 0 0 0 0 0 0 0 0 0 0 0 0 0 0 0 0 0 0 0 0 0 0 0 0 0 15 18 19 11 
16 19 14 15 0 0 0 0 0 0 0 0 0 0 0 0 0 0 0 0 0 0 0 0 0 0 0 0 0 0 0 0 0 0 0 0 0 0 0 0 
0 0 0 0 11 16 17 16 0 0 0 0 17 19 16 20 10 17 17 20 0 0 0 0 0 0 0 0 0 0 0 0 0 0 0 0 0 0 0 0 
0 0 0 0 18 19 10 19 10 17 18 14 10 15 10 18 0 0 0 0 0 0 0 0 0 0 0 0 13 15 15 10 10 19 11 20 0 0 0 0 
0 0 0 0 19 16 11 16 0 0 0 0 0 0 0 0 10 18 14 10 0 0 0 0 0 0 0 0 0 0 0 0 0 0 0 0 0 0 0 0 
0 0 0 0 0 0 0 0 0 0 0 0 0 0 0 0 0 0 0 0 0 0 0 0 0 0 0 0 0 0 0 0 0 0 0 0 10 17 18 14 
13 18 18 16 0 0 0 0 0 0 0 0 0 0 0 0 0 0 0 0 0 0 0 0 0 0 0 0 0 0 0 0 0 0 0 0 0 0 0 0 
0 0 0 0 10 18 12 17 20 12 13 15 12 16 20 13 19 19 11 12 18 13 18 15 0 0 0 0 14 13 14 13 19 20 17 16 0 0 0 0 
0 0 0 0 20 17 14 16 0 0 0 0 12 18 12 17 0 0 0 0 18 14 20 11 18 14 14 16 10 16 16 12 19 16 12 17 0 0 0 0 
0 0 0 0 0 0 0 0 17 12 10 12 0 0 0 0 17 16 18 10 0 0 0 0 17 20 17 14 0 0 0 0 0 0 0 0 0 0 0 0 
0 0 0 0 0 0 0 0 0 0 0 0 0 0 0 0 0 0 0 0 0 0 0 0 0 0 0 0 0 0 0 0 0 0 0 0 11 11 16 11 
11 13 16 20 0 0 0 0 0 0 0 0 0 0 0 0 0 0 0 0 0 0 0 0 0 0 0 0 0 0 0 0 0 0 0 0 0 0 0 0 
0 0 0 0 11 14 16 16 13 19 13 12 10 14 13 11 10 19 12 19 0 0 0 0 0 0 0 0 18 15 17 13 0 0 0 0 0 0 0 0 
0 0 0 0 13 19 10 16 0 0 0 0 10 12 11 19 0 0 0 0 0 0 0 0 0 0 0 0 0 0 0 0 0 0 0 0 0 0 0 0 
0 0 0 0 14 20 16 19 0 0 0 0 0 0 0 0 14 12 20 19 13 15 13 19 0 0 0 0 0 0 0 0 12 19 14 12 0 0 0 0 
0 0 0 0 0 0 0 0 0 0 0 0 0 0 0 0 0 0 0 0 0 0 0 0 0 0 0 0 0 0 0 0 0 0 0 0 16 15 19 20 
12 10 19 10 0 0 0 0 0 0 0 0 0 0 0 0 0 0 0 0 0 0 0 0 0 0 0 0 0 0 0 0 0 0 0 0 0 0 0 0 
0 0 0 0 11 16 16 15 13 19 14 20 15 17 16 15 12 17 17 19 15 10 14 10 19 10 15 15 15 11 16 10 11 12 20 10 0 0 0 0 
0 0 0 0 0 0 0 0 0 0 0 0 11 13 14 12 0 0 0 0 0 0 0 0 20 12 10 14 11 18 16 13 0 0 0 0 0 0 0 0 
0 0 0 0 17 10 14 12 13 13 15 11 0 0 0 0 0 0 0 0 19 17 15 12 0 0 0 0 0 0 0 0 0 0 0 0 0 0 0 0 
0 0 0 0 0 0 0 0 0 0 0 0 0 0 0 0 0 0 0 0 0 0 0 0 0 0 0 0 0 0 0 0 0 0 0 0 12 13 20 14 
14 13 19 12 0 0 0 0 0 0 0 0 0 0 0 0 0 0 0 0 0 0 0 0 0 0 0 0 0 0 0 0 0 0 0 0 0 0 0 0 
0 0 0 0 12 14 17 10 20 15 10 17 13 14 12 11 0 0 0 0 0 0 0 0 0 0 0 0 0 0 0 0 16 20 19 18 0 0 0 0 
0 0 0 0 10 12 14 13 14 19 13 19 20 15 12 10 0 0 0 0 11 16 18 11 16 16 18 18 15 20 13 10 20 12 12 10 0 0 0 0 
0 0 0 0 16 11 14 10 12 16 17 16 0 0 0 0 17 20 18 20 17 14 19 14 16 10 18 19 18 20 19 15 10 16 13 19 0 0 0 0 
0 0 0 0 0 0 0 0 0 0 0 0 0 0 0 0 0 0 0 0 0 0 0 0 0 0 0 0 0 0 0 0 0 0 0 0 15 19 11 10 
20 17 18 20 0 0 0 0 0 0 0 0 0 0 0 0 0 0 0 0 0 0 0 0 0 0 0 0 0 0 0 0 0 0 0 0 0 0 0 0 
0 0 0 0 10 20 10 12 0 0 0 0 0 0 0 0 20 12 16 20 12 19 14 18 18 14 10 11 0 0 0 0 0 0 0 0 0 0 0 0 
0 0 0 0 18 19 12 10 14 13 12 19 13 20 18 12 12 15 17 12 11 20 19 13 10 16 16 12 18 20 13 12 20 15 12 14 0 0 0 0 
0 0 0 0 10 20 10 15 0 0 0 0 0 0 0 0 0 0 0 0 0 0 0 0 0 0 0 0 0 0 0 0 13 10 12 10 0 0 0 0 
0 0 0 0 0 0 0 0 0 0 0 0 0 0 0 0 0 0 0 0 0 0 0 0 0 0 0 0 0 0 0 0 0 0 0 0 14 13 10 19 
12 16 11 16 0 0 0 0 0 0 0 0 0 0 0 0 0 0 0 0 0 0 0 0 0 0 0 0 0 0 0 0 0 0 0 0 0 0 0 0 
0 0 0 0 0 0 0 0 0 0 0 0 0 0 0 0 11 20 20 20 11 15 11 13 14 19 12 13 0 0 0 0 0 0 0 0 0 0 0 0 
0 0 0 0 14 19 19 20 13 15 10 10 0 0 0 0 15 15 12 14 15 15 12 20 12 18 16 14 19 15 15 18 20 17 11 10 0 0 0 0 
0 0 0 0 16 16 18 14 0 0 0 0 0 0 0 0 0 0 0 0 18 14 19 11 20 18 16 11 0 0 0 0 18 20 14 18 0 0 0 0 
0 0 0 0 0 0 0 0 0 0 0 0 0 0 0 0 0 0 0 0 0 0 0 0 0 0 0 0 0 0 0 0 0 0 0 0 13 18 16 12 
15 10 10 11 0 0 0 0 0 0 0 0 0 0 0 0 0 0 0 0 0 0 0 0 0 0 0 0 0 0 0 0 0 0 0 0 0 0 0 0 
0 0 0 0 18 14 18 19 0 0 0 0 18 11 12 11 12 14 13 11 19 17 17 15 15 15 14 18 11 17 17 10 18 20 15 15 0 0 0 0 
0 0 0 0 17 10 18 12 19 18 10 18 14 18 13 11 20 15 19 12 20 17 19 17 0 0 0 0 0 0 0 0 0 0 0 0 0 0 0 0 
0 0 0 0 0 0 0 0 17 13 14 14 0 0 0 0 0 0 0 0 16 11 11 15 0 0 0 0 0 0 0 0 14 18 19 17 0 0 0 0 
0 0 0 0 0 0 0 0 0 0 0 0 0 0 0 0 0 0 0 0 0 0 0 0 0 0 0 0 0 0 0 0 0 0 0 0 18 17 11 11 
10 18 14 12 0 0 0 0 0 0 0 0 0 0 0 0 0 0 0 0 0 0 0 0 0 0 0 0 0 0 0 0 0 0 0 0 0 0 0 0 
0 0 0 0 10 15 10 15 0 0 0 0 12 15 18 16 17 12 11 14 10 10 12 12 17 13 18 15 10 18 12 14 18 14 18 11 0 0 0 0 
0 0 0 0 15 14 19 15 12 15 15 18 13 19 18 18 13 11 11 20 0 0 0 0 16 11 20 20 18 10 11 19 17 17 10 11 0 0 0 0 
0 0 0 0 0 0 0 0 14 14 13 13 0 0 0 0 0 0 0 0 0 0 0 0 0 0 0 0 0 0 0 0 12 12 16 20 0 0 0 0 
0 0 0 0 0 0 0 0 0 0 0 0 0 0 0 0 0 0 0 0 0 0 0 0 0 0 0 0 0 0 0 0 0 0 0 0 19 12 14 19 
20 12 20 18 0 0 0 0 0 0 0 0 0 0 0 0 0 0 0 0 0 0 0 0 0 0 0 0 0 0 0 0 0 0 0 0 0 0 0 0 
0 0 0 0 15 13 10 14 20 14 16 10 20 20 17 12 16 14 18 14 10 11 13 14 18 19 10 18 12 19 13 18 19 11 19 15 0 0 0 0 
0 0 0 0 0 0 0 0 0 0 0 0 18 16 18 13 0 0 0 0 0 0 0 0 17 18 18 16 14 17 17 18 15 19 16 20 0 0 0 0 
0 0 0 0 12 10 16 18 0 0 0 0 19 16 17 14 0 0 0 0 12 17 14 11 15 13 17 14 17 17 17 15 19 19 19 17 0 0 0 0 
0 0 0 0 0 0 0 0 0 0 0 0 0 0 0 0 0 0 0 0 0 0 0 0 0 0 0 0 0 0 0 0 0 0 0 0 20 18 20 17 
19 20 16 18 0 0 0 0 0 0 0 0 0 0 0 0 0 0 0 0 0 0 0 0 0 0 0 0 0 0 0 0 0 0 0 0 0 0 0 0 
0 0 0 0 18 15 17 15 0 0 0 0 0 0 0 0 11 13 13 11 20 18 16 20 0 0 0 0 19 10 18 12 0 0 0 0 0 0 0 0 
0 0 0 0 15 19 17 14 0 0 0 0 0 0 0 0 13 20 20 20 0 0 0 0 0 0 0 0 0 0 0 0 0 0 0 0 0 0 0 0 
0 0 0 0 0 0 0 0 16 15 15 12 0 0 0 0 14 10 17 13 0 0 0 0 14 18 16 11 19 13 12 15 16 11 15 15 0 0 0 0 
0 0 0 0 0 0 0 0 0 0 0 0 0 0 0 0 0 0 0 0 0 0 0 0 0 0 0 0 0 0 0 0 0 0 0 0 17 16 12 13 
15 11 17 10 0 0 0 0 0 0 0 0 0 0 0 0 0 0 0 0 0 0 0 0 0 0 0 0 0 0 0 0 0 0 0 0 0 0 0 0 
0 0 0 0 0 0 0 0 19 13 12 16 0 0 0 0 0 0 0 0 0 0 0 0 0 0 0 0 0 0 0 0 0 0 0 0 0 0 0 0 
0 0 0 0 0 0 0 0 0 0 0 0 0 0 0 0 20 12 13 14 0 0 0 0 0 0 0 0 18 13 17 20 0 0 0 0 0 0 0 0 
0 0 0 0 17 17 17 19 13 10 14 20 10 12 17 20 19 11 11 11 17 18 15 19 0 0 0 0 0 0 0 0 0 0 0 0 0 0 0 0 
0 0 0 0 0 0 0 0 0 0 0 0 0 0 0 0 0 0 0 0 0 0 0 0 0 0 0 0 0 0 0 0 0 0 0 0 19 16 16 19 
11 20 16 17 0 0 0 0 0 0 0 0 0 0 0 0 0 0 0 0 0 0 0 0 0 0 0 0 0 0 0 0 0 0 0 0 0 0 0 0 
0 0 0 0 0 0 0 0 13 13 14 19 14 18 12 10 0 0 0 0 0 0 0 0 13 18 19 16 0 0 0 0 0 0 0 0 0 0 0 0 
0 0 0 0 16 20 13 18 0 0 0 0 0 0 0 0 14 19 14 16 20 20 10 12 20 10 10 13 14 19 14 10 19 11 18 16 0 0 0 0 
0 0 0 0 0 0 0 0 18 18 13 15 17 19 15 11 10 20 14 16 17 20 18 13 11 10 11 11 16 18 12 14 10 19 14 19 0 0 0 0 
0 0 0 0 0 0 0 0 0 0 0 0 0 0 0 0 0 0 0 0 0 0 0 0 0 0 0 0 0 0 0 0 0 0 0 0 13 20 18 20 
11 10 14 16 0 0 0 0 0 0 0 0 0 0 0 0 0 0 0 0 0 0 0 0 0 0 0 0 0 0 0 0 0 0 0 0 0 0 0 0 
0 0 0 0 0 0 0 0 18 11 15 15 11 16 17 19 0 0 0 0 12 17 14 18 0 0 0 0 0 0 0 0 0 0 0 0 0 0 0 0 
0 0 0 0 19 10 20 20 0 0 0 0 11 17 17 16 0 0 0 0 14 18 12 10 0 0 0 0 0 0 0 0 0 0 0 0 0 0 0 0 
0 0 0 0 18 19 13 15 13 11 20 13 17 18 10 16 10 19 13 20 20 11 13 16 15 14 19 11 16 11 13 16 17 19 19 11 0 0 0 0 
0 0 0 0 0 0 0 0 0 0 0 0 0 0 0 0 0 0 0 0 0 0 0 0 0 0 0 0 0 0 0 0 0 0 0 0 16 19 18 10 
18 16 10 16 0 0 0 0 0 0 0 0 0 0 0 0 0 0 0 0 0 0 0 0 0 0 0 0 0 0 0 0 0 0 0 0 0 0 0 0 
0 0 0 0 0 0 0 0 10 16 15 16 18 10 14 13 15 10 11 15 18 13 13 12 0 0 0 0 10 15 18 19 16 14 10 13 0 0 0 0 
0 0 0 0 0 0 0 0 13 17 12 16 18 17 14 13 11 17 16 16 10 19 15 11 0 0 0 0 0 0 0 0 11 20 12 14 0 0 0 0 
0 0 0 0 0 0 0 0 0 0 0 0 0 0 0 0 12 11 12 16 0 0 0 0 0 0 0 0 0 0 0 0 0 0 0 0 0 0 0 0 
0 0 0 0 0 0 0 0 0 0 0 0 0 0 0 0 0 0 0 0 0 0 0 0 0 0 0 0 0 0 0 0 0 0 0 0 16 16 19 12 
19 14 11 11 0 0 0 0 0 0 0 0 0 0 0 0 0 0 0 0 0 0 0 0 0 0 0 0 0 0 0 0 0 0 0 0 0 0 0 0 
0 0 0 0 20 10 13 12 15 14 11 14 11 12 19 20 12 13 14 16 13 17 17 12 0 0 0 0 0 0 0 0 20 15 14 13 0 0 0 0 
0 0 0 0 0 0 0 0 11 18 15 12 0 0 0 0 0 0 0 0 19 14 19 14 0 0 0 0 11 10 15 12 0 0 0 0 0 0 0 0 
0 0 0 0 0 0 0 0 14 10 14 17 0 0 0 0 0 0 0 0 0 0 0 0 0 0 0 0 0 0 0 0 0 0 0 0 0 0 0 0 
0 0 0 0 0 0 0 0 0 0 0 0 0 0 0 0 0 0 0 0 0 0 0 0 0 0 0 0 0 0 0 0 0 0 0 0 20 18 17 13 
16 13 16 18 0 0 0 0 0 0 0 0 0 0 0 0 0 0 0 0 0 0 0 0 0 0 0 0 0 0 0 0 0 0 0 0 0 0 0 0 
0 0 0 0 17 15 15 11 0 0 0 0 0 0 0 0 13 11 11 14 0 0 0 0 0 0 0 0 11 10 20 16 0 0 0 0 0 0 0 0 
0 0 0 0 11 20 20 15 13 19 12 13 13 15 13 15 10 18 19 16 19 13 19 16 14 11 19 12 10 15 18 13 17 15 12 10 0 0 0 0 
0 0 0 0 11 13 17 12 20 20 15 15 0 0 0 0 15 17 20 18 16 19 14 15 11 13 13 13 0 0 0 0 0 0 0 0 0 0 0 0 
0 0 0 0 0 0 0 0 0 0 0 0 0 0 0 0 0 0 0 0 0 0 0 0 0 0 0 0 0 0 0 0 0 0 0 0 14 14 13 11 
10 10 12 17 0 0 0 0 0 0 0 0 0 0 0 0 0 0 0 0 0 0 0 0 0 0 0 0 0 0 0 0 0 0 0 0 0 0 0 0 
0 0 0 0 11 12 17 20 18 12 16 12 10 18 11 19 17 19 18 13 14 12 20 11 14 12 18 13 15 11 13 18 16 12 16 11 0 0 0 0 
0 0 0 0 0 0 0 0 0 0 0 0 0 0 0 0 10 13 10 15 0 0 0 0 13 10 11 15 0 0 0 0 18 11 14 10 0 0 0 0 
0 0 0 0 16 19 13 11 19 13 13 13 15 13 17 10 12 11 15 14 14 13 12 12 18 12 11 20 19 19 14 20 14 11 13 11 0 0 0 0 
0 0 0 0 0 0 0 0 0 0 0 0 0 0 0 0 0 0 0 0 0 0 0 0 0 0 0 0 0 0 0 0 0 0 0 0 18 15 17 15 
14 14 20 18 0 0 0 0 0 0 0 0 0 0 0 0 0 0 0 0 0 0 0 0 0 0 0 0 0 0 0 0 0 0 0 0 0 0 0 0 
0 0 0 0 20 12 15 10 0 0 0 0 0 0 0 0 13 11 11 20 12 10 16 11 0 0 0 0 0 0 0 0 0 0 0 0 0 0 0 0 
0 0 0 0 0 0 0 0 0 0 0 0 0 0 0 0 0 0 0 0 0 0 0 0 17 19 19 11 0 0 0 0 0 0 0 0 0 0 0 0 
0 0 0 0 19 16 19 13 17 16 18 12 20 14 19 14 13 16 18 10 11 20 16 17 16 13 10 12 18 18 16 10 0 0 0 0 0 0 0 0 
0 0 0 0 0 0 0 0 0 0 0 0 0 0 0 0 0 0 0 0 0 0 0 0 0 0 0 0 0 0 0 0 0 0 0 0 19 20 19 20 
20 10 13 20 0 0 0 0 0 0 0 0 0 0 0 0 0 0 0 0 0 0 0 0 0 0 0 0 0 0 0 0 0 0 0 0 0 0 0 0 
0 0 0 0 17 18 20 13 18 11 16 11 12 12 11 19 20 11 15 15 0 0 0 0 14 20 10 11 15 20 17 19 12 10 16 18 0 0 0 0 
0 0 0 0 13 19 11 13 0 0 0 0 19 13 12 18 16 18 19 19 20 14 13 20 19 14 14 16 14 17 12 10 10 15 11 19 0 0 0 0 
0 0 0 0 0 0 0 0 0 0 0 0 14 13 20 16 0 0 0 0 0 0 0 0 0 0 0 0 0 0 0 0 18 15 18 15 0 0 0 0 
0 0 0 0 0 0 0 0 0 0 0 0 0 0 0 0 0 0 0 0 0 0 0 0 0 0 0 0 0 0 0 0 0 0 0 0 10 13 17 16 
11 13 12 15 0 0 0 0 0 0 0 0 0 0 0 0 0 0 0 0 0 0 0 0 0 0 0 0 0 0 0 0 0 0 0 0 0 0 0 0 
0 0 0 0 0 0 0 0 19 19 10 18 0 0 0 0 0 0 0 0 18 19 19 10 0 0 0 0 17 18 15 13 16 13 10 20 0 0 0 0 
0 0 0 0 18 17 20 12 12 14 18 16 18 15 20 15 15 19 10 17 0 0 0 0 11 19 12 15 14 16 19 17 11 19 19 18 0 0 0 0 
0 0 0 0 0 0 0 0 0 0 0 0 0 0 0 0 0 0 0 0 0 0 0 0 15 20 17 17 10 10 14 12 11 18 14 18 0 0 0 0 
0 0 0 0 0 0 0 0 0 0 0 0 0 0 0 0 0 0 0 0 0 0 0 0 0 0 0 0 0 0 0 0 0 0 0 0 12 20 19 13 
11 20 16 17 0 0 0 0 0 0 0 0 0 0 0 0 0 0 0 0 0 0 0 0 0 0 0 0 0 0 0 0 0 0 0 0 0 0 0 0 
0 0 0 0 17 12 18 13 0 0 0 0 12 12 16 17 0 0 0 0 13 18 10 20 14 10 13 10 0 0 0 0 16 14 17 13 0 0 0 0 
0 0 0 0 16 13 18 10 0 0 0 0 17 17 11 13 10 20 16 17 0 0 0 0 11 10 10 11 10 11 15 13 18 19 18 17 0 0 0 0 
0 0 0 0 0 0 0 0 0 0 0 0 0 0 0 0 0 0 0 0 15 19 15 14 0 0 0 0 0 0 0 0 17 16 20 15 0 0 0 0 
0 0 0 0 0 0 0 0 0 0 0 0 0 0 0 0 0 0 0 0 0 0 0 0 0 0 0 0 0 0 0 0 0 0 0 0 17 18 18 10 
17 10 16 18 0 0 0 0 0 0 0 0 0 0 0 0 0 0 0 0 0 0 0 0 0 0 0 0 0 0 0 0 0 0 0 0 0 0 0 0 
0 0 0 0 0 0 0 0 13 14 16 11 18 18 10 18 16 11 15 11 13 16 11 10 10 20 13 15 10 13 14 13 0 0 0 0 0 0 0 0 
0 0 0 0 0 0 0 0 0 0 0 0 18 11 20 13 0 0 0 0 0 0 0 0 0 0 0 0 0 0 0 0 0 0 0 0 0 0 0 0 
0 0 0 0 14 20 11 15 13 15 16 13 10 11 12 11 0 0 0 0 0 0 0 0 20 20 19 17 12 15 11 15 10 19 14 14 0 0 0 0 
0 0 0 0 0 0 0 0 0 0 0 0 0 0 0 0 0 0 0 0 0 0 0 0 0 0 0 0 0 0 0 0 0 0 0 0 14 12 20 10 
11 20 11 13 0 0 0 0 0 0 0 0 0 0 0 0 0 0 0 0 0 0 0 0 0 0 0 0 0 0 0 0 0 0 0 0 0 0 0 0 
0 0 0 0 10 14 17 15 11 10 14 14 18 20 10 20 18 10 13 15 12 16 10 12 16 16 19 18 18 17 10 16 14 15 10 17 0 0 0 0 
0 0 0 0 14 13 19 16 10 19 12 10 11 15 10 20 15 15 10 13 17 11 14 18 0 0 0 0 0 0 0 0 0 0 0 0 0 0 0 0 
0 0 0 0 19 15 11 12 18 17 18 19 13 16 20 10 20 12 19 18 0 0 0 0 20 20 10 11 0 0 0 0 17 12 11 10 0 0 0 0 
0 0 0 0 0 0 0 0 0 0 0 0 0 0 0 0 0 0 0 0 0 0 0 0 0 0 0 0 0 0 0 0 0 0 0 0 17 18 18 17 
15 10 20 18 0 0 0 0 0 0 0 0 0 0 0 0 0 0 0 0 0 0 0 0 0 0 0 0 0 0 0 0 0 0 0 0 0 0 0 0 
0 0 0 0 20 20 17 20 10 14 15 12 0 0 0 0 18 16 15 13 14 10 16 14 19 12 16 11 13 10 10 14 14 19 16 14 0 0 0 0 
0 0 0 0 18 18 11 12 0 0 0 0 13 10 12 11 12 18 15 17 10 17 13 17 17 19 16 17 12 10 16 15 10 16 20 18 0 0 0 0 
0 0 0 0 15 20 19 16 19 14 15 15 19 15 19 17 0 0 0 0 18 11 17 10 15 14 20 15 10 10 10 11 15 18 16 16 0 0 0 0 
0 0 0 0 0 0 0 0 0 0 0 0 0 0 0 0 0 0 0 0 0 0 0 0 0 0 0 0 0 0 0 0 0 0 0 0 16 18 19 15 
16 12 20 14 0 0 0 0 0 0 0 0 0 0 0 0 0 0 0 0 0 0 0 0 0 0 0 0 0 0 0 0 0 0 0 0 0 0 0 0 
0 0 0 0 0 0 0 0 15 20 14 11 0 0 0 0 13 19 16 19 20 16 13 16 0 0 0 0 18 15 16 20 0 0 0 0 0 0 0 0 
0 0 0 0 0 0 0 0 18 20 10 19 19 11 19 20 11 19 20 12 0 0 0 0 11 12 17 17 0 0 0 0 0 0 0 0 0 0 0 0 
0 0 0 0 0 0 0 0 0 0 0 0 0 0 0 0 10 15 20 12 0 0 0 0 0 0 0 0 0 0 0 0 17 14 13 19 0 0 0 0 
0 0 0 0 0 0 0 0 0 0 0 0 0 0 0 0 0 0 0 0 0 0 0 0 0 0 0 0 0 0 0 0 0 0 0 0 14 12 12 16 
13 17 14 10 0 0 0 0 0 0 0 0 0 0 0 0 0 0 0 0 0 0 0 0 0 0 0 0 0 0 0 0 0 0 0 0 0 0 0 0 
0 0 0 0 12 18 14 19 10 15 16 16 10 14 16 14 0 0 0 0 18 17 19 12 15 12 14 10 0 0 0 0 0 0 0 0 0 0 0 0 
0 0 0 0 0 0 0 0 0 0 0 0 12 17 14 18 0 0 0 0 0 0 0 0 0 0 0 0 0 0 0 0 16 12 13 20 0 0 0 0 
0 0 0 0 11 10 13 12 0 0 0 0 0 0 0 0 0 0 0 0 0 0 0 0 0 0 0 0 0 0 0 0 12 18 13 12 0 0 0 0 
0 0 0 0 0 0 0 0 0 0 0 0 0 0 0 0 0 0 0 0 0 0 0 0 0 0 0 0 0 0 0 0 0 0 0 0 11 19 13 13 
18 16 16 11 0 0 0 0 0 0 0 0 0 0 0 0 0 0 0 0 0 0 0 0 0 0 0 0 0 0 0 0 0 0 0 0 0 0 0 0 
0 0 0 0 0 0 0 0 11 16 10 15 0 0 0 0 0 0 0 0 0 0 0 0 14 16 14 20 0 0 0 0 11 12 15 11 0 0 0 0 
0 0 0 0 19 13 12 18 0 0 0 0 0 0 0 0 0 0 0 0 0 0 0 0 0 0 0 0 0 0 0 0 0 0 0 0 0 0 0 0 
0 0 0 0 19 14 17 19 0 0 0 0 0 0 0 0 19 10 20 10 17 15 15 12 19 12 13 14 16 10 11 18 15 13 20 12 0 0 0 0 
0 0 0 0 0 0 0 0 0 0 0 0 0 0 0 0 0 0 0 0 0 0 0 0 0 0 0 0 0 0 0 0 0 0 0 0 13 20 10 19 
11 10 15 13 0 0 0 0 0 0 0 0 0 0 0 0 0 0 0 0 0 0 0 0 0 0 0 0 0 0 0 0 0 0 0 0 0 0 0 0 
0 0 0 0 0 0 0 0 18 16 13 20 18 19 17 20 11 13 13 18 19 16 20 14 0 0 0 0 18 10 14 20 13 18 17 13 0 0 0 0 
0 0 0 0 0 0 0 0 0 0 0 0 0 0 0 0 14 16 14 19 17 17 19 12 0 0 0 0 19 11 17 15 16 17 18 15 0 0 0 0 
0 0 0 0 0 0 0 0 0 0 0 0 14 20 15 16 12 11 11 19 14 11 15 19 17 15 20 10 0 0 0 0 0 0 0 0 0 0 0 0 
0 0 0 0 0 0 0 0 0 0 0 0 0 0 0 0 0 0 0 0 0 0 0 0 0 0 0 0 0 0 0 0 0 0 0 0 13 19 18 16 
13 15 12 15 0 0 0 0 0 0 0 0 0 0 0 0 0 0 0 0 0 0 0 0 0 0 0 0 0 0 0 0 0 0 0 0 0 0 0 0 
0 0 0 0 0 0 0 0 0 0 0 0 0 0 0 0 0 0 0 0 0 0 0 0 12 15 16 14 0 0 0 0 0 0 0 0 0 0 0 0 
0 0 0 0 13 14 12 11 0 0 0 0 20 10 11 20 0 0 0 0 0 0 0 0 0 0 0 0 20 18 12 16 0 0 0 0 0 0 0 0 
0 0 0 0 18 17 15 12 0 0 0 0 17 16 13 19 20 10 20 13 10 10 10 18 12 19 14 20 14 16 18 17 16 10 15 18 0 0 0 0 
0 0 0 0 0 0 0 0 0 0 0 0 0 0 0 0 0 0 0 0 0 0 0 0 0 0 0 0 0 0 0 0 0 0 0 0 16 10 15 10 
17 16 19 18 0 0 0 0 0 0 0 0 0 0 0 0 0 0 0 0 0 0 0 0 0 0 0 0 0 0 0 0 0 0 0 0 0 0 0 0 
0 0 0 0 18 10 14 19 0 0 0 0 0 0 0 0 19 10 19 10 0 0 0 0 0 0 0 0 0 0 0 0 0 0 0 0 0 0 0 0 
0 0 0 0 19 11 10 20 18 17 13 19 15 15 18 18 18 12 18 17 20 19 15 17 11 10 20 16 0 0 0 0 14 10 10 18 0 0 0 0 
0 0 0 0 0 0 0 0 0 0 0 0 17 20 17 11 0 0 0 0 0 0 0 0 0 0 0 0 0 0 0 0 0 0 0 0 0 0 0 0 
0 0 0 0 0 0 0 0 0 0 0 0 0 0 0 0 0 0 0 0 0 0 0 0 0 0 0 0 0 0 0 0 0 0 0 0 10 20 18 13 
19 18 15 20 0 0 0 0 0 0 0 0 0 0 0 0 0 0 0 0 0 0 0 0 0 0 0 0 0 0 0 0 0 0 0 0 0 0 0 0 
0 0 0 0 10 10 11 17 10 18 20 14 20 18 12 11 16 18 18 16 13 15 19 13 10 16 13 16 15 18 16 15 12 15 11 10 0 0 0 0 
0 0 0 0 0 0 0 0 0 0 0 0 0 0 0 0 0 0 0 0 20 15 11 19 0 0 0 0 0 0 0 0 11 19 12 17 0 0 0 0 
0 0 0 0 0 0 0 0 18 18 12 19 19 15 15 13 0 0 0 0 0 0 0 0 0 0 0 0 10 10 11 20 20 16 12 13 0 0 0 0 
0 0 0 0 0 0 0 0 0 0 0 0 0 0 0 0 0 0 0 0 0 0 0 0 0 0 0 0 0 0 0 0 0 0 0 0 17 13 18 16 
15 11 19 17 0 0 0 0 0 0 0 0 0 0 0 0 0 0 0 0 0 0 0 0 0 0 0 0 0 0 0 0 0 0 0 0 0 0 0 0 
0 0 0 0 0 0 0 0 14 12 10 18 0 0 0 0 20 14 14 18 0 0 0 0 10 18 14 14 0 0 0 0 20 15 13 13 0 0 0 0 
0 0 0 0 0 0 0 0 0 0 0 0 0 0 0 0 0 0 0 0 11 15 11 15 0 0 0 0 0 0 0 0 0 0 0 0 0 0 0 0 
0 0 0 0 13 18 11 10 19 13 17 14 15 12 14 12 11 12 20 16 0 0 0 0 14 19 13 19 12 12 18 15 15 17 17 14 0 0 0 0 
0 0 0 0 0 0 0 0 0 0 0 0 0 0 0 0 0 0 0 0 0 0 0 0 0 0 0 0 0 0 0 0 0 0 0 0 11 10 17 13 
17 18 19 11 0 0 0 0 0 0 0 0 0 0 0 0 0 0 0 0 0 0 0 0 0 0 0 0 0 0 0 0 0 0 0 0 0 0 0 0 
0 0 0 0 15 17 16 19 19 18 19 14 13 11 19 20 16 20 13 17 10 12 13 17 18 12 15 13 20 17 15 16 0 0 0 0 0 0 0 0 
0 0 0 0 15 14 13 20 0 0 0 0 0 0 0 0 17 14 11 20 0 0 0 0 0 0 0 0 20 18 12 11 0 0 0 0 0 0 0 0 
0 0 0 0 20 10 10 17 20 20 15 11 19 17 13 18 11 19 15 17 13 16 15 14 16 20 12 15 13 20 15 18 0 0 0 0 0 0 0 0 
0 0 0 0 0 0 0 0 0 0 0 0 0 0 0 0 0 0 0 0 0 0 0 0 0 0 0 0 0 0 0 0 0 0 0 0 10 11 15 19 
20 15 20 13 0 0 0 0 0 0 0 0 0 0 0 0 0 0 0 0 0 0 0 0 0 0 0 0 0 0 0 0 0 0 0 0 0 0 0 0 
0 0 0 0 0 0 0 0 14 11 13 16 0 0 0 0 17 19 16 18 0 0 0 0 0 0 0 0 19 17 18 17 11 20 12 16 0 0 0 0 
0 0 0 0 20 13 11 11 10 12 15 12 19 14 17 11 12 20 16 18 14 17 16 18 17 11 19 12 18 20 14 11 15 11 17 14 0 0 0 0 
0 0 0 0 18 10 16 17 0 0 0 0 16 11 20 18 0 0 0 0 18 15 14 15 14 15 16 15 11 13 13 20 17 19 20 20 0 0 0 0 
0 0 0 0 0 0 0 0 0 0 0 0 0 0 0 0 0 0 0 0 0 0 0 0 0 0 0 0 0 0 0 0 0 0 0 0 13 11 16 20 
12 17 19 17 0 0 0 0 0 0 0 0 0 0 0 0 0 0 0 0 0 0 0 0 0 0 0 0 0 0 0 0 0 0 0 0 0 0 0 0 
0 0 0 0 10 20 17 18 0 0 0 0 0 0 0 0 17 15 20 14 10 18 16 11 19 14 19 17 12 16 17 20 12 13 18 14 0 0 0 0 
0 0 0 0 18 18 16 16 13 17 17 13 16 17 16 15 10 15 13 17 0 0 0 0 12 18 13 16 0 0 0 0 13 12 20 12 0 0 0 0 
0 0 0 0 19 17 20 19 18 16 18 11 18 15 18 13 11 15 16 10 11 14 14 19 10 14 10 10 17 13 11 16 0 0 0 0 0 0 0 0 
0 0 0 0 0 0 0 0 0 0 0 0 0 0 0 0 0 0 0 0 0 0 0 0 0 0 0 0 0 0 0 0 0 0 0 0 18 16 17 12 
19 14 17 14 0 0 0 0 0 0 0 0 0 0 0 0 0 0 0 0 0 0 0 0 0 0 0 0 0 0 0 0 0 0 0 0 0 0 0 0 
0 0 0 0 15 19 12 12 20 12 18 14 20 11 11 18 14 14 19 11 0 0 0 0 10 11 19 11 0 0 0 0 15 11 12 12 0 0 0 0 
0 0 0 0 14 19 16 20 13 11 10 14 0 0 0 0 0 0 0 0 14 14 17 16 12 19 11 12 0 0 0 0 15 15 18 10 0 0 0 0 
0 0 0 0 11 11 14 14 19 16 14 12 19 20 19 19 17 13 13 15 0 0 0 0 12 18 15 16 20 14 11 15 16 20 10 10 0 0 0 0 
0 0 0 0 0 0 0 0 0 0 0 0 0 0 0 0 0 0 0 0 0 0 0 0 0 0 0 0 0 0 0 0 0 0 0 0 16 12 14 20 
13 17 20 18 0 0 0 0 0 0 0 0 0 0 0 0 0 0 0 0 0 0 0 0 0 0 0 0 0 0 0 0 0 0 0 0 0 0 0 0 
0 0 0 0 0 0 0 0 0 0 0 0 19 13 16 11 0 0 0 0 13 15 16 11 0 0 0 0 18 14 19 12 0 0 0 0 0 0 0 0 
0 0 0 0 0 0 0 0 0 0 0 0 0 0 0 0 20 17 14 12 0 0 0 0 0 0 0 0 0 0 0 0 10 18 19 15 0 0 0 0 
0 0 0 0 16 19 18 13 10 12 10 10 19 16 16 16 14 15 15 12 11 10 12 19 15 19 11 15 11 13 18 19 16 12 19 17 0 0 0 0 
0 0 0 0 0 0 0 0 0 0 0 0 0 0 0 0 0 0 0 0 0 0 0 0 0 0 0 0 0 0 0 0 0 0 0 0 20 17 15 16 
13 15 17 14 0 0 0 0 0 0 0 0 0 0 0 0 0 0 0 0 0 0 0 0 0 0 0 0 0 0 0 0 0 0 0 0 0 0 0 0 
0 0 0 0 0 0 0 0 19 17 14 13 0 0 0 0 20 17 12 19 13 16 10 17 12 11 13 11 20 11 14 20 0 0 0 0 0 0 0 0 
0 0 0 0 17 18 16 10 15 11 16 12 15 15 20 13 14 20 16 16 12 19 10 18 13 15 12 16 0 0 0 0 0 0 0 0 0 0 0 0 
0 0 0 0 13 17 14 13 15 14 18 12 14 11 19 10 15 18 12 18 20 11 18 18 11 13 10 15 15 14 17 13 10 15 17 10 0 0 0 0 
0 0 0 0 0 0 0 0 0 0 0 0 0 0 0 0 0 0 0 0 0 0 0 0 0 0 0 0 0 0 0 0 0 0 0 0 12 16 10 16 
17 19 11 12 0 0 0 0 0 0 0 0 0 0 0 0 0 0 0 0 0 0 0 0 0 0 0 0 0 0 0 0 0 0 0 0 0 0 0 0 
0 0 0 0 0 0 0 0 0 0 0 0 0 0 0 0 0 0 0 0 0 0 0 0 17 14 17 11 10 14 13 19 13 14 18 15 0 0 0 0 
0 0 0 0 0 0 0 0 0 0 0 0 14 12 14 19 0 0 0 0 0 0 0 0 0 0 0 0 0 0 0 0 19 10 15 15 0 0 0 0 
0 0 0 0 0 0 0 0 0 0 0 0 0 0 0 0 14 18 19 15 0 0 0 0 0 0 0 0 12 14 15 20 14 14 15 12 0 0 0 0 
0 0 0 0 0 0 0 0 0 0 0 0 0 0 0 0 0 0 0 0 0 0 0 0 0 0 0 0 0 0 0 0 0 0 0 0 11 18 14 18 
20 20 11 13 0 0 0 0 0 0 0 0 0 0 0 0 0 0 0 0 0 0 0 0 0 0 0 0 0 0 0 0 0 0 0 0 0 0 0 0 
0 0 0 0 20 19 20 20 0 0 0 0 16 10 17 14 0 0 0 0 16 12 13 14 18 18 18 15 0 0 0 0 13 13 11 17 0 0 0 0 
0 0 0 0 0 0 0 0 11 14 19 16 0 0 0 0 0 0 0 0 0 0 0 0 0 0 0 0 0 0 0 0 0 0 0 0 0 0 0 0 
0 0 0 0 19 13 16 16 17 13 11 20 15 17 19 18 17 16 13 11 12 11 10 11 16 16 20 16 10 17 18 17 0 0 0 0 0 0 0 0 
0 0 0 0 0 0 0 0 0 0 0 0 0 0 0 0 0 0 0 0 0 0 0 0 0 0 0 0 0 0 0 0 0 0 0 0 19 20 19 17
---------------------
 
Distance between cells
Rows and Columns: correspond to cell number
0 410 221 440 267 233 375 311 257 154 330 189 
410 0 369 180 92 472 179 253 484 397 58 60 
221 369 0 496 219 79 87 272 140 124 75 93 
440 180 496 0 500 94 451 354 240 80 317 393 
267 92 219 500 0 95 287 64 459 82 438 300 
233 472 79 94 95 0 408 237 422 200 102 317 
375 179 87 451 287 408 0 50 286 150 241 405 
311 253 272 354 64 237 50 0 144 273 218 493 
257 484 140 240 459 422 286 144 0 117 110 243 
154 397 124 80 82 200 150 273 117 0 193 79 
330 58 75 317 438 102 241 218 110 193 0 377 
189 60 93 393 300 317 405 493 243 79 377 0
---------------------
 
Distribution of machines in cells   (1 -- if machine m is distributed in cell u;0 -- else) 
Rows: correspond to cell number; Columns: correspond to machine number
1 0 0 0 0 0 0 0 0 0 0 1 0 0 0 0 1 0 0 0 0 0 0 0 0 0 1 0 0 0 0 0 1 0 0 0 0 0 0 0 
0 0 0 0 0 0 0 0 0 0 0 0 0 0 0 0 0 0 0 0 0 0 0 0 0 0 0 0 1 1 0 0 0 0 0 0 0 0 0 1 
0 0 0 0 0 0 0 0 0 0 1 0 0 0 0 0 0 0 1 0 0 0 0 1 0 0 0 0 0 0 0 0 0 0 0 0 0 0 0 0 
0 1 0 0 0 0 0 0 0 0 0 0 0 0 0 0 0 0 0 0 0 1 1 0 1 0 0 0 0 0 1 0 0 0 0 0 0 0 0 0 
0 0 1 0 1 0 0 0 0 0 0 0 0 0 0 0 0 0 0 0 0 0 0 0 0 0 0 0 0 0 0 0 0 0 0 0 0 1 0 0 
0 0 0 0 0 0 0 0 0 0 0 0 1 0 0 0 0 0 0 0 0 0 0 0 0 0 0 1 0 0 0 0 0 0 0 0 0 0 0 0 
0 0 0 0 0 0 0 0 0 1 0 0 0 1 0 0 0 0 0 0 0 0 0 0 0 0 0 0 0 0 0 0 0 0 0 0 0 0 0 0 
0 0 0 0 0 0 0 0 0 0 0 0 0 0 1 0 0 1 0 0 0 0 0 0 0 0 0 0 0 0 0 1 0 0 0 0 0 0 0 0 
0 0 0 0 0 0 1 0 0 0 0 0 0 0 0 0 0 0 0 1 0 0 0 0 0 0 0 0 0 0 0 0 0 0 0 1 0 0 0 0 
0 0 0 0 0 0 0 0 1 0 0 0 0 0 0 0 0 0 0 0 1 0 0 0 0 0 0 0 0 0 0 0 0 0 1 0 0 0 0 0 
0 0 0 0 0 0 0 1 0 0 0 0 0 0 0 0 0 0 0 0 0 0 0 0 0 1 0 0 0 0 0 0 0 1 0 0 0 0 0 0 
0 0 0 1 0 1 0 0 0 0 0 0 0 0 0 1 0 0 0 0 0 0 0 0 0 0 0 0 0 0 0 0 0 0 0 0 1 0 1 0
---------------------
 
