Adaption from Behnke39

Number of operations for each part
5 5 5 5 5 5 5 5 5 5 5 5 5 5 5 5 5 5 5 5 5 5 5 5 5 5 5 5 5 5 5 5 5 5 5 5 5 5 5 5 5 5 5 5 5 5 5 5 5 5 5 5 5 5 5 5 5 5 5 5 5 5 5 5 5 5 5 5 5 5 5 5 5 5 5 5 5 5 5 5 5 5 5 5 5 5 5 5 5 5 5 5 5 5 5 5 5 5 5 5
---------------------
 
Processing time   (0 -- non-optional machine)
Rows: sequential for each operation of each part; Columns: correspond to machine number
17 11 16 26 0 0 0 0 0 0 0 0 0 0 0 0 0 0 0 0 0 0 0 0 0 0 0 0 0 0 0 0 0 0 0 0 0 0 0 0 
0 0 0 0 21 13 24 17 0 0 0 0 0 0 0 0 0 0 0 0 14 24 27 23 0 0 0 0 0 0 0 0 0 0 0 0 0 0 0 0 
0 0 0 0 0 0 0 0 0 0 0 0 0 0 0 0 0 0 0 0 0 0 0 0 0 0 0 0 0 0 0 0 26 27 29 20 0 0 0 0 
0 0 0 0 18 11 27 30 15 19 19 19 13 12 12 12 0 0 0 0 0 0 0 0 0 0 0 0 0 0 0 0 0 0 0 0 0 0 0 0 
0 0 0 0 0 0 0 0 0 0 0 0 0 0 0 0 0 0 0 0 0 0 0 0 0 0 0 0 0 0 0 0 0 0 0 0 25 16 16 26 
23 24 26 28 0 0 0 0 0 0 0 0 0 0 0 0 0 0 0 0 0 0 0 0 0 0 0 0 0 0 0 0 0 0 0 0 0 0 0 0 
0 0 0 0 0 0 0 0 0 0 0 0 0 0 0 0 19 24 23 24 0 0 0 0 0 0 0 0 0 0 0 0 0 0 0 0 0 0 0 0 
0 0 0 0 0 0 0 0 27 22 25 22 0 0 0 0 0 0 0 0 0 0 0 0 18 29 13 21 16 12 28 21 0 0 0 0 0 0 0 0 
0 0 0 0 0 0 0 0 12 26 26 22 18 18 11 16 16 10 29 27 15 17 19 23 30 25 15 13 11 25 20 26 24 14 17 25 0 0 0 0 
0 0 0 0 0 0 0 0 0 0 0 0 0 0 0 0 0 0 0 0 0 0 0 0 0 0 0 0 0 0 0 0 0 0 0 0 29 14 16 27 
26 17 19 30 0 0 0 0 0 0 0 0 0 0 0 0 0 0 0 0 0 0 0 0 0 0 0 0 0 0 0 0 0 0 0 0 0 0 0 0 
0 0 0 0 29 10 14 23 23 13 24 14 0 0 0 0 0 0 0 0 28 23 14 20 0 0 0 0 0 0 0 0 14 12 18 15 0 0 0 0 
0 0 0 0 25 17 14 25 12 20 30 22 26 24 18 19 15 16 13 23 23 12 14 22 21 17 16 22 27 14 22 28 15 12 14 11 0 0 0 0 
0 0 0 0 0 0 0 0 0 0 0 0 0 0 0 0 0 0 0 0 0 0 0 0 12 11 19 10 0 0 0 0 0 0 0 0 0 0 0 0 
0 0 0 0 0 0 0 0 0 0 0 0 0 0 0 0 0 0 0 0 0 0 0 0 0 0 0 0 0 0 0 0 0 0 0 0 17 22 16 18 
25 13 24 12 0 0 0 0 0 0 0 0 0 0 0 0 0 0 0 0 0 0 0 0 0 0 0 0 0 0 0 0 0 0 0 0 0 0 0 0 
0 0 0 0 0 0 0 0 0 0 0 0 0 0 0 0 0 0 0 0 0 0 0 0 21 26 29 30 0 0 0 0 0 0 0 0 0 0 0 0 
0 0 0 0 30 11 20 16 19 13 24 24 13 21 12 21 13 21 24 24 28 12 25 17 19 11 19 13 22 17 29 27 28 23 20 23 0 0 0 0 
0 0 0 0 25 10 23 30 24 18 25 29 0 0 0 0 17 28 13 13 0 0 0 0 12 18 27 14 16 19 18 12 17 12 29 20 0 0 0 0 
0 0 0 0 0 0 0 0 0 0 0 0 0 0 0 0 0 0 0 0 0 0 0 0 0 0 0 0 0 0 0 0 0 0 0 0 16 25 24 29 
16 11 30 12 0 0 0 0 0 0 0 0 0 0 0 0 0 0 0 0 0 0 0 0 0 0 0 0 0 0 0 0 0 0 0 0 0 0 0 0 
0 0 0 0 0 0 0 0 0 0 0 0 24 11 27 16 0 0 0 0 29 18 17 21 0 0 0 0 30 22 14 18 0 0 0 0 0 0 0 0 
0 0 0 0 0 0 0 0 22 11 24 12 28 19 23 18 19 14 20 29 14 18 22 11 22 16 16 10 0 0 0 0 0 0 0 0 0 0 0 0 
0 0 0 0 20 10 26 21 15 24 11 30 12 25 15 20 10 28 19 22 26 26 15 20 16 24 23 24 26 25 19 28 16 10 25 13 0 0 0 0 
0 0 0 0 0 0 0 0 0 0 0 0 0 0 0 0 0 0 0 0 0 0 0 0 0 0 0 0 0 0 0 0 0 0 0 0 22 14 12 14 
13 15 28 25 0 0 0 0 0 0 0 0 0 0 0 0 0 0 0 0 0 0 0 0 0 0 0 0 0 0 0 0 0 0 0 0 0 0 0 0 
0 0 0 0 0 0 0 0 0 0 0 0 27 21 12 29 0 0 0 0 0 0 0 0 0 0 0 0 0 0 0 0 0 0 0 0 0 0 0 0 
0 0 0 0 0 0 0 0 0 0 0 0 22 11 19 27 25 19 21 19 28 17 13 27 13 17 13 22 30 24 27 20 19 28 16 27 0 0 0 0 
0 0 0 0 0 0 0 0 0 0 0 0 17 30 29 26 0 0 0 0 0 0 0 0 0 0 0 0 0 0 0 0 0 0 0 0 0 0 0 0 
0 0 0 0 0 0 0 0 0 0 0 0 0 0 0 0 0 0 0 0 0 0 0 0 0 0 0 0 0 0 0 0 0 0 0 0 16 30 30 22 
11 10 12 29 0 0 0 0 0 0 0 0 0 0 0 0 0 0 0 0 0 0 0 0 0 0 0 0 0 0 0 0 0 0 0 0 0 0 0 0 
0 0 0 0 12 25 10 24 27 26 23 28 23 23 15 25 19 11 10 24 25 11 28 16 30 25 28 19 11 23 22 24 29 22 18 23 0 0 0 0 
0 0 0 0 24 22 17 27 17 26 26 28 15 23 16 24 15 10 29 23 0 0 0 0 24 26 27 18 17 12 23 22 10 27 10 19 0 0 0 0 
0 0 0 0 22 25 26 18 27 13 22 17 24 24 18 18 19 22 26 24 29 11 11 10 22 22 11 16 13 28 29 21 19 14 30 22 0 0 0 0 
0 0 0 0 0 0 0 0 0 0 0 0 0 0 0 0 0 0 0 0 0 0 0 0 0 0 0 0 0 0 0 0 0 0 0 0 24 17 16 28 
19 15 11 23 0 0 0 0 0 0 0 0 0 0 0 0 0 0 0 0 0 0 0 0 0 0 0 0 0 0 0 0 0 0 0 0 0 0 0 0 
0 0 0 0 30 20 21 16 10 23 28 30 29 19 21 10 22 15 10 21 16 23 23 22 27 24 11 27 24 24 21 13 27 13 10 29 0 0 0 0 
0 0 0 0 0 0 0 0 13 17 15 29 22 10 21 22 28 25 12 29 27 14 19 28 19 12 10 21 10 26 10 27 28 15 10 10 0 0 0 0 
0 0 0 0 0 0 0 0 10 22 30 23 19 18 27 22 0 0 0 0 0 0 0 0 0 0 0 0 19 28 20 11 0 0 0 0 0 0 0 0 
0 0 0 0 0 0 0 0 0 0 0 0 0 0 0 0 0 0 0 0 0 0 0 0 0 0 0 0 0 0 0 0 0 0 0 0 24 18 13 16 
19 26 12 22 0 0 0 0 0 0 0 0 0 0 0 0 0 0 0 0 0 0 0 0 0 0 0 0 0 0 0 0 0 0 0 0 0 0 0 0 
0 0 0 0 12 29 21 16 0 0 0 0 23 22 23 19 0 0 0 0 0 0 0 0 0 0 0 0 0 0 0 0 0 0 0 0 0 0 0 0 
0 0 0 0 28 23 30 14 12 22 27 12 13 30 19 16 12 30 23 26 25 25 14 19 18 20 17 19 15 27 15 29 19 28 30 19 0 0 0 0 
0 0 0 0 0 0 0 0 0 0 0 0 24 11 30 14 0 0 0 0 0 0 0 0 0 0 0 0 24 10 21 19 0 0 0 0 0 0 0 0 
0 0 0 0 0 0 0 0 0 0 0 0 0 0 0 0 0 0 0 0 0 0 0 0 0 0 0 0 0 0 0 0 0 0 0 0 29 21 21 10 
11 18 30 21 0 0 0 0 0 0 0 0 0 0 0 0 0 0 0 0 0 0 0 0 0 0 0 0 0 0 0 0 0 0 0 0 0 0 0 0 
0 0 0 0 30 19 14 28 0 0 0 0 28 10 15 24 0 0 0 0 0 0 0 0 0 0 0 0 18 27 15 28 13 23 11 22 0 0 0 0 
0 0 0 0 0 0 0 0 0 0 0 0 0 0 0 0 10 30 10 28 0 0 0 0 0 0 0 0 0 0 0 0 0 0 0 0 0 0 0 0 
0 0 0 0 0 0 0 0 0 0 0 0 0 0 0 0 12 10 17 24 0 0 0 0 0 0 0 0 22 15 26 18 22 21 17 23 0 0 0 0 
0 0 0 0 0 0 0 0 0 0 0 0 0 0 0 0 0 0 0 0 0 0 0 0 0 0 0 0 0 0 0 0 0 0 0 0 18 14 21 27 
25 10 19 19 0 0 0 0 0 0 0 0 0 0 0 0 0 0 0 0 0 0 0 0 0 0 0 0 0 0 0 0 0 0 0 0 0 0 0 0 
0 0 0 0 0 0 0 0 0 0 0 0 0 0 0 0 0 0 0 0 23 19 19 23 18 30 29 18 0 0 0 0 0 0 0 0 0 0 0 0 
0 0 0 0 15 22 19 17 16 12 30 16 27 17 18 12 0 0 0 0 0 0 0 0 19 24 26 28 23 26 30 18 29 14 22 30 0 0 0 0 
0 0 0 0 0 0 0 0 0 0 0 0 0 0 0 0 12 27 18 22 26 21 11 25 0 0 0 0 0 0 0 0 0 0 0 0 0 0 0 0 
0 0 0 0 0 0 0 0 0 0 0 0 0 0 0 0 0 0 0 0 0 0 0 0 0 0 0 0 0 0 0 0 0 0 0 0 18 12 20 21 
20 29 16 25 0 0 0 0 0 0 0 0 0 0 0 0 0 0 0 0 0 0 0 0 0 0 0 0 0 0 0 0 0 0 0 0 0 0 0 0 
0 0 0 0 19 17 24 27 0 0 0 0 0 0 0 0 0 0 0 0 0 0 0 0 0 0 0 0 12 29 27 23 0 0 0 0 0 0 0 0 
0 0 0 0 28 26 13 14 17 14 19 23 15 12 19 16 0 0 0 0 0 0 0 0 13 11 16 30 22 23 11 25 19 15 10 24 0 0 0 0 
0 0 0 0 22 26 19 23 18 22 17 10 10 22 11 28 18 27 19 24 11 10 22 18 21 22 27 25 0 0 0 0 29 25 17 14 0 0 0 0 
0 0 0 0 0 0 0 0 0 0 0 0 0 0 0 0 0 0 0 0 0 0 0 0 0 0 0 0 0 0 0 0 0 0 0 0 17 11 17 22 
23 26 26 20 0 0 0 0 0 0 0 0 0 0 0 0 0 0 0 0 0 0 0 0 0 0 0 0 0 0 0 0 0 0 0 0 0 0 0 0 
0 0 0 0 0 0 0 0 0 0 0 0 20 25 14 21 30 15 26 20 10 25 25 20 15 12 19 17 19 29 28 13 0 0 0 0 0 0 0 0 
0 0 0 0 0 0 0 0 0 0 0 0 0 0 0 0 0 0 0 0 0 0 0 0 0 0 0 0 27 23 10 26 15 10 15 14 0 0 0 0 
0 0 0 0 19 23 30 18 25 11 22 14 0 0 0 0 15 19 19 26 30 27 15 30 0 0 0 0 0 0 0 0 11 30 20 30 0 0 0 0 
0 0 0 0 0 0 0 0 0 0 0 0 0 0 0 0 0 0 0 0 0 0 0 0 0 0 0 0 0 0 0 0 0 0 0 0 20 14 12 18 
27 21 17 20 0 0 0 0 0 0 0 0 0 0 0 0 0 0 0 0 0 0 0 0 0 0 0 0 0 0 0 0 0 0 0 0 0 0 0 0 
0 0 0 0 17 22 17 16 22 12 15 26 28 21 25 20 29 27 11 23 24 27 21 25 29 12 12 17 25 26 29 21 14 30 30 28 0 0 0 0 
0 0 0 0 0 0 0 0 11 29 28 26 19 19 23 25 10 21 12 19 0 0 0 0 24 15 28 20 19 26 24 26 0 0 0 0 0 0 0 0 
0 0 0 0 18 22 18 26 21 23 15 22 0 0 0 0 0 0 0 0 0 0 0 0 10 11 28 20 0 0 0 0 0 0 0 0 0 0 0 0 
0 0 0 0 0 0 0 0 0 0 0 0 0 0 0 0 0 0 0 0 0 0 0 0 0 0 0 0 0 0 0 0 0 0 0 0 10 24 24 14 
21 15 25 25 0 0 0 0 0 0 0 0 0 0 0 0 0 0 0 0 0 0 0 0 0 0 0 0 0 0 0 0 0 0 0 0 0 0 0 0 
0 0 0 0 27 30 12 25 20 21 30 26 17 24 26 26 0 0 0 0 0 0 0 0 28 12 14 14 30 12 10 12 27 20 22 26 0 0 0 0 
0 0 0 0 18 24 26 18 0 0 0 0 19 18 11 12 0 0 0 0 0 0 0 0 0 0 0 0 0 0 0 0 0 0 0 0 0 0 0 0 
0 0 0 0 0 0 0 0 29 30 24 18 12 24 18 28 23 16 16 23 29 13 12 20 17 23 17 20 27 12 16 29 12 21 21 30 0 0 0 0 
0 0 0 0 0 0 0 0 0 0 0 0 0 0 0 0 0 0 0 0 0 0 0 0 0 0 0 0 0 0 0 0 0 0 0 0 21 24 27 15 
15 19 21 23 0 0 0 0 0 0 0 0 0 0 0 0 0 0 0 0 0 0 0 0 0 0 0 0 0 0 0 0 0 0 0 0 0 0 0 0 
0 0 0 0 0 0 0 0 0 0 0 0 0 0 0 0 0 0 0 0 22 22 27 14 0 0 0 0 0 0 0 0 0 0 0 0 0 0 0 0 
0 0 0 0 30 12 28 10 24 18 14 27 0 0 0 0 22 12 17 15 22 23 11 11 29 20 25 13 24 21 14 13 0 0 0 0 0 0 0 0 
0 0 0 0 16 27 29 30 19 22 28 12 26 17 18 11 12 12 18 25 17 23 23 10 30 11 29 17 13 27 15 10 29 23 18 26 0 0 0 0 
0 0 0 0 0 0 0 0 0 0 0 0 0 0 0 0 0 0 0 0 0 0 0 0 0 0 0 0 0 0 0 0 0 0 0 0 14 30 10 14 
11 25 30 22 0 0 0 0 0 0 0 0 0 0 0 0 0 0 0 0 0 0 0 0 0 0 0 0 0 0 0 0 0 0 0 0 0 0 0 0 
0 0 0 0 0 0 0 0 11 22 30 18 13 25 14 24 15 13 17 26 0 0 0 0 0 0 0 0 15 18 10 20 23 22 25 21 0 0 0 0 
0 0 0 0 13 29 29 12 15 14 27 17 21 14 16 19 23 19 27 20 29 27 12 13 15 27 13 10 30 14 27 23 20 23 24 27 0 0 0 0 
0 0 0 0 18 30 24 12 14 26 18 24 16 29 12 15 27 27 11 17 19 29 13 22 24 20 22 28 0 0 0 0 0 0 0 0 0 0 0 0 
0 0 0 0 0 0 0 0 0 0 0 0 0 0 0 0 0 0 0 0 0 0 0 0 0 0 0 0 0 0 0 0 0 0 0 0 15 28 14 24 
17 14 12 26 0 0 0 0 0 0 0 0 0 0 0 0 0 0 0 0 0 0 0 0 0 0 0 0 0 0 0 0 0 0 0 0 0 0 0 0 
0 0 0 0 24 13 30 10 29 24 28 29 24 26 20 23 14 11 20 23 13 20 28 20 0 0 0 0 21 13 28 18 22 16 16 15 0 0 0 0 
0 0 0 0 0 0 0 0 0 0 0 0 0 0 0 0 0 0 0 0 0 0 0 0 0 0 0 0 0 0 0 0 12 28 21 17 0 0 0 0 
0 0 0 0 0 0 0 0 0 0 0 0 26 16 19 19 0 0 0 0 0 0 0 0 27 19 17 14 0 0 0 0 27 23 10 13 0 0 0 0 
0 0 0 0 0 0 0 0 0 0 0 0 0 0 0 0 0 0 0 0 0 0 0 0 0 0 0 0 0 0 0 0 0 0 0 0 30 24 20 29 
21 16 23 18 0 0 0 0 0 0 0 0 0 0 0 0 0 0 0 0 0 0 0 0 0 0 0 0 0 0 0 0 0 0 0 0 0 0 0 0 
0 0 0 0 29 16 21 14 11 16 26 20 11 12 15 28 10 23 12 15 10 28 21 15 0 0 0 0 26 19 14 19 24 20 17 27 0 0 0 0 
0 0 0 0 21 22 11 17 17 24 20 16 25 11 28 10 0 0 0 0 13 17 14 14 28 21 12 17 16 16 23 15 20 29 26 16 0 0 0 0 
0 0 0 0 0 0 0 0 11 21 16 24 19 10 21 20 21 15 16 29 0 0 0 0 0 0 0 0 10 14 27 25 0 0 0 0 0 0 0 0 
0 0 0 0 0 0 0 0 0 0 0 0 0 0 0 0 0 0 0 0 0 0 0 0 0 0 0 0 0 0 0 0 0 0 0 0 24 30 15 20 
16 27 20 17 0 0 0 0 0 0 0 0 0 0 0 0 0 0 0 0 0 0 0 0 0 0 0 0 0 0 0 0 0 0 0 0 0 0 0 0 
0 0 0 0 24 18 22 15 10 13 28 21 27 21 16 19 0 0 0 0 0 0 0 0 0 0 0 0 0 0 0 0 0 0 0 0 0 0 0 0 
0 0 0 0 16 11 13 14 21 11 20 13 11 29 24 23 18 28 11 23 23 28 11 13 30 26 26 18 18 22 24 21 27 22 10 25 0 0 0 0 
0 0 0 0 26 21 21 27 23 28 28 10 28 23 22 30 0 0 0 0 24 28 18 28 25 25 25 23 11 29 17 14 22 23 25 11 0 0 0 0 
0 0 0 0 0 0 0 0 0 0 0 0 0 0 0 0 0 0 0 0 0 0 0 0 0 0 0 0 0 0 0 0 0 0 0 0 15 13 18 16 
29 17 16 24 0 0 0 0 0 0 0 0 0 0 0 0 0 0 0 0 0 0 0 0 0 0 0 0 0 0 0 0 0 0 0 0 0 0 0 0 
0 0 0 0 0 0 0 0 24 23 27 12 0 0 0 0 26 25 14 10 14 28 26 23 22 19 18 12 18 22 16 16 19 14 27 20 0 0 0 0 
0 0 0 0 0 0 0 0 0 0 0 0 16 30 27 12 24 14 28 20 20 14 18 10 19 16 26 21 23 30 14 11 17 17 28 18 0 0 0 0 
0 0 0 0 25 10 13 10 13 24 29 11 0 0 0 0 0 0 0 0 0 0 0 0 0 0 0 0 0 0 0 0 0 0 0 0 0 0 0 0 
0 0 0 0 0 0 0 0 0 0 0 0 0 0 0 0 0 0 0 0 0 0 0 0 0 0 0 0 0 0 0 0 0 0 0 0 27 12 22 13 
18 14 27 15 0 0 0 0 0 0 0 0 0 0 0 0 0 0 0 0 0 0 0 0 0 0 0 0 0 0 0 0 0 0 0 0 0 0 0 0 
0 0 0 0 30 12 17 17 14 10 30 29 14 18 12 28 30 11 22 21 18 23 13 28 25 21 29 17 23 19 27 13 0 0 0 0 0 0 0 0 
0 0 0 0 0 0 0 0 0 0 0 0 0 0 0 0 28 26 29 22 0 0 0 0 16 13 15 26 0 0 0 0 0 0 0 0 0 0 0 0 
0 0 0 0 0 0 0 0 0 0 0 0 29 30 16 20 0 0 0 0 0 0 0 0 0 0 0 0 0 0 0 0 20 19 10 25 0 0 0 0 
0 0 0 0 0 0 0 0 0 0 0 0 0 0 0 0 0 0 0 0 0 0 0 0 0 0 0 0 0 0 0 0 0 0 0 0 15 24 12 20 
28 18 20 28 0 0 0 0 0 0 0 0 0 0 0 0 0 0 0 0 0 0 0 0 0 0 0 0 0 0 0 0 0 0 0 0 0 0 0 0 
0 0 0 0 25 13 16 25 16 24 30 26 12 21 13 22 19 19 12 14 18 22 26 26 14 10 23 24 24 30 21 22 22 11 24 20 0 0 0 0 
0 0 0 0 0 0 0 0 21 25 17 13 12 29 21 28 0 0 0 0 0 0 0 0 0 0 0 0 0 0 0 0 21 14 30 26 0 0 0 0 
0 0 0 0 29 19 20 30 0 0 0 0 16 29 27 12 0 0 0 0 29 13 18 17 24 24 10 25 16 26 13 10 14 17 16 27 0 0 0 0 
0 0 0 0 0 0 0 0 0 0 0 0 0 0 0 0 0 0 0 0 0 0 0 0 0 0 0 0 0 0 0 0 0 0 0 0 25 29 19 30 
14 10 11 17 0 0 0 0 0 0 0 0 0 0 0 0 0 0 0 0 0 0 0 0 0 0 0 0 0 0 0 0 0 0 0 0 0 0 0 0 
0 0 0 0 13 27 22 27 23 20 28 24 27 29 23 20 25 26 29 25 21 23 14 25 26 22 19 14 30 29 25 12 13 12 14 26 0 0 0 0 
0 0 0 0 30 25 21 21 0 0 0 0 0 0 0 0 24 25 17 11 0 0 0 0 16 20 19 27 18 19 16 20 0 0 0 0 0 0 0 0 
0 0 0 0 0 0 0 0 0 0 0 0 22 29 18 23 0 0 0 0 0 0 0 0 0 0 0 0 0 0 0 0 0 0 0 0 0 0 0 0 
0 0 0 0 0 0 0 0 0 0 0 0 0 0 0 0 0 0 0 0 0 0 0 0 0 0 0 0 0 0 0 0 0 0 0 0 24 26 12 23 
25 13 21 23 0 0 0 0 0 0 0 0 0 0 0 0 0 0 0 0 0 0 0 0 0 0 0 0 0 0 0 0 0 0 0 0 0 0 0 0 
0 0 0 0 0 0 0 0 0 0 0 0 23 26 23 11 0 0 0 0 0 0 0 0 22 12 25 14 21 27 16 19 23 13 29 18 0 0 0 0 
0 0 0 0 0 0 0 0 0 0 0 0 0 0 0 0 0 0 0 0 28 19 29 14 0 0 0 0 23 21 25 24 0 0 0 0 0 0 0 0 
0 0 0 0 28 19 17 21 18 10 24 26 0 0 0 0 20 16 11 27 15 22 30 16 13 19 17 10 18 22 27 23 13 14 27 13 0 0 0 0 
0 0 0 0 0 0 0 0 0 0 0 0 0 0 0 0 0 0 0 0 0 0 0 0 0 0 0 0 0 0 0 0 0 0 0 0 14 11 10 10 
24 24 20 25 0 0 0 0 0 0 0 0 0 0 0 0 0 0 0 0 0 0 0 0 0 0 0 0 0 0 0 0 0 0 0 0 0 0 0 0 
0 0 0 0 0 0 0 0 0 0 0 0 0 0 0 0 0 0 0 0 0 0 0 0 0 0 0 0 0 0 0 0 21 19 26 27 0 0 0 0 
0 0 0 0 13 25 26 17 17 15 12 22 29 30 12 21 21 15 12 13 22 16 11 23 11 29 28 13 26 10 28 13 20 14 14 18 0 0 0 0 
0 0 0 0 0 0 0 0 11 17 26 18 0 0 0 0 28 20 29 20 0 0 0 0 0 0 0 0 11 25 15 25 0 0 0 0 0 0 0 0 
0 0 0 0 0 0 0 0 0 0 0 0 0 0 0 0 0 0 0 0 0 0 0 0 0 0 0 0 0 0 0 0 0 0 0 0 22 24 21 26 
16 22 20 29 0 0 0 0 0 0 0 0 0 0 0 0 0 0 0 0 0 0 0 0 0 0 0 0 0 0 0 0 0 0 0 0 0 0 0 0 
0 0 0 0 0 0 0 0 0 0 0 0 10 23 14 20 0 0 0 0 0 0 0 0 0 0 0 0 0 0 0 0 15 11 22 24 0 0 0 0 
0 0 0 0 16 21 27 30 23 23 19 21 15 22 27 21 30 21 14 10 14 17 13 14 19 30 22 30 26 12 20 12 30 14 23 11 0 0 0 0 
0 0 0 0 24 30 28 22 10 21 11 10 16 24 27 15 14 14 18 27 30 19 22 13 16 26 24 25 12 23 19 22 20 13 17 10 0 0 0 0 
0 0 0 0 0 0 0 0 0 0 0 0 0 0 0 0 0 0 0 0 0 0 0 0 0 0 0 0 0 0 0 0 0 0 0 0 22 19 17 11 
19 11 19 14 0 0 0 0 0 0 0 0 0 0 0 0 0 0 0 0 0 0 0 0 0 0 0 0 0 0 0 0 0 0 0 0 0 0 0 0 
0 0 0 0 10 27 30 16 10 10 12 11 0 0 0 0 0 0 0 0 0 0 0 0 0 0 0 0 0 0 0 0 24 12 30 23 0 0 0 0 
0 0 0 0 0 0 0 0 26 15 29 27 14 10 12 22 0 0 0 0 12 26 10 29 17 11 17 16 27 16 17 25 18 24 17 14 0 0 0 0 
0 0 0 0 13 28 21 12 13 18 28 26 25 19 14 11 0 0 0 0 21 13 21 22 16 15 18 11 11 10 23 16 28 27 27 17 0 0 0 0 
0 0 0 0 0 0 0 0 0 0 0 0 0 0 0 0 0 0 0 0 0 0 0 0 0 0 0 0 0 0 0 0 0 0 0 0 20 29 11 10 
25 28 24 20 0 0 0 0 0 0 0 0 0 0 0 0 0 0 0 0 0 0 0 0 0 0 0 0 0 0 0 0 0 0 0 0 0 0 0 0 
0 0 0 0 0 0 0 0 0 0 0 0 0 0 0 0 0 0 0 0 0 0 0 0 0 0 0 0 27 24 14 30 0 0 0 0 0 0 0 0 
0 0 0 0 30 21 30 24 0 0 0 0 12 27 17 12 28 21 24 12 12 21 20 18 27 17 27 27 14 23 13 25 0 0 0 0 0 0 0 0 
0 0 0 0 0 0 0 0 0 0 0 0 0 0 0 0 0 0 0 0 0 0 0 0 25 19 23 21 16 28 11 12 25 16 29 24 0 0 0 0 
0 0 0 0 0 0 0 0 0 0 0 0 0 0 0 0 0 0 0 0 0 0 0 0 0 0 0 0 0 0 0 0 0 0 0 0 25 30 14 18 
24 23 22 14 0 0 0 0 0 0 0 0 0 0 0 0 0 0 0 0 0 0 0 0 0 0 0 0 0 0 0 0 0 0 0 0 0 0 0 0 
0 0 0 0 0 0 0 0 0 0 0 0 0 0 0 0 14 17 14 10 0 0 0 0 0 0 0 0 11 14 30 11 0 0 0 0 0 0 0 0 
0 0 0 0 16 14 14 14 27 17 10 20 12 10 18 29 16 22 29 20 16 13 19 17 30 29 28 22 26 29 27 20 10 25 20 20 0 0 0 0 
0 0 0 0 0 0 0 0 0 0 0 0 28 17 29 24 0 0 0 0 0 0 0 0 0 0 0 0 0 0 0 0 0 0 0 0 0 0 0 0 
0 0 0 0 0 0 0 0 0 0 0 0 0 0 0 0 0 0 0 0 0 0 0 0 0 0 0 0 0 0 0 0 0 0 0 0 11 16 28 20 
19 26 16 20 0 0 0 0 0 0 0 0 0 0 0 0 0 0 0 0 0 0 0 0 0 0 0 0 0 0 0 0 0 0 0 0 0 0 0 0 
0 0 0 0 26 15 18 23 27 22 19 29 0 0 0 0 23 16 17 15 22 16 12 10 25 13 17 17 10 16 16 30 14 22 25 24 0 0 0 0 
0 0 0 0 20 11 10 22 0 0 0 0 0 0 0 0 17 27 19 27 0 0 0 0 0 0 0 0 12 21 19 19 19 13 24 22 0 0 0 0 
0 0 0 0 0 0 0 0 0 0 0 0 0 0 0 0 0 0 0 0 18 25 22 19 0 0 0 0 29 21 22 27 0 0 0 0 0 0 0 0 
0 0 0 0 0 0 0 0 0 0 0 0 0 0 0 0 0 0 0 0 0 0 0 0 0 0 0 0 0 0 0 0 0 0 0 0 16 25 25 21 
29 24 18 26 0 0 0 0 0 0 0 0 0 0 0 0 0 0 0 0 0 0 0 0 0 0 0 0 0 0 0 0 0 0 0 0 0 0 0 0 
0 0 0 0 19 19 19 20 19 11 18 27 18 14 28 20 27 25 20 26 20 28 26 11 15 12 15 26 29 10 13 20 28 26 22 16 0 0 0 0 
0 0 0 0 0 0 0 0 0 0 0 0 26 23 16 21 0 0 0 0 0 0 0 0 27 16 16 26 13 25 16 23 0 0 0 0 0 0 0 0 
0 0 0 0 0 0 0 0 0 0 0 0 18 21 16 15 28 25 21 27 0 0 0 0 0 0 0 0 0 0 0 0 27 17 30 17 0 0 0 0 
0 0 0 0 0 0 0 0 0 0 0 0 0 0 0 0 0 0 0 0 0 0 0 0 0 0 0 0 0 0 0 0 0 0 0 0 18 23 27 24 
25 22 30 11 0 0 0 0 0 0 0 0 0 0 0 0 0 0 0 0 0 0 0 0 0 0 0 0 0 0 0 0 0 0 0 0 0 0 0 0 
0 0 0 0 28 27 14 11 18 15 14 10 26 28 14 19 10 27 29 12 11 25 11 29 21 20 10 12 29 28 23 20 19 30 15 10 0 0 0 0 
0 0 0 0 0 0 0 0 0 0 0 0 13 15 17 17 0 0 0 0 0 0 0 0 0 0 0 0 0 0 0 0 0 0 0 0 0 0 0 0 
0 0 0 0 13 22 15 17 17 25 15 28 10 18 10 14 10 30 30 27 29 21 18 10 14 25 11 24 10 30 17 23 16 27 26 19 0 0 0 0 
0 0 0 0 0 0 0 0 0 0 0 0 0 0 0 0 0 0 0 0 0 0 0 0 0 0 0 0 0 0 0 0 0 0 0 0 13 13 12 10 
20 13 17 23 0 0 0 0 0 0 0 0 0 0 0 0 0 0 0 0 0 0 0 0 0 0 0 0 0 0 0 0 0 0 0 0 0 0 0 0 
0 0 0 0 21 14 13 18 15 27 13 26 0 0 0 0 28 28 30 15 15 11 15 25 24 18 21 11 25 23 16 28 30 19 18 10 0 0 0 0 
0 0 0 0 0 0 0 0 0 0 0 0 0 0 0 0 24 16 12 22 0 0 0 0 18 14 19 22 27 22 25 29 0 0 0 0 0 0 0 0 
0 0 0 0 0 0 0 0 0 0 0 0 0 0 0 0 26 19 24 26 24 19 26 14 16 12 21 28 19 11 17 20 26 22 20 12 0 0 0 0 
0 0 0 0 0 0 0 0 0 0 0 0 0 0 0 0 0 0 0 0 0 0 0 0 0 0 0 0 0 0 0 0 0 0 0 0 25 28 24 28 
11 23 29 27 0 0 0 0 0 0 0 0 0 0 0 0 0 0 0 0 0 0 0 0 0 0 0 0 0 0 0 0 0 0 0 0 0 0 0 0 
0 0 0 0 12 13 28 17 24 16 10 28 26 12 20 12 22 29 20 12 29 24 27 11 14 16 21 15 10 14 11 13 30 28 26 29 0 0 0 0 
0 0 0 0 11 21 14 25 26 15 15 27 26 18 21 14 27 30 14 16 29 15 27 15 23 17 26 22 0 0 0 0 10 16 25 25 0 0 0 0 
0 0 0 0 0 0 0 0 0 0 0 0 17 23 13 11 0 0 0 0 0 0 0 0 0 0 0 0 0 0 0 0 26 29 20 19 0 0 0 0 
0 0 0 0 0 0 0 0 0 0 0 0 0 0 0 0 0 0 0 0 0 0 0 0 0 0 0 0 0 0 0 0 0 0 0 0 19 10 10 29 
14 29 25 14 0 0 0 0 0 0 0 0 0 0 0 0 0 0 0 0 0 0 0 0 0 0 0 0 0 0 0 0 0 0 0 0 0 0 0 0 
0 0 0 0 0 0 0 0 29 29 29 28 20 12 11 28 23 10 21 15 22 28 13 11 22 30 29 28 0 0 0 0 25 28 13 16 0 0 0 0 
0 0 0 0 11 25 13 28 22 11 17 25 0 0 0 0 16 20 29 30 21 29 17 19 30 13 30 19 15 11 21 27 15 14 16 19 0 0 0 0 
0 0 0 0 15 21 11 14 24 14 19 13 27 10 23 15 16 17 15 15 28 23 19 20 19 13 25 26 22 27 29 13 15 27 12 30 0 0 0 0 
0 0 0 0 0 0 0 0 0 0 0 0 0 0 0 0 0 0 0 0 0 0 0 0 0 0 0 0 0 0 0 0 0 0 0 0 21 15 12 15 
27 25 23 22 0 0 0 0 0 0 0 0 0 0 0 0 0 0 0 0 0 0 0 0 0 0 0 0 0 0 0 0 0 0 0 0 0 0 0 0 
0 0 0 0 25 16 13 17 14 11 22 16 19 18 13 14 15 29 14 11 26 22 22 29 30 20 22 21 27 24 13 30 26 27 19 30 0 0 0 0 
0 0 0 0 0 0 0 0 16 10 11 21 0 0 0 0 12 21 10 23 20 19 22 20 0 0 0 0 19 15 11 15 16 20 24 12 0 0 0 0 
0 0 0 0 0 0 0 0 22 30 21 25 28 10 29 19 0 0 0 0 16 25 16 29 23 16 14 30 0 0 0 0 0 0 0 0 0 0 0 0 
0 0 0 0 0 0 0 0 0 0 0 0 0 0 0 0 0 0 0 0 0 0 0 0 0 0 0 0 0 0 0 0 0 0 0 0 19 15 15 26 
29 10 26 25 0 0 0 0 0 0 0 0 0 0 0 0 0 0 0 0 0 0 0 0 0 0 0 0 0 0 0 0 0 0 0 0 0 0 0 0 
0 0 0 0 0 0 0 0 25 21 24 17 26 29 20 24 0 0 0 0 23 27 27 29 14 17 14 17 27 10 12 26 0 0 0 0 0 0 0 0 
0 0 0 0 28 16 25 26 0 0 0 0 0 0 0 0 0 0 0 0 0 0 0 0 18 12 22 22 0 0 0 0 0 0 0 0 0 0 0 0 
0 0 0 0 0 0 0 0 0 0 0 0 0 0 0 0 0 0 0 0 0 0 0 0 13 20 12 29 10 26 23 19 0 0 0 0 0 0 0 0 
0 0 0 0 0 0 0 0 0 0 0 0 0 0 0 0 0 0 0 0 0 0 0 0 0 0 0 0 0 0 0 0 0 0 0 0 14 26 23 21 
25 13 26 25 0 0 0 0 0 0 0 0 0 0 0 0 0 0 0 0 0 0 0 0 0 0 0 0 0 0 0 0 0 0 0 0 0 0 0 0 
0 0 0 0 27 20 24 10 23 24 13 20 0 0 0 0 0 0 0 0 0 0 0 0 0 0 0 0 11 25 26 27 0 0 0 0 0 0 0 0 
0 0 0 0 21 11 23 29 0 0 0 0 0 0 0 0 0 0 0 0 30 10 24 22 29 29 30 29 25 14 19 14 30 16 25 16 0 0 0 0 
0 0 0 0 0 0 0 0 0 0 0 0 0 0 0 0 0 0 0 0 0 0 0 0 0 0 0 0 11 21 29 12 0 0 0 0 0 0 0 0 
0 0 0 0 0 0 0 0 0 0 0 0 0 0 0 0 0 0 0 0 0 0 0 0 0 0 0 0 0 0 0 0 0 0 0 0 22 12 15 19 
19 20 11 28 0 0 0 0 0 0 0 0 0 0 0 0 0 0 0 0 0 0 0 0 0 0 0 0 0 0 0 0 0 0 0 0 0 0 0 0 
0 0 0 0 13 20 21 20 29 22 27 18 0 0 0 0 25 17 17 13 28 14 22 16 13 20 23 30 0 0 0 0 24 30 17 27 0 0 0 0 
0 0 0 0 0 0 0 0 23 10 14 27 18 25 18 21 0 0 0 0 0 0 0 0 0 0 0 0 0 0 0 0 0 0 0 0 0 0 0 0 
0 0 0 0 0 0 0 0 27 10 12 17 11 25 14 10 12 27 30 17 0 0 0 0 0 0 0 0 25 11 17 20 19 25 25 29 0 0 0 0 
0 0 0 0 0 0 0 0 0 0 0 0 0 0 0 0 0 0 0 0 0 0 0 0 0 0 0 0 0 0 0 0 0 0 0 0 30 28 19 20 
27 29 16 22 0 0 0 0 0 0 0 0 0 0 0 0 0 0 0 0 0 0 0 0 0 0 0 0 0 0 0 0 0 0 0 0 0 0 0 0 
0 0 0 0 0 0 0 0 0 0 0 0 0 0 0 0 0 0 0 0 0 0 0 0 27 25 18 25 0 0 0 0 0 0 0 0 0 0 0 0 
0 0 0 0 0 0 0 0 0 0 0 0 0 0 0 0 0 0 0 0 0 0 0 0 0 0 0 0 28 25 28 12 0 0 0 0 0 0 0 0 
0 0 0 0 0 0 0 0 29 23 27 13 14 27 13 15 0 0 0 0 0 0 0 0 16 13 29 17 0 0 0 0 0 0 0 0 0 0 0 0 
0 0 0 0 0 0 0 0 0 0 0 0 0 0 0 0 0 0 0 0 0 0 0 0 0 0 0 0 0 0 0 0 0 0 0 0 29 24 21 25 
11 30 13 14 0 0 0 0 0 0 0 0 0 0 0 0 0 0 0 0 0 0 0 0 0 0 0 0 0 0 0 0 0 0 0 0 0 0 0 0 
0 0 0 0 25 27 27 12 23 22 11 24 22 28 21 15 0 0 0 0 29 11 16 12 18 29 18 28 11 20 15 28 20 22 29 18 0 0 0 0 
0 0 0 0 0 0 0 0 22 16 25 27 0 0 0 0 21 24 17 10 0 0 0 0 0 0 0 0 0 0 0 0 0 0 0 0 0 0 0 0 
0 0 0 0 17 11 27 28 10 28 15 19 17 30 20 26 26 30 10 14 27 29 27 26 15 21 18 27 26 24 29 20 29 30 17 23 0 0 0 0 
0 0 0 0 0 0 0 0 0 0 0 0 0 0 0 0 0 0 0 0 0 0 0 0 0 0 0 0 0 0 0 0 0 0 0 0 22 10 17 21 
19 28 29 15 0 0 0 0 0 0 0 0 0 0 0 0 0 0 0 0 0 0 0 0 0 0 0 0 0 0 0 0 0 0 0 0 0 0 0 0 
0 0 0 0 20 23 14 13 18 21 30 29 11 24 12 28 0 0 0 0 19 14 23 12 10 18 10 23 24 11 27 18 30 11 21 17 0 0 0 0 
0 0 0 0 0 0 0 0 23 15 25 24 0 0 0 0 0 0 0 0 0 0 0 0 0 0 0 0 0 0 0 0 0 0 0 0 0 0 0 0 
0 0 0 0 0 0 0 0 29 11 22 15 0 0 0 0 0 0 0 0 0 0 0 0 0 0 0 0 21 15 19 11 12 18 14 22 0 0 0 0 
0 0 0 0 0 0 0 0 0 0 0 0 0 0 0 0 0 0 0 0 0 0 0 0 0 0 0 0 0 0 0 0 0 0 0 0 13 28 21 29 
15 21 28 22 0 0 0 0 0 0 0 0 0 0 0 0 0 0 0 0 0 0 0 0 0 0 0 0 0 0 0 0 0 0 0 0 0 0 0 0 
0 0 0 0 0 0 0 0 0 0 0 0 0 0 0 0 0 0 0 0 0 0 0 0 19 21 23 30 0 0 0 0 0 0 0 0 0 0 0 0 
0 0 0 0 24 21 18 20 24 29 27 10 14 30 20 23 22 28 21 28 19 26 30 26 26 10 19 27 29 13 29 14 20 10 26 13 0 0 0 0 
0 0 0 0 0 0 0 0 0 0 0 0 0 0 0 0 0 0 0 0 0 0 0 0 0 0 0 0 23 29 14 20 22 23 14 29 0 0 0 0 
0 0 0 0 0 0 0 0 0 0 0 0 0 0 0 0 0 0 0 0 0 0 0 0 0 0 0 0 0 0 0 0 0 0 0 0 13 10 15 28 
21 15 11 12 0 0 0 0 0 0 0 0 0 0 0 0 0 0 0 0 0 0 0 0 0 0 0 0 0 0 0 0 0 0 0 0 0 0 0 0 
0 0 0 0 0 0 0 0 0 0 0 0 0 0 0 0 0 0 0 0 15 18 23 29 0 0 0 0 0 0 0 0 0 0 0 0 0 0 0 0 
0 0 0 0 0 0 0 0 24 23 30 15 0 0 0 0 20 18 30 11 0 0 0 0 0 0 0 0 27 21 10 14 13 30 25 21 0 0 0 0 
0 0 0 0 17 24 20 16 20 13 11 17 0 0 0 0 21 13 13 11 12 17 11 16 0 0 0 0 17 27 23 18 0 0 0 0 0 0 0 0 
0 0 0 0 0 0 0 0 0 0 0 0 0 0 0 0 0 0 0 0 0 0 0 0 0 0 0 0 0 0 0 0 0 0 0 0 28 16 12 18 
22 30 18 12 0 0 0 0 0 0 0 0 0 0 0 0 0 0 0 0 0 0 0 0 0 0 0 0 0 0 0 0 0 0 0 0 0 0 0 0 
0 0 0 0 14 22 11 12 20 12 22 21 0 0 0 0 14 21 17 13 17 24 20 15 0 0 0 0 19 29 21 11 0 0 0 0 0 0 0 0 
0 0 0 0 0 0 0 0 0 0 0 0 0 0 0 0 18 16 17 12 30 14 13 25 0 0 0 0 0 0 0 0 0 0 0 0 0 0 0 0 
0 0 0 0 0 0 0 0 17 18 20 13 0 0 0 0 26 14 10 25 11 19 22 17 14 13 23 24 0 0 0 0 29 17 15 27 0 0 0 0 
0 0 0 0 0 0 0 0 0 0 0 0 0 0 0 0 0 0 0 0 0 0 0 0 0 0 0 0 0 0 0 0 0 0 0 0 20 19 24 27 
10 15 28 17 0 0 0 0 0 0 0 0 0 0 0 0 0 0 0 0 0 0 0 0 0 0 0 0 0 0 0 0 0 0 0 0 0 0 0 0 
0 0 0 0 0 0 0 0 10 27 26 27 0 0 0 0 25 18 16 10 14 18 16 19 16 26 28 12 0 0 0 0 0 0 0 0 0 0 0 0 
0 0 0 0 0 0 0 0 12 14 25 22 0 0 0 0 20 24 14 29 0 0 0 0 0 0 0 0 0 0 0 0 0 0 0 0 0 0 0 0 
0 0 0 0 16 23 24 13 24 21 18 19 29 10 21 14 15 14 13 16 20 20 13 30 30 18 10 11 18 14 30 29 15 13 26 26 0 0 0 0 
0 0 0 0 0 0 0 0 0 0 0 0 0 0 0 0 0 0 0 0 0 0 0 0 0 0 0 0 0 0 0 0 0 0 0 0 22 14 24 21 
16 23 25 12 0 0 0 0 0 0 0 0 0 0 0 0 0 0 0 0 0 0 0 0 0 0 0 0 0 0 0 0 0 0 0 0 0 0 0 0 
0 0 0 0 0 0 0 0 0 0 0 0 23 26 16 28 0 0 0 0 0 0 0 0 0 0 0 0 0 0 0 0 0 0 0 0 0 0 0 0 
0 0 0 0 0 0 0 0 13 23 16 19 0 0 0 0 28 29 24 16 0 0 0 0 16 26 12 21 27 30 24 28 0 0 0 0 0 0 0 0 
0 0 0 0 0 0 0 0 20 27 20 28 0 0 0 0 25 10 13 17 17 10 29 27 0 0 0 0 0 0 0 0 0 0 0 0 0 0 0 0 
0 0 0 0 0 0 0 0 0 0 0 0 0 0 0 0 0 0 0 0 0 0 0 0 0 0 0 0 0 0 0 0 0 0 0 0 24 26 14 24 
22 20 27 16 0 0 0 0 0 0 0 0 0 0 0 0 0 0 0 0 0 0 0 0 0 0 0 0 0 0 0 0 0 0 0 0 0 0 0 0 
0 0 0 0 0 0 0 0 0 0 0 0 0 0 0 0 0 0 0 0 18 11 17 23 0 0 0 0 0 0 0 0 0 0 0 0 0 0 0 0 
0 0 0 0 12 15 12 21 23 10 12 26 0 0 0 0 0 0 0 0 11 14 30 29 28 15 24 21 13 22 17 21 22 26 25 24 0 0 0 0 
0 0 0 0 0 0 0 0 28 16 13 29 11 25 13 17 0 0 0 0 0 0 0 0 27 18 18 27 14 27 27 30 15 17 10 12 0 0 0 0 
0 0 0 0 0 0 0 0 0 0 0 0 0 0 0 0 0 0 0 0 0 0 0 0 0 0 0 0 0 0 0 0 0 0 0 0 11 17 24 30 
11 11 15 19 0 0 0 0 0 0 0 0 0 0 0 0 0 0 0 0 0 0 0 0 0 0 0 0 0 0 0 0 0 0 0 0 0 0 0 0 
0 0 0 0 0 0 0 0 27 24 21 22 29 19 26 27 0 0 0 0 27 20 27 26 25 17 16 25 0 0 0 0 22 21 23 24 0 0 0 0 
0 0 0 0 19 17 26 27 0 0 0 0 20 18 10 24 0 0 0 0 0 0 0 0 25 11 20 28 10 15 17 20 0 0 0 0 0 0 0 0 
0 0 0 0 0 0 0 0 10 15 26 27 16 29 13 23 25 23 10 11 16 13 16 19 30 15 28 30 10 13 17 15 10 22 16 14 0 0 0 0 
0 0 0 0 0 0 0 0 0 0 0 0 0 0 0 0 0 0 0 0 0 0 0 0 0 0 0 0 0 0 0 0 0 0 0 0 24 20 27 30 
11 12 11 12 0 0 0 0 0 0 0 0 0 0 0 0 0 0 0 0 0 0 0 0 0 0 0 0 0 0 0 0 0 0 0 0 0 0 0 0 
0 0 0 0 0 0 0 0 30 24 30 18 23 26 14 16 21 21 27 12 0 0 0 0 17 19 14 23 12 13 19 17 10 21 25 26 0 0 0 0 
0 0 0 0 24 23 11 22 27 25 13 14 17 17 17 14 16 30 25 28 13 26 25 30 30 18 14 16 22 15 21 20 0 0 0 0 0 0 0 0 
0 0 0 0 10 12 27 16 28 28 24 10 0 0 0 0 30 16 11 16 21 23 28 24 27 26 11 28 19 19 16 16 27 19 12 18 0 0 0 0 
0 0 0 0 0 0 0 0 0 0 0 0 0 0 0 0 0 0 0 0 0 0 0 0 0 0 0 0 0 0 0 0 0 0 0 0 22 23 25 27 
16 12 28 11 0 0 0 0 0 0 0 0 0 0 0 0 0 0 0 0 0 0 0 0 0 0 0 0 0 0 0 0 0 0 0 0 0 0 0 0 
0 0 0 0 0 0 0 0 14 25 17 26 0 0 0 0 0 0 0 0 0 0 0 0 0 0 0 0 0 0 0 0 21 18 16 24 0 0 0 0 
0 0 0 0 19 17 13 21 19 22 13 28 14 30 30 22 0 0 0 0 18 10 14 28 23 15 28 26 24 12 24 10 0 0 0 0 0 0 0 0 
0 0 0 0 0 0 0 0 12 26 21 17 0 0 0 0 0 0 0 0 0 0 0 0 14 16 21 16 0 0 0 0 0 0 0 0 0 0 0 0 
0 0 0 0 0 0 0 0 0 0 0 0 0 0 0 0 0 0 0 0 0 0 0 0 0 0 0 0 0 0 0 0 0 0 0 0 15 10 22 16 
17 13 20 29 0 0 0 0 0 0 0 0 0 0 0 0 0 0 0 0 0 0 0 0 0 0 0 0 0 0 0 0 0 0 0 0 0 0 0 0 
0 0 0 0 20 30 26 20 0 0 0 0 0 0 0 0 0 0 0 0 0 0 0 0 0 0 0 0 0 0 0 0 0 0 0 0 0 0 0 0 
0 0 0 0 0 0 0 0 0 0 0 0 0 0 0 0 0 0 0 0 29 19 10 15 0 0 0 0 0 0 0 0 0 0 0 0 0 0 0 0 
0 0 0 0 0 0 0 0 0 0 0 0 27 15 11 13 0 0 0 0 0 0 0 0 0 0 0 0 0 0 0 0 0 0 0 0 0 0 0 0 
0 0 0 0 0 0 0 0 0 0 0 0 0 0 0 0 0 0 0 0 0 0 0 0 0 0 0 0 0 0 0 0 0 0 0 0 10 27 28 16 
23 28 15 10 0 0 0 0 0 0 0 0 0 0 0 0 0 0 0 0 0 0 0 0 0 0 0 0 0 0 0 0 0 0 0 0 0 0 0 0 
0 0 0 0 0 0 0 0 26 29 27 20 0 0 0 0 18 20 17 11 0 0 0 0 0 0 0 0 0 0 0 0 0 0 0 0 0 0 0 0 
0 0 0 0 0 0 0 0 0 0 0 0 0 0 0 0 0 0 0 0 13 22 11 26 0 0 0 0 27 12 23 13 0 0 0 0 0 0 0 0 
0 0 0 0 0 0 0 0 30 23 23 16 0 0 0 0 12 18 21 11 18 26 26 13 24 30 15 20 16 25 27 27 0 0 0 0 0 0 0 0 
0 0 0 0 0 0 0 0 0 0 0 0 0 0 0 0 0 0 0 0 0 0 0 0 0 0 0 0 0 0 0 0 0 0 0 0 17 25 16 27 
27 20 15 10 0 0 0 0 0 0 0 0 0 0 0 0 0 0 0 0 0 0 0 0 0 0 0 0 0 0 0 0 0 0 0 0 0 0 0 0 
0 0 0 0 28 14 25 13 18 25 28 10 0 0 0 0 25 15 12 27 26 20 11 11 0 0 0 0 30 27 10 28 27 18 19 22 0 0 0 0 
0 0 0 0 0 0 0 0 0 0 0 0 29 30 13 27 0 0 0 0 0 0 0 0 27 28 29 25 0 0 0 0 0 0 0 0 0 0 0 0 
0 0 0 0 19 26 19 13 25 10 15 12 30 10 10 17 21 17 14 22 27 20 15 17 27 16 28 29 21 21 18 10 19 15 11 23 0 0 0 0 
0 0 0 0 0 0 0 0 0 0 0 0 0 0 0 0 0 0 0 0 0 0 0 0 0 0 0 0 0 0 0 0 0 0 0 0 24 20 19 29 
18 22 28 27 0 0 0 0 0 0 0 0 0 0 0 0 0 0 0 0 0 0 0 0 0 0 0 0 0 0 0 0 0 0 0 0 0 0 0 0 
0 0 0 0 0 0 0 0 0 0 0 0 12 17 16 25 0 0 0 0 0 0 0 0 0 0 0 0 0 0 0 0 0 0 0 0 0 0 0 0 
0 0 0 0 0 0 0 0 18 27 28 25 0 0 0 0 0 0 0 0 0 0 0 0 0 0 0 0 0 0 0 0 0 0 0 0 0 0 0 0 
0 0 0 0 0 0 0 0 0 0 0 0 0 0 0 0 27 27 28 22 0 0 0 0 0 0 0 0 0 0 0 0 0 0 0 0 0 0 0 0 
0 0 0 0 0 0 0 0 0 0 0 0 0 0 0 0 0 0 0 0 0 0 0 0 0 0 0 0 0 0 0 0 0 0 0 0 10 10 14 26 
11 11 28 21 0 0 0 0 0 0 0 0 0 0 0 0 0 0 0 0 0 0 0 0 0 0 0 0 0 0 0 0 0 0 0 0 0 0 0 0 
0 0 0 0 17 26 11 24 28 20 29 24 0 0 0 0 27 27 24 26 19 24 14 26 23 29 11 24 0 0 0 0 0 0 0 0 0 0 0 0 
0 0 0 0 24 26 24 12 16 21 19 22 24 10 18 12 18 25 29 20 30 26 11 30 21 30 16 14 11 10 21 30 24 10 27 29 0 0 0 0 
0 0 0 0 27 28 10 19 19 10 20 13 0 0 0 0 0 0 0 0 0 0 0 0 0 0 0 0 0 0 0 0 0 0 0 0 0 0 0 0 
0 0 0 0 0 0 0 0 0 0 0 0 0 0 0 0 0 0 0 0 0 0 0 0 0 0 0 0 0 0 0 0 0 0 0 0 25 22 29 22 
29 17 16 24 0 0 0 0 0 0 0 0 0 0 0 0 0 0 0 0 0 0 0 0 0 0 0 0 0 0 0 0 0 0 0 0 0 0 0 0 
0 0 0 0 25 10 21 13 11 26 21 23 0 0 0 0 0 0 0 0 0 0 0 0 22 26 30 21 0 0 0 0 0 0 0 0 0 0 0 0 
0 0 0 0 0 0 0 0 0 0 0 0 18 29 13 28 0 0 0 0 0 0 0 0 0 0 0 0 0 0 0 0 14 26 22 22 0 0 0 0 
0 0 0 0 17 18 18 18 0 0 0 0 26 28 30 29 19 19 11 22 13 10 17 11 19 16 22 13 18 15 19 27 0 0 0 0 0 0 0 0 
0 0 0 0 0 0 0 0 0 0 0 0 0 0 0 0 0 0 0 0 0 0 0 0 0 0 0 0 0 0 0 0 0 0 0 0 18 22 23 10 
30 27 26 21 0 0 0 0 0 0 0 0 0 0 0 0 0 0 0 0 0 0 0 0 0 0 0 0 0 0 0 0 0 0 0 0 0 0 0 0 
0 0 0 0 20 16 20 23 20 16 30 13 21 27 10 27 27 23 11 18 24 23 23 22 0 0 0 0 16 28 16 12 0 0 0 0 0 0 0 0 
0 0 0 0 0 0 0 0 0 0 0 0 0 0 0 0 0 0 0 0 24 26 29 23 0 0 0 0 18 11 14 19 0 0 0 0 0 0 0 0 
0 0 0 0 18 25 15 29 30 28 27 20 20 23 17 16 0 0 0 0 17 13 29 27 28 24 29 13 0 0 0 0 0 0 0 0 0 0 0 0 
0 0 0 0 0 0 0 0 0 0 0 0 0 0 0 0 0 0 0 0 0 0 0 0 0 0 0 0 0 0 0 0 0 0 0 0 13 22 17 19 
20 24 24 26 0 0 0 0 0 0 0 0 0 0 0 0 0 0 0 0 0 0 0 0 0 0 0 0 0 0 0 0 0 0 0 0 0 0 0 0 
0 0 0 0 0 0 0 0 0 0 0 0 0 0 0 0 0 0 0 0 11 24 15 22 0 0 0 0 0 0 0 0 0 0 0 0 0 0 0 0 
0 0 0 0 30 26 23 25 21 11 15 25 13 14 15 29 26 22 30 23 26 26 23 13 10 10 23 13 14 26 23 10 14 11 27 28 0 0 0 0 
0 0 0 0 0 0 0 0 0 0 0 0 0 0 0 0 0 0 0 0 0 0 0 0 0 0 0 0 20 17 23 17 0 0 0 0 0 0 0 0 
0 0 0 0 0 0 0 0 0 0 0 0 0 0 0 0 0 0 0 0 0 0 0 0 0 0 0 0 0 0 0 0 0 0 0 0 11 30 16 17 
19 30 22 20 0 0 0 0 0 0 0 0 0 0 0 0 0 0 0 0 0 0 0 0 0 0 0 0 0 0 0 0 0 0 0 0 0 0 0 0 
0 0 0 0 15 29 23 21 25 24 29 16 24 13 14 29 0 0 0 0 21 20 10 24 23 30 17 23 18 17 29 15 18 23 11 26 0 0 0 0 
0 0 0 0 13 20 16 23 25 11 14 21 28 10 25 12 23 20 22 22 22 23 25 22 0 0 0 0 0 0 0 0 23 29 22 11 0 0 0 0 
0 0 0 0 0 0 0 0 0 0 0 0 0 0 0 0 18 30 11 21 17 15 18 20 0 0 0 0 0 0 0 0 11 20 15 25 0 0 0 0 
0 0 0 0 0 0 0 0 0 0 0 0 0 0 0 0 0 0 0 0 0 0 0 0 0 0 0 0 0 0 0 0 0 0 0 0 22 19 25 27 
12 19 29 26 0 0 0 0 0 0 0 0 0 0 0 0 0 0 0 0 0 0 0 0 0 0 0 0 0 0 0 0 0 0 0 0 0 0 0 0 
0 0 0 0 0 0 0 0 0 0 0 0 0 0 0 0 0 0 0 0 29 18 15 17 0 0 0 0 0 0 0 0 0 0 0 0 0 0 0 0 
0 0 0 0 30 13 15 30 0 0 0 0 14 26 14 20 21 17 28 16 30 22 22 11 10 16 30 13 15 22 19 17 15 29 17 28 0 0 0 0 
0 0 0 0 18 26 26 18 13 28 20 20 12 21 24 10 0 0 0 0 26 11 13 11 0 0 0 0 0 0 0 0 0 0 0 0 0 0 0 0 
0 0 0 0 0 0 0 0 0 0 0 0 0 0 0 0 0 0 0 0 0 0 0 0 0 0 0 0 0 0 0 0 0 0 0 0 14 13 20 29 
21 13 30 29 0 0 0 0 0 0 0 0 0 0 0 0 0 0 0 0 0 0 0 0 0 0 0 0 0 0 0 0 0 0 0 0 0 0 0 0 
0 0 0 0 17 24 25 15 18 21 19 21 0 0 0 0 0 0 0 0 29 24 29 24 13 14 17 25 0 0 0 0 15 18 30 12 0 0 0 0 
0 0 0 0 27 29 19 16 23 23 29 26 14 11 19 11 19 16 14 27 27 10 16 22 16 10 13 23 22 15 14 12 12 11 10 17 0 0 0 0 
0 0 0 0 0 0 0 0 0 0 0 0 13 13 20 22 0 0 0 0 21 30 22 11 19 11 19 29 28 18 10 24 0 0 0 0 0 0 0 0 
0 0 0 0 0 0 0 0 0 0 0 0 0 0 0 0 0 0 0 0 0 0 0 0 0 0 0 0 0 0 0 0 0 0 0 0 30 24 17 11 
14 30 10 29 0 0 0 0 0 0 0 0 0 0 0 0 0 0 0 0 0 0 0 0 0 0 0 0 0 0 0 0 0 0 0 0 0 0 0 0 
0 0 0 0 0 0 0 0 0 0 0 0 0 0 0 0 21 30 14 18 0 0 0 0 0 0 0 0 0 0 0 0 0 0 0 0 0 0 0 0 
0 0 0 0 13 24 12 29 14 12 23 16 28 17 16 21 17 23 27 13 26 14 11 12 21 26 20 10 29 25 25 15 27 18 27 27 0 0 0 0 
0 0 0 0 15 22 29 23 25 30 11 27 0 0 0 0 17 18 24 12 0 0 0 0 0 0 0 0 0 0 0 0 29 22 30 15 0 0 0 0 
0 0 0 0 0 0 0 0 0 0 0 0 0 0 0 0 0 0 0 0 0 0 0 0 0 0 0 0 0 0 0 0 0 0 0 0 13 15 26 26 
13 22 13 18 0 0 0 0 0 0 0 0 0 0 0 0 0 0 0 0 0 0 0 0 0 0 0 0 0 0 0 0 0 0 0 0 0 0 0 0 
0 0 0 0 0 0 0 0 28 17 17 11 0 0 0 0 0 0 0 0 0 0 0 0 0 0 0 0 0 0 0 0 0 0 0 0 0 0 0 0 
0 0 0 0 24 16 23 10 27 13 27 25 19 28 19 14 17 26 15 18 18 12 16 25 0 0 0 0 29 15 14 16 19 12 24 16 0 0 0 0 
0 0 0 0 21 16 28 22 13 30 25 23 0 0 0 0 0 0 0 0 0 0 0 0 0 0 0 0 19 28 29 27 0 0 0 0 0 0 0 0 
0 0 0 0 0 0 0 0 0 0 0 0 0 0 0 0 0 0 0 0 0 0 0 0 0 0 0 0 0 0 0 0 0 0 0 0 26 27 29 11 
18 19 26 21 0 0 0 0 0 0 0 0 0 0 0 0 0 0 0 0 0 0 0 0 0 0 0 0 0 0 0 0 0 0 0 0 0 0 0 0 
0 0 0 0 0 0 0 0 0 0 0 0 0 0 0 0 0 0 0 0 0 0 0 0 0 0 0 0 0 0 0 0 10 24 14 19 0 0 0 0 
0 0 0 0 17 15 25 13 11 23 19 28 27 12 12 10 14 23 20 26 29 22 15 26 26 14 23 19 16 18 28 26 12 21 14 23 0 0 0 0 
0 0 0 0 10 27 24 13 28 15 13 10 0 0 0 0 11 18 14 12 0 0 0 0 0 0 0 0 19 25 13 11 0 0 0 0 0 0 0 0 
0 0 0 0 0 0 0 0 0 0 0 0 0 0 0 0 0 0 0 0 0 0 0 0 0 0 0 0 0 0 0 0 0 0 0 0 18 17 13 23 
18 26 13 18 0 0 0 0 0 0 0 0 0 0 0 0 0 0 0 0 0 0 0 0 0 0 0 0 0 0 0 0 0 0 0 0 0 0 0 0 
0 0 0 0 12 18 15 11 24 19 13 28 0 0 0 0 14 17 17 21 0 0 0 0 0 0 0 0 11 21 30 29 18 15 25 22 0 0 0 0 
0 0 0 0 0 0 0 0 0 0 0 0 16 14 25 23 12 28 13 29 0 0 0 0 10 14 16 14 0 0 0 0 10 20 11 21 0 0 0 0 
0 0 0 0 29 24 25 17 26 18 10 18 22 10 28 27 29 12 26 25 16 27 14 13 17 20 29 28 10 20 25 30 21 17 28 16 0 0 0 0 
0 0 0 0 0 0 0 0 0 0 0 0 0 0 0 0 0 0 0 0 0 0 0 0 0 0 0 0 0 0 0 0 0 0 0 0 15 14 24 22 
27 17 25 19 0 0 0 0 0 0 0 0 0 0 0 0 0 0 0 0 0 0 0 0 0 0 0 0 0 0 0 0 0 0 0 0 0 0 0 0 
0 0 0 0 20 26 19 29 0 0 0 0 0 0 0 0 29 19 22 26 0 0 0 0 12 14 29 22 0 0 0 0 0 0 0 0 0 0 0 0 
0 0 0 0 0 0 0 0 0 0 0 0 13 11 13 15 0 0 0 0 0 0 0 0 0 0 0 0 10 13 24 27 0 0 0 0 0 0 0 0 
0 0 0 0 27 29 21 20 0 0 0 0 27 23 27 28 21 14 27 12 17 17 11 27 18 26 21 21 30 12 17 29 16 28 18 11 0 0 0 0 
0 0 0 0 0 0 0 0 0 0 0 0 0 0 0 0 0 0 0 0 0 0 0 0 0 0 0 0 0 0 0 0 0 0 0 0 26 23 28 16 
12 24 22 10 0 0 0 0 0 0 0 0 0 0 0 0 0 0 0 0 0 0 0 0 0 0 0 0 0 0 0 0 0 0 0 0 0 0 0 0 
0 0 0 0 0 0 0 0 0 0 0 0 0 0 0 0 0 0 0 0 25 14 13 26 0 0 0 0 0 0 0 0 0 0 0 0 0 0 0 0 
0 0 0 0 30 24 14 21 0 0 0 0 10 25 23 29 0 0 0 0 12 25 24 21 0 0 0 0 22 15 24 11 0 0 0 0 0 0 0 0 
0 0 0 0 27 22 18 18 30 12 10 14 12 22 21 26 27 11 10 15 19 19 18 19 16 18 21 27 14 24 26 26 15 20 18 29 0 0 0 0 
0 0 0 0 0 0 0 0 0 0 0 0 0 0 0 0 0 0 0 0 0 0 0 0 0 0 0 0 0 0 0 0 0 0 0 0 18 13 20 16 
24 15 10 14 0 0 0 0 0 0 0 0 0 0 0 0 0 0 0 0 0 0 0 0 0 0 0 0 0 0 0 0 0 0 0 0 0 0 0 0 
0 0 0 0 16 16 30 18 0 0 0 0 0 0 0 0 14 11 17 30 0 0 0 0 13 16 19 20 11 27 12 19 21 20 18 19 0 0 0 0 
0 0 0 0 28 27 24 22 0 0 0 0 28 23 27 10 21 12 28 23 0 0 0 0 14 15 23 19 0 0 0 0 0 0 0 0 0 0 0 0 
0 0 0 0 13 19 24 19 29 13 21 30 29 10 15 28 13 10 27 17 16 29 27 21 12 23 15 29 16 21 20 18 14 16 23 25 0 0 0 0 
0 0 0 0 0 0 0 0 0 0 0 0 0 0 0 0 0 0 0 0 0 0 0 0 0 0 0 0 0 0 0 0 0 0 0 0 11 15 13 25 
25 11 24 17 0 0 0 0 0 0 0 0 0 0 0 0 0 0 0 0 0 0 0 0 0 0 0 0 0 0 0 0 0 0 0 0 0 0 0 0 
0 0 0 0 0 0 0 0 12 28 11 24 22 24 30 12 19 15 10 27 30 13 30 14 14 29 12 30 25 16 16 27 13 20 17 25 0 0 0 0 
0 0 0 0 21 21 24 10 0 0 0 0 21 26 14 27 22 28 13 28 0 0 0 0 24 21 27 27 23 27 15 16 0 0 0 0 0 0 0 0 
0 0 0 0 18 19 15 24 10 28 10 15 17 24 15 19 27 10 26 17 28 12 22 20 13 21 14 20 21 26 13 14 18 11 26 16 0 0 0 0 
0 0 0 0 0 0 0 0 0 0 0 0 0 0 0 0 0 0 0 0 0 0 0 0 0 0 0 0 0 0 0 0 0 0 0 0 27 28 29 19 
20 23 21 12 0 0 0 0 0 0 0 0 0 0 0 0 0 0 0 0 0 0 0 0 0 0 0 0 0 0 0 0 0 0 0 0 0 0 0 0 
0 0 0 0 0 0 0 0 21 23 22 14 13 17 16 11 16 15 15 26 12 29 14 18 0 0 0 0 0 0 0 0 30 10 29 13 0 0 0 0 
0 0 0 0 12 26 21 22 29 24 20 13 0 0 0 0 15 13 10 15 30 13 21 13 0 0 0 0 26 19 25 23 25 10 17 20 0 0 0 0 
0 0 0 0 0 0 0 0 0 0 0 0 20 15 12 22 0 0 0 0 14 27 13 28 0 0 0 0 0 0 0 0 0 0 0 0 0 0 0 0 
0 0 0 0 0 0 0 0 0 0 0 0 0 0 0 0 0 0 0 0 0 0 0 0 0 0 0 0 0 0 0 0 0 0 0 0 20 23 27 22 
14 25 13 29 0 0 0 0 0 0 0 0 0 0 0 0 0 0 0 0 0 0 0 0 0 0 0 0 0 0 0 0 0 0 0 0 0 0 0 0 
0 0 0 0 20 23 13 16 14 17 16 21 12 20 19 26 13 22 24 29 26 30 13 24 20 30 27 23 24 11 27 14 10 22 18 11 0 0 0 0 
0 0 0 0 10 10 15 13 0 0 0 0 25 20 11 19 0 0 0 0 16 27 25 13 12 26 28 27 14 26 21 24 10 19 27 19 0 0 0 0 
0 0 0 0 23 28 25 19 23 15 30 14 24 21 13 27 24 22 23 19 28 25 27 10 30 23 10 12 13 12 26 17 19 15 18 17 0 0 0 0 
0 0 0 0 0 0 0 0 0 0 0 0 0 0 0 0 0 0 0 0 0 0 0 0 0 0 0 0 0 0 0 0 0 0 0 0 21 15 16 13 
14 11 20 11 0 0 0 0 0 0 0 0 0 0 0 0 0 0 0 0 0 0 0 0 0 0 0 0 0 0 0 0 0 0 0 0 0 0 0 0 
0 0 0 0 0 0 0 0 26 26 21 23 0 0 0 0 10 11 29 30 19 14 18 10 29 26 17 12 0 0 0 0 25 15 17 29 0 0 0 0 
0 0 0 0 12 22 25 16 14 12 17 27 0 0 0 0 0 0 0 0 10 13 24 13 0 0 0 0 26 10 11 23 24 30 10 27 0 0 0 0 
0 0 0 0 26 21 15 21 28 26 26 15 17 14 17 16 18 24 25 19 21 23 29 30 0 0 0 0 14 18 21 23 0 0 0 0 0 0 0 0 
0 0 0 0 0 0 0 0 0 0 0 0 0 0 0 0 0 0 0 0 0 0 0 0 0 0 0 0 0 0 0 0 0 0 0 0 14 28 13 18 
30 21 14 30 0 0 0 0 0 0 0 0 0 0 0 0 0 0 0 0 0 0 0 0 0 0 0 0 0 0 0 0 0 0 0 0 0 0 0 0 
0 0 0 0 17 17 26 23 28 27 15 15 28 23 19 30 15 20 12 22 29 13 15 23 25 18 19 22 27 11 17 25 26 10 26 12 0 0 0 0 
0 0 0 0 10 21 15 27 10 16 19 20 10 13 26 14 16 27 22 29 24 14 10 17 26 12 28 28 29 12 26 29 20 23 26 15 0 0 0 0 
0 0 0 0 0 0 0 0 0 0 0 0 0 0 0 0 0 0 0 0 24 12 30 12 0 0 0 0 0 0 0 0 0 0 0 0 0 0 0 0 
0 0 0 0 0 0 0 0 0 0 0 0 0 0 0 0 0 0 0 0 0 0 0 0 0 0 0 0 0 0 0 0 0 0 0 0 29 29 13 13 
27 11 16 11 0 0 0 0 0 0 0 0 0 0 0 0 0 0 0 0 0 0 0 0 0 0 0 0 0 0 0 0 0 0 0 0 0 0 0 0 
0 0 0 0 0 0 0 0 0 0 0 0 0 0 0 0 0 0 0 0 30 24 22 18 0 0 0 0 0 0 0 0 0 0 0 0 0 0 0 0 
0 0 0 0 26 25 26 20 22 19 28 22 0 0 0 0 0 0 0 0 25 23 20 12 0 0 0 0 0 0 0 0 0 0 0 0 0 0 0 0 
0 0 0 0 0 0 0 0 0 0 0 0 0 0 0 0 0 0 0 0 0 0 0 0 0 0 0 0 12 26 30 30 0 0 0 0 0 0 0 0 
0 0 0 0 0 0 0 0 0 0 0 0 0 0 0 0 0 0 0 0 0 0 0 0 0 0 0 0 0 0 0 0 0 0 0 0 13 21 28 28 
15 15 11 12 0 0 0 0 0 0 0 0 0 0 0 0 0 0 0 0 0 0 0 0 0 0 0 0 0 0 0 0 0 0 0 0 0 0 0 0 
0 0 0 0 15 25 21 25 26 24 21 21 27 16 28 14 22 17 11 28 20 12 30 18 14 27 11 13 24 17 23 10 26 22 13 20 0 0 0 0 
0 0 0 0 25 30 18 24 18 10 10 10 18 24 10 23 0 0 0 0 0 0 0 0 0 0 0 0 13 28 22 26 13 22 15 18 0 0 0 0 
0 0 0 0 0 0 0 0 0 0 0 0 20 28 27 14 28 13 22 27 0 0 0 0 0 0 0 0 13 10 10 28 0 0 0 0 0 0 0 0 
0 0 0 0 0 0 0 0 0 0 0 0 0 0 0 0 0 0 0 0 0 0 0 0 0 0 0 0 0 0 0 0 0 0 0 0 28 29 12 17 
11 14 24 27 0 0 0 0 0 0 0 0 0 0 0 0 0 0 0 0 0 0 0 0 0 0 0 0 0 0 0 0 0 0 0 0 0 0 0 0 
0 0 0 0 0 0 0 0 24 30 26 11 0 0 0 0 18 20 26 30 0 0 0 0 30 11 21 22 0 0 0 0 13 13 26 21 0 0 0 0 
0 0 0 0 29 28 19 18 12 13 25 30 23 21 24 28 24 24 20 27 20 23 28 12 30 22 13 19 19 14 15 17 10 18 23 25 0 0 0 0 
0 0 0 0 24 19 18 30 10 12 19 14 26 25 12 16 18 26 11 25 19 27 26 22 18 11 10 16 20 10 11 10 10 14 20 14 0 0 0 0 
0 0 0 0 0 0 0 0 0 0 0 0 0 0 0 0 0 0 0 0 0 0 0 0 0 0 0 0 0 0 0 0 0 0 0 0 13 27 30 26 
26 12 17 10 0 0 0 0 0 0 0 0 0 0 0 0 0 0 0 0 0 0 0 0 0 0 0 0 0 0 0 0 0 0 0 0 0 0 0 0 
0 0 0 0 29 21 26 16 0 0 0 0 0 0 0 0 11 27 11 21 0 0 0 0 0 0 0 0 0 0 0 0 0 0 0 0 0 0 0 0 
0 0 0 0 29 11 12 20 0 0 0 0 13 28 15 21 18 24 29 25 0 0 0 0 0 0 0 0 0 0 0 0 0 0 0 0 0 0 0 0 
0 0 0 0 22 27 24 27 0 0 0 0 0 0 0 0 23 13 28 15 0 0 0 0 28 15 29 29 0 0 0 0 15 26 30 20 0 0 0 0 
0 0 0 0 0 0 0 0 0 0 0 0 0 0 0 0 0 0 0 0 0 0 0 0 0 0 0 0 0 0 0 0 0 0 0 0 18 15 28 12 
24 21 30 24 0 0 0 0 0 0 0 0 0 0 0 0 0 0 0 0 0 0 0 0 0 0 0 0 0 0 0 0 0 0 0 0 0 0 0 0 
0 0 0 0 0 0 0 0 19 11 27 13 0 0 0 0 10 11 18 15 0 0 0 0 0 0 0 0 27 30 14 27 0 0 0 0 0 0 0 0 
0 0 0 0 12 11 14 11 0 0 0 0 27 16 10 20 15 14 28 16 27 30 23 23 22 22 30 26 29 30 24 14 0 0 0 0 0 0 0 0 
0 0 0 0 20 11 19 11 0 0 0 0 28 23 20 25 0 0 0 0 0 0 0 0 0 0 0 0 0 0 0 0 0 0 0 0 0 0 0 0 
0 0 0 0 0 0 0 0 0 0 0 0 0 0 0 0 0 0 0 0 0 0 0 0 0 0 0 0 0 0 0 0 0 0 0 0 12 14 21 23 
17 14 28 30 0 0 0 0 0 0 0 0 0 0 0 0 0 0 0 0 0 0 0 0 0 0 0 0 0 0 0 0 0 0 0 0 0 0 0 0 
0 0 0 0 23 28 18 17 21 30 30 18 16 23 16 20 13 13 28 28 20 20 20 25 17 21 18 25 18 13 20 25 29 21 30 29 0 0 0 0 
0 0 0 0 13 16 25 26 26 29 29 18 15 28 17 28 29 27 17 29 16 26 14 13 10 25 18 25 25 19 27 29 28 25 13 22 0 0 0 0 
0 0 0 0 0 0 0 0 12 27 14 12 0 0 0 0 0 0 0 0 0 0 0 0 0 0 0 0 0 0 0 0 0 0 0 0 0 0 0 0 
0 0 0 0 0 0 0 0 0 0 0 0 0 0 0 0 0 0 0 0 0 0 0 0 0 0 0 0 0 0 0 0 0 0 0 0 15 13 30 11 
13 17 12 19 0 0 0 0 0 0 0 0 0 0 0 0 0 0 0 0 0 0 0 0 0 0 0 0 0 0 0 0 0 0 0 0 0 0 0 0 
0 0 0 0 0 0 0 0 0 0 0 0 0 0 0 0 0 0 0 0 0 0 0 0 0 0 0 0 0 0 0 0 17 11 16 16 0 0 0 0 
0 0 0 0 0 0 0 0 0 0 0 0 16 26 11 12 24 25 25 15 0 0 0 0 15 16 19 12 0 0 0 0 0 0 0 0 0 0 0 0 
0 0 0 0 0 0 0 0 0 0 0 0 0 0 0 0 0 0 0 0 29 16 24 19 0 0 0 0 0 0 0 0 0 0 0 0 0 0 0 0 
0 0 0 0 0 0 0 0 0 0 0 0 0 0 0 0 0 0 0 0 0 0 0 0 0 0 0 0 0 0 0 0 0 0 0 0 24 25 12 26 
18 28 21 12 0 0 0 0 0 0 0 0 0 0 0 0 0 0 0 0 0 0 0 0 0 0 0 0 0 0 0 0 0 0 0 0 0 0 0 0 
0 0 0 0 0 0 0 0 0 0 0 0 0 0 0 0 0 0 0 0 20 26 17 20 0 0 0 0 0 0 0 0 0 0 0 0 0 0 0 0 
0 0 0 0 20 13 24 27 15 14 28 28 11 16 29 15 25 21 24 25 0 0 0 0 30 13 28 18 27 21 18 13 0 0 0 0 0 0 0 0 
0 0 0 0 11 29 17 21 0 0 0 0 0 0 0 0 24 30 11 14 29 18 12 25 0 0 0 0 24 16 20 29 0 0 0 0 0 0 0 0 
0 0 0 0 0 0 0 0 0 0 0 0 0 0 0 0 0 0 0 0 0 0 0 0 0 0 0 0 0 0 0 0 0 0 0 0 10 14 20 28 
10 28 15 14 0 0 0 0 0 0 0 0 0 0 0 0 0 0 0 0 0 0 0 0 0 0 0 0 0 0 0 0 0 0 0 0 0 0 0 0 
0 0 0 0 13 17 26 25 0 0 0 0 0 0 0 0 20 14 10 26 0 0 0 0 16 10 16 15 0 0 0 0 0 0 0 0 0 0 0 0 
0 0 0 0 14 24 21 19 0 0 0 0 0 0 0 0 0 0 0 0 0 0 0 0 0 0 0 0 13 28 19 28 12 28 15 21 0 0 0 0 
0 0 0 0 26 27 15 30 11 24 20 28 17 18 19 23 17 13 18 16 20 21 13 22 11 24 15 10 22 18 22 30 26 17 11 21 0 0 0 0 
0 0 0 0 0 0 0 0 0 0 0 0 0 0 0 0 0 0 0 0 0 0 0 0 0 0 0 0 0 0 0 0 0 0 0 0 27 20 14 17 
30 28 30 16 0 0 0 0 0 0 0 0 0 0 0 0 0 0 0 0 0 0 0 0 0 0 0 0 0 0 0 0 0 0 0 0 0 0 0 0 
0 0 0 0 0 0 0 0 11 20 23 27 21 25 19 29 26 21 25 20 21 23 12 29 27 13 25 14 23 12 15 29 0 0 0 0 0 0 0 0 
0 0 0 0 0 0 0 0 17 29 27 21 0 0 0 0 0 0 0 0 15 14 11 23 21 23 13 20 20 13 29 18 10 16 19 13 0 0 0 0 
0 0 0 0 0 0 0 0 17 29 13 10 25 29 27 17 14 30 12 12 26 26 23 13 23 28 27 26 23 26 23 11 16 29 12 10 0 0 0 0 
0 0 0 0 0 0 0 0 0 0 0 0 0 0 0 0 0 0 0 0 0 0 0 0 0 0 0 0 0 0 0 0 0 0 0 0 24 10 16 22 
20 29 12 23 0 0 0 0 0 0 0 0 0 0 0 0 0 0 0 0 0 0 0 0 0 0 0 0 0 0 0 0 0 0 0 0 0 0 0 0 
0 0 0 0 29 11 11 21 30 17 12 11 11 21 16 18 0 0 0 0 10 14 22 19 22 23 17 21 0 0 0 0 16 22 17 12 0 0 0 0 
0 0 0 0 0 0 0 0 19 29 17 29 30 14 20 12 27 23 23 29 26 16 26 22 21 20 13 30 24 12 19 29 28 11 19 23 0 0 0 0 
0 0 0 0 0 0 0 0 16 14 23 29 30 28 28 10 0 0 0 0 26 15 20 27 25 30 29 18 26 18 29 14 18 20 11 10 0 0 0 0 
0 0 0 0 0 0 0 0 0 0 0 0 0 0 0 0 0 0 0 0 0 0 0 0 0 0 0 0 0 0 0 0 0 0 0 0 11 18 20 27 
15 24 27 25 0 0 0 0 0 0 0 0 0 0 0 0 0 0 0 0 0 0 0 0 0 0 0 0 0 0 0 0 0 0 0 0 0 0 0 0 
0 0 0 0 14 19 26 23 25 15 15 25 18 11 29 30 12 29 11 16 0 0 0 0 21 19 28 17 17 12 16 18 15 11 25 22 0 0 0 0 
0 0 0 0 27 25 24 29 12 21 23 22 15 13 21 21 0 0 0 0 0 0 0 0 0 0 0 0 0 0 0 0 0 0 0 0 0 0 0 0 
0 0 0 0 0 0 0 0 13 13 27 23 11 22 19 19 26 24 29 16 0 0 0 0 10 23 11 30 0 0 0 0 27 11 24 30 0 0 0 0 
0 0 0 0 0 0 0 0 0 0 0 0 0 0 0 0 0 0 0 0 0 0 0 0 0 0 0 0 0 0 0 0 0 0 0 0 10 18 25 13 
19 11 19 26 0 0 0 0 0 0 0 0 0 0 0 0 0 0 0 0 0 0 0 0 0 0 0 0 0 0 0 0 0 0 0 0 0 0 0 0 
0 0 0 0 22 23 30 20 26 24 11 23 11 29 16 10 19 20 24 11 22 16 27 12 18 20 24 20 12 24 25 12 0 0 0 0 0 0 0 0 
0 0 0 0 26 12 29 14 0 0 0 0 23 20 24 12 14 17 29 16 28 18 13 30 13 15 25 16 29 29 19 16 0 0 0 0 0 0 0 0 
0 0 0 0 17 25 18 14 10 12 19 28 16 16 13 19 0 0 0 0 21 17 30 18 10 23 20 11 24 11 26 18 29 15 24 25 0 0 0 0 
0 0 0 0 0 0 0 0 0 0 0 0 0 0 0 0 0 0 0 0 0 0 0 0 0 0 0 0 0 0 0 0 0 0 0 0 17 21 26 16 
13 19 12 17 0 0 0 0 0 0 0 0 0 0 0 0 0 0 0 0 0 0 0 0 0 0 0 0 0 0 0 0 0 0 0 0 0 0 0 0 
0 0 0 0 23 23 11 15 28 20 20 28 26 10 12 17 0 0 0 0 0 0 0 0 12 15 13 15 0 0 0 0 0 0 0 0 0 0 0 0 
0 0 0 0 0 0 0 0 18 20 10 18 15 18 14 18 0 0 0 0 0 0 0 0 15 13 12 23 24 20 20 21 24 29 11 24 0 0 0 0 
0 0 0 0 14 10 30 27 11 30 11 17 0 0 0 0 26 13 18 23 21 22 26 12 28 22 13 11 27 22 13 27 13 24 20 30 0 0 0 0 
0 0 0 0 0 0 0 0 0 0 0 0 0 0 0 0 0 0 0 0 0 0 0 0 0 0 0 0 0 0 0 0 0 0 0 0 21 19 28 16 
13 23 23 19 0 0 0 0 0 0 0 0 0 0 0 0 0 0 0 0 0 0 0 0 0 0 0 0 0 0 0 0 0 0 0 0 0 0 0 0 
0 0 0 0 19 14 18 17 30 15 16 15 13 24 29 26 19 14 11 30 13 21 16 14 29 27 23 21 10 13 28 16 12 12 25 28 0 0 0 0 
0 0 0 0 24 16 29 12 13 30 11 23 0 0 0 0 30 29 14 19 11 20 12 11 0 0 0 0 14 22 16 30 0 0 0 0 0 0 0 0 
0 0 0 0 30 27 28 13 0 0 0 0 0 0 0 0 0 0 0 0 0 0 0 0 21 21 22 21 22 21 11 26 0 0 0 0 0 0 0 0 
0 0 0 0 0 0 0 0 0 0 0 0 0 0 0 0 0 0 0 0 0 0 0 0 0 0 0 0 0 0 0 0 0 0 0 0 20 23 10 11 
26 18 24 11 0 0 0 0 0 0 0 0 0 0 0 0 0 0 0 0 0 0 0 0 0 0 0 0 0 0 0 0 0 0 0 0 0 0 0 0 
0 0 0 0 0 0 0 0 0 0 0 0 13 20 29 15 0 0 0 0 0 0 0 0 0 0 0 0 0 0 0 0 0 0 0 0 0 0 0 0 
0 0 0 0 0 0 0 0 27 26 11 29 27 18 20 30 0 0 0 0 28 14 18 21 20 25 11 14 24 19 16 16 26 14 14 22 0 0 0 0 
0 0 0 0 0 0 0 0 0 0 0 0 0 0 0 0 0 0 0 0 0 0 0 0 10 17 16 30 14 16 15 10 26 24 29 20 0 0 0 0 
0 0 0 0 0 0 0 0 0 0 0 0 0 0 0 0 0 0 0 0 0 0 0 0 0 0 0 0 0 0 0 0 0 0 0 0 10 21 24 26 
17 20 16 26 0 0 0 0 0 0 0 0 0 0 0 0 0 0 0 0 0 0 0 0 0 0 0 0 0 0 0 0 0 0 0 0 0 0 0 0 
0 0 0 0 0 0 0 0 0 0 0 0 0 0 0 0 24 26 18 28 0 0 0 0 22 20 16 24 0 0 0 0 21 10 25 14 0 0 0 0 
0 0 0 0 0 0 0 0 26 21 23 19 0 0 0 0 10 28 18 22 28 19 20 14 16 19 29 30 21 24 28 24 14 17 26 17 0 0 0 0 
0 0 0 0 15 23 20 29 0 0 0 0 0 0 0 0 0 0 0 0 15 13 22 12 23 19 21 24 15 18 20 24 13 20 29 18 0 0 0 0 
0 0 0 0 0 0 0 0 0 0 0 0 0 0 0 0 0 0 0 0 0 0 0 0 0 0 0 0 0 0 0 0 0 0 0 0 26 27 27 14 
29 25 22 22 0 0 0 0 0 0 0 0 0 0 0 0 0 0 0 0 0 0 0 0 0 0 0 0 0 0 0 0 0 0 0 0 0 0 0 0 
0 0 0 0 28 19 29 15 25 20 23 14 0 0 0 0 0 0 0 0 0 0 0 0 0 0 0 0 22 12 28 23 0 0 0 0 0 0 0 0 
0 0 0 0 0 0 0 0 15 16 23 23 15 28 15 24 22 18 20 12 12 14 19 13 16 15 17 17 11 11 10 20 0 0 0 0 0 0 0 0 
0 0 0 0 17 15 27 25 22 24 13 29 20 29 20 22 23 13 10 26 11 20 19 15 13 23 18 14 26 11 30 23 14 22 22 26 0 0 0 0 
0 0 0 0 0 0 0 0 0 0 0 0 0 0 0 0 0 0 0 0 0 0 0 0 0 0 0 0 0 0 0 0 0 0 0 0 11 23 24 29 
17 20 14 16 0 0 0 0 0 0 0 0 0 0 0 0 0 0 0 0 0 0 0 0 0 0 0 0 0 0 0 0 0 0 0 0 0 0 0 0 
0 0 0 0 19 22 15 25 0 0 0 0 30 23 12 14 24 22 25 22 0 0 0 0 12 30 13 16 17 19 23 25 19 21 15 29 0 0 0 0 
0 0 0 0 10 20 10 21 21 29 29 11 0 0 0 0 23 13 29 17 12 26 28 13 19 12 21 24 21 27 12 17 0 0 0 0 0 0 0 0 
0 0 0 0 10 24 28 16 20 24 13 10 26 11 17 17 26 16 16 29 19 28 29 18 14 18 26 14 25 18 27 26 23 27 10 23 0 0 0 0 
0 0 0 0 0 0 0 0 0 0 0 0 0 0 0 0 0 0 0 0 0 0 0 0 0 0 0 0 0 0 0 0 0 0 0 0 23 30 10 22 
21 13 12 25 0 0 0 0 0 0 0 0 0 0 0 0 0 0 0 0 0 0 0 0 0 0 0 0 0 0 0 0 0 0 0 0 0 0 0 0 
0 0 0 0 22 26 25 26 19 18 25 23 29 30 14 25 26 30 30 19 19 26 24 26 29 10 30 30 0 0 0 0 23 11 28 23 0 0 0 0 
0 0 0 0 17 20 18 17 0 0 0 0 0 0 0 0 0 0 0 0 0 0 0 0 29 20 11 10 26 11 29 11 17 12 11 30 0 0 0 0 
0 0 0 0 0 0 0 0 0 0 0 0 0 0 0 0 0 0 0 0 0 0 0 0 0 0 0 0 20 27 30 13 0 0 0 0 0 0 0 0 
0 0 0 0 0 0 0 0 0 0 0 0 0 0 0 0 0 0 0 0 0 0 0 0 0 0 0 0 0 0 0 0 0 0 0 0 30 10 18 12 
11 21 19 13 0 0 0 0 0 0 0 0 0 0 0 0 0 0 0 0 0 0 0 0 0 0 0 0 0 0 0 0 0 0 0 0 0 0 0 0 
0 0 0 0 0 0 0 0 0 0 0 0 0 0 0 0 0 0 0 0 19 22 16 18 0 0 0 0 0 0 0 0 0 0 0 0 0 0 0 0 
0 0 0 0 0 0 0 0 29 29 16 21 17 14 25 17 25 19 18 25 0 0 0 0 23 13 12 30 0 0 0 0 13 27 28 13 0 0 0 0 
0 0 0 0 26 18 29 10 29 28 21 29 26 27 19 11 13 18 23 29 18 26 28 25 0 0 0 0 14 26 16 30 17 19 30 28 0 0 0 0 
0 0 0 0 0 0 0 0 0 0 0 0 0 0 0 0 0 0 0 0 0 0 0 0 0 0 0 0 0 0 0 0 0 0 0 0 13 11 24 17 
12 30 13 23 0 0 0 0 0 0 0 0 0 0 0 0 0 0 0 0 0 0 0 0 0 0 0 0 0 0 0 0 0 0 0 0 0 0 0 0 
0 0 0 0 0 0 0 0 25 22 11 17 0 0 0 0 20 24 26 21 0 0 0 0 0 0 0 0 0 0 0 0 0 0 0 0 0 0 0 0 
0 0 0 0 10 15 10 26 19 24 25 24 0 0 0 0 10 26 20 26 16 25 28 17 0 0 0 0 0 0 0 0 0 0 0 0 0 0 0 0 
0 0 0 0 21 19 25 11 0 0 0 0 0 0 0 0 0 0 0 0 0 0 0 0 23 25 30 11 0 0 0 0 0 0 0 0 0 0 0 0 
0 0 0 0 0 0 0 0 0 0 0 0 0 0 0 0 0 0 0 0 0 0 0 0 0 0 0 0 0 0 0 0 0 0 0 0 29 14 14 29 
14 27 26 29 0 0 0 0 0 0 0 0 0 0 0 0 0 0 0 0 0 0 0 0 0 0 0 0 0 0 0 0 0 0 0 0 0 0 0 0 
0 0 0 0 0 0 0 0 0 0 0 0 30 24 16 22 26 22 15 17 14 29 23 30 0 0 0 0 0 0 0 0 0 0 0 0 0 0 0 0 
0 0 0 0 23 20 12 21 26 16 25 27 0 0 0 0 15 27 26 18 29 19 21 12 16 19 23 26 13 25 17 12 18 23 23 15 0 0 0 0 
0 0 0 0 28 13 18 16 27 29 20 30 0 0 0 0 0 0 0 0 20 30 20 12 0 0 0 0 0 0 0 0 10 10 12 21 0 0 0 0 
0 0 0 0 0 0 0 0 0 0 0 0 0 0 0 0 0 0 0 0 0 0 0 0 0 0 0 0 0 0 0 0 0 0 0 0 23 29 20 18 
19 29 26 27 0 0 0 0 0 0 0 0 0 0 0 0 0 0 0 0 0 0 0 0 0 0 0 0 0 0 0 0 0 0 0 0 0 0 0 0 
0 0 0 0 0 0 0 0 0 0 0 0 0 0 0 0 0 0 0 0 0 0 0 0 12 27 27 28 0 0 0 0 0 0 0 0 0 0 0 0 
0 0 0 0 27 13 25 26 0 0 0 0 0 0 0 0 0 0 0 0 26 10 20 23 0 0 0 0 0 0 0 0 0 0 0 0 0 0 0 0 
0 0 0 0 21 25 23 25 10 25 29 23 25 10 21 15 19 14 14 24 20 13 27 13 14 16 19 13 21 28 28 13 20 11 27 23 0 0 0 0 
0 0 0 0 0 0 0 0 0 0 0 0 0 0 0 0 0 0 0 0 0 0 0 0 0 0 0 0 0 0 0 0 0 0 0 0 20 19 10 22 
23 10 25 17 0 0 0 0 0 0 0 0 0 0 0 0 0 0 0 0 0 0 0 0 0 0 0 0 0 0 0 0 0 0 0 0 0 0 0 0 
0 0 0 0 27 25 15 25 22 17 14 15 22 23 29 23 12 13 14 21 16 12 13 26 0 0 0 0 11 10 23 14 16 29 26 10 0 0 0 0 
0 0 0 0 29 29 23 20 0 0 0 0 21 18 25 14 21 27 14 24 14 29 24 24 0 0 0 0 17 10 10 12 0 0 0 0 0 0 0 0 
0 0 0 0 0 0 0 0 27 19 14 14 26 21 18 26 10 19 26 10 10 15 28 13 18 10 25 16 23 14 12 30 18 30 15 13 0 0 0 0 
0 0 0 0 0 0 0 0 0 0 0 0 0 0 0 0 0 0 0 0 0 0 0 0 0 0 0 0 0 0 0 0 0 0 0 0 13 16 11 24
---------------------
 
Processing cost   (0 -- non-optional machine)
Rows: sequential for each operation of each part; Columns: correspond to machine number
12 12 20 18 0 0 0 0 0 0 0 0 0 0 0 0 0 0 0 0 0 0 0 0 0 0 0 0 0 0 0 0 0 0 0 0 0 0 0 0 
0 0 0 0 12 18 15 13 0 0 0 0 0 0 0 0 0 0 0 0 19 13 16 15 0 0 0 0 0 0 0 0 0 0 0 0 0 0 0 0 
0 0 0 0 0 0 0 0 0 0 0 0 0 0 0 0 0 0 0 0 0 0 0 0 0 0 0 0 0 0 0 0 19 10 17 15 0 0 0 0 
0 0 0 0 17 14 15 19 19 13 11 13 15 11 14 17 0 0 0 0 0 0 0 0 0 0 0 0 0 0 0 0 0 0 0 0 0 0 0 0 
0 0 0 0 0 0 0 0 0 0 0 0 0 0 0 0 0 0 0 0 0 0 0 0 0 0 0 0 0 0 0 0 0 0 0 0 16 19 13 18 
12 13 14 14 0 0 0 0 0 0 0 0 0 0 0 0 0 0 0 0 0 0 0 0 0 0 0 0 0 0 0 0 0 0 0 0 0 0 0 0 
0 0 0 0 0 0 0 0 0 0 0 0 0 0 0 0 10 20 18 12 0 0 0 0 0 0 0 0 0 0 0 0 0 0 0 0 0 0 0 0 
0 0 0 0 0 0 0 0 15 19 11 14 0 0 0 0 0 0 0 0 0 0 0 0 16 10 15 16 10 17 17 20 0 0 0 0 0 0 0 0 
0 0 0 0 0 0 0 0 12 16 19 14 11 13 20 11 14 18 14 16 18 10 10 20 19 10 20 20 18 18 13 13 14 18 17 15 0 0 0 0 
0 0 0 0 0 0 0 0 0 0 0 0 0 0 0 0 0 0 0 0 0 0 0 0 0 0 0 0 0 0 0 0 0 0 0 0 18 13 18 17 
13 11 16 13 0 0 0 0 0 0 0 0 0 0 0 0 0 0 0 0 0 0 0 0 0 0 0 0 0 0 0 0 0 0 0 0 0 0 0 0 
0 0 0 0 17 12 18 13 12 14 18 18 0 0 0 0 0 0 0 0 10 15 16 16 0 0 0 0 0 0 0 0 13 12 16 17 0 0 0 0 
0 0 0 0 12 13 12 17 16 15 15 19 15 20 15 14 17 10 13 17 20 14 18 18 20 16 19 12 19 12 15 20 19 19 14 15 0 0 0 0 
0 0 0 0 0 0 0 0 0 0 0 0 0 0 0 0 0 0 0 0 0 0 0 0 16 19 13 18 0 0 0 0 0 0 0 0 0 0 0 0 
0 0 0 0 0 0 0 0 0 0 0 0 0 0 0 0 0 0 0 0 0 0 0 0 0 0 0 0 0 0 0 0 0 0 0 0 18 14 14 18 
17 14 13 10 0 0 0 0 0 0 0 0 0 0 0 0 0 0 0 0 0 0 0 0 0 0 0 0 0 0 0 0 0 0 0 0 0 0 0 0 
0 0 0 0 0 0 0 0 0 0 0 0 0 0 0 0 0 0 0 0 0 0 0 0 12 16 13 11 0 0 0 0 0 0 0 0 0 0 0 0 
0 0 0 0 15 13 11 15 10 15 15 15 13 12 15 12 13 16 14 12 20 13 12 12 10 14 20 16 12 15 12 12 19 18 10 14 0 0 0 0 
0 0 0 0 15 19 18 18 17 19 20 10 0 0 0 0 12 12 17 15 0 0 0 0 12 18 14 15 20 13 11 11 14 16 20 10 0 0 0 0 
0 0 0 0 0 0 0 0 0 0 0 0 0 0 0 0 0 0 0 0 0 0 0 0 0 0 0 0 0 0 0 0 0 0 0 0 15 17 11 18 
10 13 16 18 0 0 0 0 0 0 0 0 0 0 0 0 0 0 0 0 0 0 0 0 0 0 0 0 0 0 0 0 0 0 0 0 0 0 0 0 
0 0 0 0 0 0 0 0 0 0 0 0 18 13 15 19 0 0 0 0 13 10 10 12 0 0 0 0 15 18 13 17 0 0 0 0 0 0 0 0 
0 0 0 0 0 0 0 0 18 16 15 15 11 12 15 14 18 18 20 11 17 16 18 20 20 20 18 19 0 0 0 0 0 0 0 0 0 0 0 0 
0 0 0 0 13 12 14 10 15 19 13 14 19 17 17 19 12 18 18 20 15 14 18 12 12 13 10 19 11 15 17 13 12 14 10 16 0 0 0 0 
0 0 0 0 0 0 0 0 0 0 0 0 0 0 0 0 0 0 0 0 0 0 0 0 0 0 0 0 0 0 0 0 0 0 0 0 20 16 19 13 
15 12 10 20 0 0 0 0 0 0 0 0 0 0 0 0 0 0 0 0 0 0 0 0 0 0 0 0 0 0 0 0 0 0 0 0 0 0 0 0 
0 0 0 0 0 0 0 0 0 0 0 0 18 13 17 11 0 0 0 0 0 0 0 0 0 0 0 0 0 0 0 0 0 0 0 0 0 0 0 0 
0 0 0 0 0 0 0 0 0 0 0 0 10 16 18 15 14 20 13 18 18 12 13 18 16 20 12 13 14 11 19 16 18 16 10 19 0 0 0 0 
0 0 0 0 0 0 0 0 0 0 0 0 20 12 18 13 0 0 0 0 0 0 0 0 0 0 0 0 0 0 0 0 0 0 0 0 0 0 0 0 
0 0 0 0 0 0 0 0 0 0 0 0 0 0 0 0 0 0 0 0 0 0 0 0 0 0 0 0 0 0 0 0 0 0 0 0 13 16 12 17 
17 18 17 15 0 0 0 0 0 0 0 0 0 0 0 0 0 0 0 0 0 0 0 0 0 0 0 0 0 0 0 0 0 0 0 0 0 0 0 0 
0 0 0 0 10 11 12 12 11 15 10 10 19 11 14 14 13 15 13 18 11 14 12 20 15 15 18 10 12 17 11 11 14 17 14 10 0 0 0 0 
0 0 0 0 12 19 14 17 17 17 16 17 20 19 12 16 11 13 15 19 0 0 0 0 15 16 15 18 11 15 13 10 11 17 13 17 0 0 0 0 
0 0 0 0 19 20 16 16 10 20 19 17 14 15 15 15 16 12 19 16 15 10 20 16 12 18 10 18 18 16 12 12 10 17 11 19 0 0 0 0 
0 0 0 0 0 0 0 0 0 0 0 0 0 0 0 0 0 0 0 0 0 0 0 0 0 0 0 0 0 0 0 0 0 0 0 0 14 16 20 20 
15 18 18 12 0 0 0 0 0 0 0 0 0 0 0 0 0 0 0 0 0 0 0 0 0 0 0 0 0 0 0 0 0 0 0 0 0 0 0 0 
0 0 0 0 11 14 12 15 19 20 14 14 20 10 14 16 15 10 15 17 12 16 12 17 16 11 16 18 20 18 11 17 18 11 16 20 0 0 0 0 
0 0 0 0 0 0 0 0 14 11 13 19 17 12 17 15 17 16 20 10 16 16 19 12 11 14 16 14 20 19 14 15 14 16 11 18 0 0 0 0 
0 0 0 0 0 0 0 0 13 16 16 12 13 20 15 18 0 0 0 0 0 0 0 0 0 0 0 0 13 16 10 17 0 0 0 0 0 0 0 0 
0 0 0 0 0 0 0 0 0 0 0 0 0 0 0 0 0 0 0 0 0 0 0 0 0 0 0 0 0 0 0 0 0 0 0 0 12 14 11 11 
20 12 20 20 0 0 0 0 0 0 0 0 0 0 0 0 0 0 0 0 0 0 0 0 0 0 0 0 0 0 0 0 0 0 0 0 0 0 0 0 
0 0 0 0 19 11 11 20 0 0 0 0 11 14 20 12 0 0 0 0 0 0 0 0 0 0 0 0 0 0 0 0 0 0 0 0 0 0 0 0 
0 0 0 0 19 12 14 18 10 17 11 10 17 10 20 13 18 11 12 16 19 16 10 17 15 12 11 14 18 14 12 12 14 20 14 19 0 0 0 0 
0 0 0 0 0 0 0 0 0 0 0 0 15 15 14 20 0 0 0 0 0 0 0 0 0 0 0 0 19 18 20 10 0 0 0 0 0 0 0 0 
0 0 0 0 0 0 0 0 0 0 0 0 0 0 0 0 0 0 0 0 0 0 0 0 0 0 0 0 0 0 0 0 0 0 0 0 17 20 13 18 
19 17 16 17 0 0 0 0 0 0 0 0 0 0 0 0 0 0 0 0 0 0 0 0 0 0 0 0 0 0 0 0 0 0 0 0 0 0 0 0 
0 0 0 0 10 12 19 13 0 0 0 0 11 20 13 18 0 0 0 0 0 0 0 0 0 0 0 0 19 15 18 13 13 17 11 10 0 0 0 0 
0 0 0 0 0 0 0 0 0 0 0 0 0 0 0 0 19 12 15 19 0 0 0 0 0 0 0 0 0 0 0 0 0 0 0 0 0 0 0 0 
0 0 0 0 0 0 0 0 0 0 0 0 0 0 0 0 15 17 12 19 0 0 0 0 0 0 0 0 10 11 19 17 16 20 19 16 0 0 0 0 
0 0 0 0 0 0 0 0 0 0 0 0 0 0 0 0 0 0 0 0 0 0 0 0 0 0 0 0 0 0 0 0 0 0 0 0 13 19 16 17 
10 20 19 13 0 0 0 0 0 0 0 0 0 0 0 0 0 0 0 0 0 0 0 0 0 0 0 0 0 0 0 0 0 0 0 0 0 0 0 0 
0 0 0 0 0 0 0 0 0 0 0 0 0 0 0 0 0 0 0 0 19 14 12 13 18 12 17 16 0 0 0 0 0 0 0 0 0 0 0 0 
0 0 0 0 18 13 11 11 16 18 10 14 20 14 17 14 0 0 0 0 0 0 0 0 18 13 12 17 13 15 17 13 10 16 14 17 0 0 0 0 
0 0 0 0 0 0 0 0 0 0 0 0 0 0 0 0 17 17 12 20 11 12 10 10 0 0 0 0 0 0 0 0 0 0 0 0 0 0 0 0 
0 0 0 0 0 0 0 0 0 0 0 0 0 0 0 0 0 0 0 0 0 0 0 0 0 0 0 0 0 0 0 0 0 0 0 0 16 16 19 16 
15 12 16 19 0 0 0 0 0 0 0 0 0 0 0 0 0 0 0 0 0 0 0 0 0 0 0 0 0 0 0 0 0 0 0 0 0 0 0 0 
0 0 0 0 18 18 20 18 0 0 0 0 0 0 0 0 0 0 0 0 0 0 0 0 0 0 0 0 19 20 15 13 0 0 0 0 0 0 0 0 
0 0 0 0 19 13 12 14 19 11 11 17 20 18 13 12 0 0 0 0 0 0 0 0 13 16 12 20 18 11 16 15 15 13 16 17 0 0 0 0 
0 0 0 0 13 13 11 15 19 13 12 14 17 13 20 17 17 19 14 18 19 12 12 12 16 16 20 10 0 0 0 0 15 19 15 18 0 0 0 0 
0 0 0 0 0 0 0 0 0 0 0 0 0 0 0 0 0 0 0 0 0 0 0 0 0 0 0 0 0 0 0 0 0 0 0 0 10 17 11 20 
19 10 18 17 0 0 0 0 0 0 0 0 0 0 0 0 0 0 0 0 0 0 0 0 0 0 0 0 0 0 0 0 0 0 0 0 0 0 0 0 
0 0 0 0 0 0 0 0 0 0 0 0 20 20 12 15 11 13 16 10 10 12 11 19 18 14 20 15 16 15 14 12 0 0 0 0 0 0 0 0 
0 0 0 0 0 0 0 0 0 0 0 0 0 0 0 0 0 0 0 0 0 0 0 0 0 0 0 0 12 18 18 20 11 13 19 17 0 0 0 0 
0 0 0 0 19 15 12 10 12 13 17 20 0 0 0 0 11 17 19 10 13 20 16 16 0 0 0 0 0 0 0 0 11 15 15 14 0 0 0 0 
0 0 0 0 0 0 0 0 0 0 0 0 0 0 0 0 0 0 0 0 0 0 0 0 0 0 0 0 0 0 0 0 0 0 0 0 19 19 12 13 
15 16 20 19 0 0 0 0 0 0 0 0 0 0 0 0 0 0 0 0 0 0 0 0 0 0 0 0 0 0 0 0 0 0 0 0 0 0 0 0 
0 0 0 0 16 20 19 16 15 13 11 12 15 12 15 14 10 13 15 17 20 15 19 18 16 14 17 18 10 16 15 16 14 19 11 10 0 0 0 0 
0 0 0 0 0 0 0 0 18 20 15 18 15 17 17 20 17 14 15 17 0 0 0 0 18 11 19 18 19 17 16 13 0 0 0 0 0 0 0 0 
0 0 0 0 17 13 12 18 20 10 15 13 0 0 0 0 0 0 0 0 0 0 0 0 17 19 14 16 0 0 0 0 0 0 0 0 0 0 0 0 
0 0 0 0 0 0 0 0 0 0 0 0 0 0 0 0 0 0 0 0 0 0 0 0 0 0 0 0 0 0 0 0 0 0 0 0 18 20 17 10 
10 20 15 17 0 0 0 0 0 0 0 0 0 0 0 0 0 0 0 0 0 0 0 0 0 0 0 0 0 0 0 0 0 0 0 0 0 0 0 0 
0 0 0 0 20 12 20 15 20 19 16 10 14 13 10 11 0 0 0 0 0 0 0 0 18 15 18 20 13 10 12 12 16 11 19 11 0 0 0 0 
0 0 0 0 12 12 14 20 0 0 0 0 18 15 14 17 0 0 0 0 0 0 0 0 0 0 0 0 0 0 0 0 0 0 0 0 0 0 0 0 
0 0 0 0 0 0 0 0 15 16 12 17 15 16 17 15 19 20 18 13 15 14 18 20 14 14 14 20 13 14 11 12 11 13 10 17 0 0 0 0 
0 0 0 0 0 0 0 0 0 0 0 0 0 0 0 0 0 0 0 0 0 0 0 0 0 0 0 0 0 0 0 0 0 0 0 0 19 17 16 14 
16 13 20 17 0 0 0 0 0 0 0 0 0 0 0 0 0 0 0 0 0 0 0 0 0 0 0 0 0 0 0 0 0 0 0 0 0 0 0 0 
0 0 0 0 0 0 0 0 0 0 0 0 0 0 0 0 0 0 0 0 15 16 13 12 0 0 0 0 0 0 0 0 0 0 0 0 0 0 0 0 
0 0 0 0 13 15 15 14 15 13 16 18 0 0 0 0 11 11 14 14 15 10 15 11 18 19 15 13 19 15 14 14 0 0 0 0 0 0 0 0 
0 0 0 0 13 12 15 16 11 18 10 18 11 19 19 11 15 15 20 12 10 10 16 11 12 11 11 16 17 13 13 16 10 19 17 11 0 0 0 0 
0 0 0 0 0 0 0 0 0 0 0 0 0 0 0 0 0 0 0 0 0 0 0 0 0 0 0 0 0 0 0 0 0 0 0 0 15 13 10 15 
20 16 10 16 0 0 0 0 0 0 0 0 0 0 0 0 0 0 0 0 0 0 0 0 0 0 0 0 0 0 0 0 0 0 0 0 0 0 0 0 
0 0 0 0 0 0 0 0 17 15 16 17 17 16 10 20 10 19 20 10 0 0 0 0 0 0 0 0 17 14 17 13 14 20 13 12 0 0 0 0 
0 0 0 0 20 18 19 20 12 10 10 16 17 17 10 20 13 11 16 10 17 10 10 13 19 20 10 14 10 20 15 12 20 11 14 12 0 0 0 0 
0 0 0 0 20 20 11 15 12 13 16 11 18 17 11 20 11 15 18 20 10 10 12 14 14 20 17 11 0 0 0 0 0 0 0 0 0 0 0 0 
0 0 0 0 0 0 0 0 0 0 0 0 0 0 0 0 0 0 0 0 0 0 0 0 0 0 0 0 0 0 0 0 0 0 0 0 10 15 18 13 
13 11 10 18 0 0 0 0 0 0 0 0 0 0 0 0 0 0 0 0 0 0 0 0 0 0 0 0 0 0 0 0 0 0 0 0 0 0 0 0 
0 0 0 0 18 17 19 20 15 13 17 18 11 12 17 12 15 17 16 10 20 11 19 18 0 0 0 0 15 11 20 18 10 16 16 13 0 0 0 0 
0 0 0 0 0 0 0 0 0 0 0 0 0 0 0 0 0 0 0 0 0 0 0 0 0 0 0 0 0 0 0 0 10 13 14 18 0 0 0 0 
0 0 0 0 0 0 0 0 0 0 0 0 19 20 11 13 0 0 0 0 0 0 0 0 19 10 15 18 0 0 0 0 15 14 13 20 0 0 0 0 
0 0 0 0 0 0 0 0 0 0 0 0 0 0 0 0 0 0 0 0 0 0 0 0 0 0 0 0 0 0 0 0 0 0 0 0 11 12 17 14 
19 10 15 12 0 0 0 0 0 0 0 0 0 0 0 0 0 0 0 0 0 0 0 0 0 0 0 0 0 0 0 0 0 0 0 0 0 0 0 0 
0 0 0 0 16 14 12 16 14 10 12 11 17 14 20 17 14 17 17 11 12 20 15 10 0 0 0 0 17 18 12 10 13 11 11 17 0 0 0 0 
0 0 0 0 12 10 16 15 11 13 15 17 11 20 11 16 0 0 0 0 10 20 13 15 20 15 17 13 15 18 20 19 16 14 14 11 0 0 0 0 
0 0 0 0 0 0 0 0 17 18 11 12 15 16 11 11 10 18 10 13 0 0 0 0 0 0 0 0 11 16 19 20 0 0 0 0 0 0 0 0 
0 0 0 0 0 0 0 0 0 0 0 0 0 0 0 0 0 0 0 0 0 0 0 0 0 0 0 0 0 0 0 0 0 0 0 0 17 11 17 18 
13 10 18 15 0 0 0 0 0 0 0 0 0 0 0 0 0 0 0 0 0 0 0 0 0 0 0 0 0 0 0 0 0 0 0 0 0 0 0 0 
0 0 0 0 14 11 18 17 14 16 15 15 15 18 17 13 0 0 0 0 0 0 0 0 0 0 0 0 0 0 0 0 0 0 0 0 0 0 0 0 
0 0 0 0 17 10 14 20 17 19 18 14 14 10 14 16 10 14 10 11 10 16 20 15 13 10 20 11 19 11 17 16 17 13 16 14 0 0 0 0 
0 0 0 0 19 11 15 10 18 17 18 14 11 19 13 14 0 0 0 0 19 11 15 18 13 14 11 13 18 13 17 12 19 15 18 13 0 0 0 0 
0 0 0 0 0 0 0 0 0 0 0 0 0 0 0 0 0 0 0 0 0 0 0 0 0 0 0 0 0 0 0 0 0 0 0 0 14 20 11 13 
16 18 20 20 0 0 0 0 0 0 0 0 0 0 0 0 0 0 0 0 0 0 0 0 0 0 0 0 0 0 0 0 0 0 0 0 0 0 0 0 
0 0 0 0 0 0 0 0 20 13 20 10 0 0 0 0 15 16 17 18 15 10 15 19 19 15 18 20 10 17 20 13 16 14 10 13 0 0 0 0 
0 0 0 0 0 0 0 0 0 0 0 0 12 11 10 14 16 19 13 15 16 19 18 15 10 19 18 14 19 13 16 18 16 18 17 16 0 0 0 0 
0 0 0 0 11 17 11 12 19 17 14 19 0 0 0 0 0 0 0 0 0 0 0 0 0 0 0 0 0 0 0 0 0 0 0 0 0 0 0 0 
0 0 0 0 0 0 0 0 0 0 0 0 0 0 0 0 0 0 0 0 0 0 0 0 0 0 0 0 0 0 0 0 0 0 0 0 12 17 18 15 
14 19 11 17 0 0 0 0 0 0 0 0 0 0 0 0 0 0 0 0 0 0 0 0 0 0 0 0 0 0 0 0 0 0 0 0 0 0 0 0 
0 0 0 0 16 15 19 20 12 12 12 11 19 17 14 18 17 18 14 18 14 14 11 11 15 10 19 16 13 17 20 12 0 0 0 0 0 0 0 0 
0 0 0 0 0 0 0 0 0 0 0 0 0 0 0 0 11 12 19 15 0 0 0 0 13 11 12 18 0 0 0 0 0 0 0 0 0 0 0 0 
0 0 0 0 0 0 0 0 0 0 0 0 12 16 15 16 0 0 0 0 0 0 0 0 0 0 0 0 0 0 0 0 16 15 10 17 0 0 0 0 
0 0 0 0 0 0 0 0 0 0 0 0 0 0 0 0 0 0 0 0 0 0 0 0 0 0 0 0 0 0 0 0 0 0 0 0 12 13 14 10 
13 19 19 10 0 0 0 0 0 0 0 0 0 0 0 0 0 0 0 0 0 0 0 0 0 0 0 0 0 0 0 0 0 0 0 0 0 0 0 0 
0 0 0 0 11 16 17 13 14 11 11 20 15 10 19 11 15 14 18 20 18 17 15 18 14 19 12 18 20 12 10 19 11 15 17 17 0 0 0 0 
0 0 0 0 0 0 0 0 15 18 17 12 20 14 16 13 0 0 0 0 0 0 0 0 0 0 0 0 0 0 0 0 17 16 12 17 0 0 0 0 
0 0 0 0 19 13 10 12 0 0 0 0 11 15 10 20 0 0 0 0 17 18 11 16 13 19 15 11 17 15 11 16 15 15 18 16 0 0 0 0 
0 0 0 0 0 0 0 0 0 0 0 0 0 0 0 0 0 0 0 0 0 0 0 0 0 0 0 0 0 0 0 0 0 0 0 0 17 19 16 16 
20 17 19 14 0 0 0 0 0 0 0 0 0 0 0 0 0 0 0 0 0 0 0 0 0 0 0 0 0 0 0 0 0 0 0 0 0 0 0 0 
0 0 0 0 20 12 17 16 15 10 16 11 11 20 15 17 15 17 10 14 17 16 15 15 13 15 18 18 15 19 13 14 17 14 19 17 0 0 0 0 
0 0 0 0 15 10 20 11 0 0 0 0 0 0 0 0 16 14 17 12 0 0 0 0 18 11 20 10 17 16 11 19 0 0 0 0 0 0 0 0 
0 0 0 0 0 0 0 0 0 0 0 0 16 10 20 19 0 0 0 0 0 0 0 0 0 0 0 0 0 0 0 0 0 0 0 0 0 0 0 0 
0 0 0 0 0 0 0 0 0 0 0 0 0 0 0 0 0 0 0 0 0 0 0 0 0 0 0 0 0 0 0 0 0 0 0 0 15 14 17 17 
14 12 14 18 0 0 0 0 0 0 0 0 0 0 0 0 0 0 0 0 0 0 0 0 0 0 0 0 0 0 0 0 0 0 0 0 0 0 0 0 
0 0 0 0 0 0 0 0 0 0 0 0 13 15 14 11 0 0 0 0 0 0 0 0 18 14 13 14 14 14 12 20 18 20 10 16 0 0 0 0 
0 0 0 0 0 0 0 0 0 0 0 0 0 0 0 0 0 0 0 0 12 16 19 18 0 0 0 0 18 10 17 17 0 0 0 0 0 0 0 0 
0 0 0 0 12 20 13 10 11 14 12 15 0 0 0 0 17 13 17 19 17 15 16 12 14 12 17 16 12 10 14 11 16 10 13 17 0 0 0 0 
0 0 0 0 0 0 0 0 0 0 0 0 0 0 0 0 0 0 0 0 0 0 0 0 0 0 0 0 0 0 0 0 0 0 0 0 10 14 20 18 
11 17 19 10 0 0 0 0 0 0 0 0 0 0 0 0 0 0 0 0 0 0 0 0 0 0 0 0 0 0 0 0 0 0 0 0 0 0 0 0 
0 0 0 0 0 0 0 0 0 0 0 0 0 0 0 0 0 0 0 0 0 0 0 0 0 0 0 0 0 0 0 0 18 20 17 17 0 0 0 0 
0 0 0 0 10 11 17 19 14 19 17 11 17 15 17 17 14 11 17 18 10 17 19 12 17 16 20 15 16 12 12 12 19 11 12 18 0 0 0 0 
0 0 0 0 0 0 0 0 12 14 13 11 0 0 0 0 19 11 18 20 0 0 0 0 0 0 0 0 17 17 16 13 0 0 0 0 0 0 0 0 
0 0 0 0 0 0 0 0 0 0 0 0 0 0 0 0 0 0 0 0 0 0 0 0 0 0 0 0 0 0 0 0 0 0 0 0 11 15 13 20 
15 19 19 11 0 0 0 0 0 0 0 0 0 0 0 0 0 0 0 0 0 0 0 0 0 0 0 0 0 0 0 0 0 0 0 0 0 0 0 0 
0 0 0 0 0 0 0 0 0 0 0 0 17 18 17 18 0 0 0 0 0 0 0 0 0 0 0 0 0 0 0 0 15 10 10 16 0 0 0 0 
0 0 0 0 16 11 15 17 14 19 19 20 10 18 16 13 20 14 15 17 18 12 20 10 17 20 20 13 12 12 18 10 13 10 19 16 0 0 0 0 
0 0 0 0 17 13 15 15 10 17 15 17 15 16 18 18 15 18 19 15 13 18 20 20 15 16 19 20 20 17 18 16 20 20 16 19 0 0 0 0 
0 0 0 0 0 0 0 0 0 0 0 0 0 0 0 0 0 0 0 0 0 0 0 0 0 0 0 0 0 0 0 0 0 0 0 0 15 17 15 18 
12 12 10 11 0 0 0 0 0 0 0 0 0 0 0 0 0 0 0 0 0 0 0 0 0 0 0 0 0 0 0 0 0 0 0 0 0 0 0 0 
0 0 0 0 15 12 10 19 20 20 20 14 0 0 0 0 0 0 0 0 0 0 0 0 0 0 0 0 0 0 0 0 15 12 18 16 0 0 0 0 
0 0 0 0 0 0 0 0 13 19 20 17 12 12 14 11 0 0 0 0 10 13 10 19 19 20 15 20 14 11 17 16 20 19 13 11 0 0 0 0 
0 0 0 0 17 13 16 13 13 16 12 11 18 16 19 10 0 0 0 0 16 13 12 11 15 14 15 19 11 16 11 17 16 16 20 15 0 0 0 0 
0 0 0 0 0 0 0 0 0 0 0 0 0 0 0 0 0 0 0 0 0 0 0 0 0 0 0 0 0 0 0 0 0 0 0 0 11 15 13 11 
16 17 15 11 0 0 0 0 0 0 0 0 0 0 0 0 0 0 0 0 0 0 0 0 0 0 0 0 0 0 0 0 0 0 0 0 0 0 0 0 
0 0 0 0 0 0 0 0 0 0 0 0 0 0 0 0 0 0 0 0 0 0 0 0 0 0 0 0 19 10 12 11 0 0 0 0 0 0 0 0 
0 0 0 0 18 17 16 20 0 0 0 0 19 15 17 11 20 12 14 18 12 11 18 11 10 12 19 14 17 14 20 19 0 0 0 0 0 0 0 0 
0 0 0 0 0 0 0 0 0 0 0 0 0 0 0 0 0 0 0 0 0 0 0 0 14 12 17 11 18 15 20 19 17 11 18 15 0 0 0 0 
0 0 0 0 0 0 0 0 0 0 0 0 0 0 0 0 0 0 0 0 0 0 0 0 0 0 0 0 0 0 0 0 0 0 0 0 20 13 11 13 
11 17 15 11 0 0 0 0 0 0 0 0 0 0 0 0 0 0 0 0 0 0 0 0 0 0 0 0 0 0 0 0 0 0 0 0 0 0 0 0 
0 0 0 0 0 0 0 0 0 0 0 0 0 0 0 0 19 13 16 11 0 0 0 0 0 0 0 0 15 10 12 14 0 0 0 0 0 0 0 0 
0 0 0 0 14 12 14 15 12 15 15 13 16 20 14 13 11 20 16 13 16 10 20 15 16 18 17 12 19 14 17 14 11 18 15 15 0 0 0 0 
0 0 0 0 0 0 0 0 0 0 0 0 16 19 16 11 0 0 0 0 0 0 0 0 0 0 0 0 0 0 0 0 0 0 0 0 0 0 0 0 
0 0 0 0 0 0 0 0 0 0 0 0 0 0 0 0 0 0 0 0 0 0 0 0 0 0 0 0 0 0 0 0 0 0 0 0 19 17 10 19 
19 12 19 13 0 0 0 0 0 0 0 0 0 0 0 0 0 0 0 0 0 0 0 0 0 0 0 0 0 0 0 0 0 0 0 0 0 0 0 0 
0 0 0 0 18 15 16 12 14 19 18 18 0 0 0 0 14 18 14 14 12 13 18 15 16 19 12 17 10 12 19 18 11 16 11 14 0 0 0 0 
0 0 0 0 17 20 11 20 0 0 0 0 0 0 0 0 13 11 16 17 0 0 0 0 0 0 0 0 14 13 14 14 20 13 11 19 0 0 0 0 
0 0 0 0 0 0 0 0 0 0 0 0 0 0 0 0 0 0 0 0 15 15 16 17 0 0 0 0 14 19 12 11 0 0 0 0 0 0 0 0 
0 0 0 0 0 0 0 0 0 0 0 0 0 0 0 0 0 0 0 0 0 0 0 0 0 0 0 0 0 0 0 0 0 0 0 0 20 12 18 19 
11 20 16 16 0 0 0 0 0 0 0 0 0 0 0 0 0 0 0 0 0 0 0 0 0 0 0 0 0 0 0 0 0 0 0 0 0 0 0 0 
0 0 0 0 14 17 14 15 15 12 12 14 14 18 16 14 13 14 18 12 12 10 14 12 10 15 17 17 12 15 11 16 20 14 19 13 0 0 0 0 
0 0 0 0 0 0 0 0 0 0 0 0 17 16 18 19 0 0 0 0 0 0 0 0 18 18 12 11 12 13 16 19 0 0 0 0 0 0 0 0 
0 0 0 0 0 0 0 0 0 0 0 0 11 16 18 12 15 18 20 18 0 0 0 0 0 0 0 0 0 0 0 0 16 20 19 20 0 0 0 0 
0 0 0 0 0 0 0 0 0 0 0 0 0 0 0 0 0 0 0 0 0 0 0 0 0 0 0 0 0 0 0 0 0 0 0 0 17 18 18 15 
13 18 14 17 0 0 0 0 0 0 0 0 0 0 0 0 0 0 0 0 0 0 0 0 0 0 0 0 0 0 0 0 0 0 0 0 0 0 0 0 
0 0 0 0 10 18 10 20 17 16 19 15 18 19 15 16 11 12 20 15 17 13 14 20 19 11 19 17 13 11 18 18 15 11 16 11 0 0 0 0 
0 0 0 0 0 0 0 0 0 0 0 0 16 15 19 20 0 0 0 0 0 0 0 0 0 0 0 0 0 0 0 0 0 0 0 0 0 0 0 0 
0 0 0 0 16 13 17 17 12 14 14 18 17 14 19 10 19 10 17 18 17 18 11 12 18 10 20 17 16 17 13 17 11 11 18 10 0 0 0 0 
0 0 0 0 0 0 0 0 0 0 0 0 0 0 0 0 0 0 0 0 0 0 0 0 0 0 0 0 0 0 0 0 0 0 0 0 13 19 19 12 
17 10 12 12 0 0 0 0 0 0 0 0 0 0 0 0 0 0 0 0 0 0 0 0 0 0 0 0 0 0 0 0 0 0 0 0 0 0 0 0 
0 0 0 0 14 12 18 11 19 14 11 19 0 0 0 0 19 13 15 18 19 12 14 13 17 16 11 18 12 14 11 14 12 16 10 16 0 0 0 0 
0 0 0 0 0 0 0 0 0 0 0 0 0 0 0 0 15 15 12 17 0 0 0 0 17 17 15 16 15 15 12 19 0 0 0 0 0 0 0 0 
0 0 0 0 0 0 0 0 0 0 0 0 0 0 0 0 15 10 12 15 11 17 14 15 12 12 19 16 16 16 17 14 12 19 16 15 0 0 0 0 
0 0 0 0 0 0 0 0 0 0 0 0 0 0 0 0 0 0 0 0 0 0 0 0 0 0 0 0 0 0 0 0 0 0 0 0 10 17 19 11 
16 17 15 12 0 0 0 0 0 0 0 0 0 0 0 0 0 0 0 0 0 0 0 0 0 0 0 0 0 0 0 0 0 0 0 0 0 0 0 0 
0 0 0 0 20 13 19 12 18 12 19 15 19 17 17 15 17 10 11 20 15 11 18 20 19 13 18 10 13 12 18 12 10 15 15 15 0 0 0 0 
0 0 0 0 15 12 15 19 17 20 12 12 16 13 19 19 20 11 20 13 14 16 14 14 15 15 19 10 0 0 0 0 15 12 20 12 0 0 0 0 
0 0 0 0 0 0 0 0 0 0 0 0 10 12 15 18 0 0 0 0 0 0 0 0 0 0 0 0 0 0 0 0 14 17 10 17 0 0 0 0 
0 0 0 0 0 0 0 0 0 0 0 0 0 0 0 0 0 0 0 0 0 0 0 0 0 0 0 0 0 0 0 0 0 0 0 0 11 15 15 10 
13 18 14 19 0 0 0 0 0 0 0 0 0 0 0 0 0 0 0 0 0 0 0 0 0 0 0 0 0 0 0 0 0 0 0 0 0 0 0 0 
0 0 0 0 0 0 0 0 10 12 15 10 17 15 13 14 20 11 11 18 10 10 20 11 10 19 14 19 0 0 0 0 14 14 14 19 0 0 0 0 
0 0 0 0 14 15 16 18 18 12 13 13 0 0 0 0 15 18 14 16 13 17 19 11 17 16 14 20 12 14 17 12 16 17 14 18 0 0 0 0 
0 0 0 0 15 12 13 14 16 11 18 13 18 10 12 13 15 13 18 19 18 14 14 12 13 19 20 10 13 20 10 20 10 14 15 10 0 0 0 0 
0 0 0 0 0 0 0 0 0 0 0 0 0 0 0 0 0 0 0 0 0 0 0 0 0 0 0 0 0 0 0 0 0 0 0 0 16 13 12 11 
10 16 19 18 0 0 0 0 0 0 0 0 0 0 0 0 0 0 0 0 0 0 0 0 0 0 0 0 0 0 0 0 0 0 0 0 0 0 0 0 
0 0 0 0 18 14 19 16 20 19 16 10 17 16 13 18 19 12 16 16 15 12 16 18 18 14 19 19 15 20 18 14 16 20 16 14 0 0 0 0 
0 0 0 0 0 0 0 0 14 12 20 11 0 0 0 0 18 11 12 19 11 13 19 17 0 0 0 0 10 15 15 20 20 16 19 12 0 0 0 0 
0 0 0 0 0 0 0 0 17 17 16 12 16 16 12 15 0 0 0 0 16 16 17 10 17 18 12 16 0 0 0 0 0 0 0 0 0 0 0 0 
0 0 0 0 0 0 0 0 0 0 0 0 0 0 0 0 0 0 0 0 0 0 0 0 0 0 0 0 0 0 0 0 0 0 0 0 18 15 11 14 
19 10 13 14 0 0 0 0 0 0 0 0 0 0 0 0 0 0 0 0 0 0 0 0 0 0 0 0 0 0 0 0 0 0 0 0 0 0 0 0 
0 0 0 0 0 0 0 0 19 14 14 20 10 19 19 11 0 0 0 0 11 19 20 20 10 20 10 17 19 13 16 15 0 0 0 0 0 0 0 0 
0 0 0 0 13 18 16 13 0 0 0 0 0 0 0 0 0 0 0 0 0 0 0 0 11 19 17 17 0 0 0 0 0 0 0 0 0 0 0 0 
0 0 0 0 0 0 0 0 0 0 0 0 0 0 0 0 0 0 0 0 0 0 0 0 15 18 20 17 11 10 17 20 0 0 0 0 0 0 0 0 
0 0 0 0 0 0 0 0 0 0 0 0 0 0 0 0 0 0 0 0 0 0 0 0 0 0 0 0 0 0 0 0 0 0 0 0 15 10 16 19 
16 11 14 13 0 0 0 0 0 0 0 0 0 0 0 0 0 0 0 0 0 0 0 0 0 0 0 0 0 0 0 0 0 0 0 0 0 0 0 0 
0 0 0 0 14 15 18 18 13 18 19 12 0 0 0 0 0 0 0 0 0 0 0 0 0 0 0 0 18 19 14 14 0 0 0 0 0 0 0 0 
0 0 0 0 15 16 19 13 0 0 0 0 0 0 0 0 0 0 0 0 19 15 18 12 13 12 12 15 14 13 19 10 19 19 20 17 0 0 0 0 
0 0 0 0 0 0 0 0 0 0 0 0 0 0 0 0 0 0 0 0 0 0 0 0 0 0 0 0 13 14 11 13 0 0 0 0 0 0 0 0 
0 0 0 0 0 0 0 0 0 0 0 0 0 0 0 0 0 0 0 0 0 0 0 0 0 0 0 0 0 0 0 0 0 0 0 0 11 11 12 11 
19 10 20 18 0 0 0 0 0 0 0 0 0 0 0 0 0 0 0 0 0 0 0 0 0 0 0 0 0 0 0 0 0 0 0 0 0 0 0 0 
0 0 0 0 14 20 10 17 13 16 11 19 0 0 0 0 11 19 11 18 12 17 16 12 20 20 13 15 0 0 0 0 16 13 11 16 0 0 0 0 
0 0 0 0 0 0 0 0 10 18 18 10 16 11 17 11 0 0 0 0 0 0 0 0 0 0 0 0 0 0 0 0 0 0 0 0 0 0 0 0 
0 0 0 0 0 0 0 0 17 19 16 16 16 16 14 17 17 11 13 19 0 0 0 0 0 0 0 0 20 19 20 11 15 15 10 14 0 0 0 0 
0 0 0 0 0 0 0 0 0 0 0 0 0 0 0 0 0 0 0 0 0 0 0 0 0 0 0 0 0 0 0 0 0 0 0 0 10 19 20 10 
13 18 20 20 0 0 0 0 0 0 0 0 0 0 0 0 0 0 0 0 0 0 0 0 0 0 0 0 0 0 0 0 0 0 0 0 0 0 0 0 
0 0 0 0 0 0 0 0 0 0 0 0 0 0 0 0 0 0 0 0 0 0 0 0 12 11 17 11 0 0 0 0 0 0 0 0 0 0 0 0 
0 0 0 0 0 0 0 0 0 0 0 0 0 0 0 0 0 0 0 0 0 0 0 0 0 0 0 0 10 20 12 18 0 0 0 0 0 0 0 0 
0 0 0 0 0 0 0 0 20 10 19 15 11 17 14 12 0 0 0 0 0 0 0 0 11 16 14 16 0 0 0 0 0 0 0 0 0 0 0 0 
0 0 0 0 0 0 0 0 0 0 0 0 0 0 0 0 0 0 0 0 0 0 0 0 0 0 0 0 0 0 0 0 0 0 0 0 15 20 17 10 
13 11 20 10 0 0 0 0 0 0 0 0 0 0 0 0 0 0 0 0 0 0 0 0 0 0 0 0 0 0 0 0 0 0 0 0 0 0 0 0 
0 0 0 0 14 18 16 18 13 19 18 15 20 19 19 20 0 0 0 0 14 19 19 13 14 12 12 10 10 19 20 15 20 17 16 15 0 0 0 0 
0 0 0 0 0 0 0 0 16 18 16 14 0 0 0 0 19 18 19 11 0 0 0 0 0 0 0 0 0 0 0 0 0 0 0 0 0 0 0 0 
0 0 0 0 14 19 16 11 14 17 20 11 17 13 10 13 20 16 20 18 16 16 14 15 19 14 15 18 10 17 11 20 20 18 10 12 0 0 0 0 
0 0 0 0 0 0 0 0 0 0 0 0 0 0 0 0 0 0 0 0 0 0 0 0 0 0 0 0 0 0 0 0 0 0 0 0 20 11 14 15 
16 11 16 10 0 0 0 0 0 0 0 0 0 0 0 0 0 0 0 0 0 0 0 0 0 0 0 0 0 0 0 0 0 0 0 0 0 0 0 0 
0 0 0 0 19 12 15 14 10 12 20 15 13 14 12 18 0 0 0 0 10 15 16 10 10 12 15 19 16 18 19 17 14 13 12 14 0 0 0 0 
0 0 0 0 0 0 0 0 15 13 14 17 0 0 0 0 0 0 0 0 0 0 0 0 0 0 0 0 0 0 0 0 0 0 0 0 0 0 0 0 
0 0 0 0 0 0 0 0 12 16 10 15 0 0 0 0 0 0 0 0 0 0 0 0 0 0 0 0 15 16 17 14 14 18 18 15 0 0 0 0 
0 0 0 0 0 0 0 0 0 0 0 0 0 0 0 0 0 0 0 0 0 0 0 0 0 0 0 0 0 0 0 0 0 0 0 0 11 19 14 15 
11 20 18 16 0 0 0 0 0 0 0 0 0 0 0 0 0 0 0 0 0 0 0 0 0 0 0 0 0 0 0 0 0 0 0 0 0 0 0 0 
0 0 0 0 0 0 0 0 0 0 0 0 0 0 0 0 0 0 0 0 0 0 0 0 14 20 13 18 0 0 0 0 0 0 0 0 0 0 0 0 
0 0 0 0 14 18 14 18 10 16 19 14 19 11 19 14 19 15 17 14 19 16 14 17 12 18 20 15 11 13 11 14 14 14 14 14 0 0 0 0 
0 0 0 0 0 0 0 0 0 0 0 0 0 0 0 0 0 0 0 0 0 0 0 0 0 0 0 0 11 16 13 10 18 20 12 11 0 0 0 0 
0 0 0 0 0 0 0 0 0 0 0 0 0 0 0 0 0 0 0 0 0 0 0 0 0 0 0 0 0 0 0 0 0 0 0 0 15 20 11 15 
11 17 18 13 0 0 0 0 0 0 0 0 0 0 0 0 0 0 0 0 0 0 0 0 0 0 0 0 0 0 0 0 0 0 0 0 0 0 0 0 
0 0 0 0 0 0 0 0 0 0 0 0 0 0 0 0 0 0 0 0 16 14 15 12 0 0 0 0 0 0 0 0 0 0 0 0 0 0 0 0 
0 0 0 0 0 0 0 0 12 14 20 16 0 0 0 0 11 15 14 17 0 0 0 0 0 0 0 0 11 15 16 12 15 15 12 14 0 0 0 0 
0 0 0 0 16 16 16 20 15 17 11 12 0 0 0 0 20 10 12 20 10 12 16 17 0 0 0 0 10 10 16 15 0 0 0 0 0 0 0 0 
0 0 0 0 0 0 0 0 0 0 0 0 0 0 0 0 0 0 0 0 0 0 0 0 0 0 0 0 0 0 0 0 0 0 0 0 10 15 18 17 
11 16 15 16 0 0 0 0 0 0 0 0 0 0 0 0 0 0 0 0 0 0 0 0 0 0 0 0 0 0 0 0 0 0 0 0 0 0 0 0 
0 0 0 0 18 10 20 20 18 17 19 20 0 0 0 0 17 14 13 11 14 18 16 17 0 0 0 0 14 16 18 15 0 0 0 0 0 0 0 0 
0 0 0 0 0 0 0 0 0 0 0 0 0 0 0 0 16 17 19 17 13 10 18 14 0 0 0 0 0 0 0 0 0 0 0 0 0 0 0 0 
0 0 0 0 0 0 0 0 19 15 14 10 0 0 0 0 14 17 17 20 13 10 19 12 18 12 18 14 0 0 0 0 13 14 10 16 0 0 0 0 
0 0 0 0 0 0 0 0 0 0 0 0 0 0 0 0 0 0 0 0 0 0 0 0 0 0 0 0 0 0 0 0 0 0 0 0 19 19 13 19 
13 17 14 12 0 0 0 0 0 0 0 0 0 0 0 0 0 0 0 0 0 0 0 0 0 0 0 0 0 0 0 0 0 0 0 0 0 0 0 0 
0 0 0 0 0 0 0 0 17 15 15 14 0 0 0 0 13 16 16 13 14 16 12 17 12 16 19 15 0 0 0 0 0 0 0 0 0 0 0 0 
0 0 0 0 0 0 0 0 11 13 13 15 0 0 0 0 10 10 14 20 0 0 0 0 0 0 0 0 0 0 0 0 0 0 0 0 0 0 0 0 
0 0 0 0 20 20 18 14 18 19 17 17 16 17 15 18 10 16 16 19 15 10 20 17 10 17 19 14 20 14 13 13 19 19 15 12 0 0 0 0 
0 0 0 0 0 0 0 0 0 0 0 0 0 0 0 0 0 0 0 0 0 0 0 0 0 0 0 0 0 0 0 0 0 0 0 0 20 17 13 18 
12 18 18 13 0 0 0 0 0 0 0 0 0 0 0 0 0 0 0 0 0 0 0 0 0 0 0 0 0 0 0 0 0 0 0 0 0 0 0 0 
0 0 0 0 0 0 0 0 0 0 0 0 10 18 17 11 0 0 0 0 0 0 0 0 0 0 0 0 0 0 0 0 0 0 0 0 0 0 0 0 
0 0 0 0 0 0 0 0 12 14 17 12 0 0 0 0 14 17 15 10 0 0 0 0 11 10 10 18 14 15 17 12 0 0 0 0 0 0 0 0 
0 0 0 0 0 0 0 0 12 11 20 13 0 0 0 0 19 12 11 15 12 19 20 12 0 0 0 0 0 0 0 0 0 0 0 0 0 0 0 0 
0 0 0 0 0 0 0 0 0 0 0 0 0 0 0 0 0 0 0 0 0 0 0 0 0 0 0 0 0 0 0 0 0 0 0 0 19 20 20 20 
16 10 11 16 0 0 0 0 0 0 0 0 0 0 0 0 0 0 0 0 0 0 0 0 0 0 0 0 0 0 0 0 0 0 0 0 0 0 0 0 
0 0 0 0 0 0 0 0 0 0 0 0 0 0 0 0 0 0 0 0 16 17 15 14 0 0 0 0 0 0 0 0 0 0 0 0 0 0 0 0 
0 0 0 0 11 15 10 15 12 16 10 17 0 0 0 0 0 0 0 0 15 14 19 20 13 12 20 16 14 19 13 12 11 19 19 18 0 0 0 0 
0 0 0 0 0 0 0 0 14 16 20 19 10 18 12 19 0 0 0 0 0 0 0 0 20 18 14 10 13 18 18 18 13 17 17 11 0 0 0 0 
0 0 0 0 0 0 0 0 0 0 0 0 0 0 0 0 0 0 0 0 0 0 0 0 0 0 0 0 0 0 0 0 0 0 0 0 13 14 13 14 
11 16 20 17 0 0 0 0 0 0 0 0 0 0 0 0 0 0 0 0 0 0 0 0 0 0 0 0 0 0 0 0 0 0 0 0 0 0 0 0 
0 0 0 0 0 0 0 0 14 18 13 15 11 13 17 16 0 0 0 0 12 17 16 12 10 10 19 17 0 0 0 0 20 15 10 15 0 0 0 0 
0 0 0 0 10 18 14 18 0 0 0 0 13 13 19 15 0 0 0 0 0 0 0 0 20 10 11 20 12 11 19 12 0 0 0 0 0 0 0 0 
0 0 0 0 0 0 0 0 15 15 20 14 13 17 10 19 19 16 19 18 12 12 11 20 18 16 16 12 11 18 17 14 12 12 15 15 0 0 0 0 
0 0 0 0 0 0 0 0 0 0 0 0 0 0 0 0 0 0 0 0 0 0 0 0 0 0 0 0 0 0 0 0 0 0 0 0 12 13 15 18 
13 19 20 13 0 0 0 0 0 0 0 0 0 0 0 0 0 0 0 0 0 0 0 0 0 0 0 0 0 0 0 0 0 0 0 0 0 0 0 0 
0 0 0 0 0 0 0 0 13 15 19 12 15 13 17 20 17 16 16 13 0 0 0 0 19 15 13 15 17 12 19 15 19 13 17 17 0 0 0 0 
0 0 0 0 13 16 11 12 18 13 19 18 19 10 15 16 17 12 11 18 14 15 17 20 20 17 13 20 17 10 13 16 0 0 0 0 0 0 0 0 
0 0 0 0 20 13 14 15 12 15 18 15 0 0 0 0 13 12 15 18 18 19 20 18 16 18 10 19 20 11 12 15 18 10 20 10 0 0 0 0 
0 0 0 0 0 0 0 0 0 0 0 0 0 0 0 0 0 0 0 0 0 0 0 0 0 0 0 0 0 0 0 0 0 0 0 0 10 11 17 16 
19 12 15 11 0 0 0 0 0 0 0 0 0 0 0 0 0 0 0 0 0 0 0 0 0 0 0 0 0 0 0 0 0 0 0 0 0 0 0 0 
0 0 0 0 0 0 0 0 10 14 16 15 0 0 0 0 0 0 0 0 0 0 0 0 0 0 0 0 0 0 0 0 17 10 10 18 0 0 0 0 
0 0 0 0 14 15 12 10 17 18 13 12 15 14 12 18 0 0 0 0 12 20 12 12 17 12 14 10 14 16 18 11 0 0 0 0 0 0 0 0 
0 0 0 0 0 0 0 0 19 19 16 15 0 0 0 0 0 0 0 0 0 0 0 0 11 17 16 14 0 0 0 0 0 0 0 0 0 0 0 0 
0 0 0 0 0 0 0 0 0 0 0 0 0 0 0 0 0 0 0 0 0 0 0 0 0 0 0 0 0 0 0 0 0 0 0 0 17 10 10 14 
14 19 12 12 0 0 0 0 0 0 0 0 0 0 0 0 0 0 0 0 0 0 0 0 0 0 0 0 0 0 0 0 0 0 0 0 0 0 0 0 
0 0 0 0 14 16 18 11 0 0 0 0 0 0 0 0 0 0 0 0 0 0 0 0 0 0 0 0 0 0 0 0 0 0 0 0 0 0 0 0 
0 0 0 0 0 0 0 0 0 0 0 0 0 0 0 0 0 0 0 0 20 14 11 19 0 0 0 0 0 0 0 0 0 0 0 0 0 0 0 0 
0 0 0 0 0 0 0 0 0 0 0 0 14 19 11 11 0 0 0 0 0 0 0 0 0 0 0 0 0 0 0 0 0 0 0 0 0 0 0 0 
0 0 0 0 0 0 0 0 0 0 0 0 0 0 0 0 0 0 0 0 0 0 0 0 0 0 0 0 0 0 0 0 0 0 0 0 17 17 20 14 
12 20 12 20 0 0 0 0 0 0 0 0 0 0 0 0 0 0 0 0 0 0 0 0 0 0 0 0 0 0 0 0 0 0 0 0 0 0 0 0 
0 0 0 0 0 0 0 0 10 14 18 18 0 0 0 0 10 11 16 13 0 0 0 0 0 0 0 0 0 0 0 0 0 0 0 0 0 0 0 0 
0 0 0 0 0 0 0 0 0 0 0 0 0 0 0 0 0 0 0 0 19 20 17 13 0 0 0 0 10 16 12 11 0 0 0 0 0 0 0 0 
0 0 0 0 0 0 0 0 10 15 20 11 0 0 0 0 20 14 19 11 16 18 17 16 10 19 20 12 10 17 15 17 0 0 0 0 0 0 0 0 
0 0 0 0 0 0 0 0 0 0 0 0 0 0 0 0 0 0 0 0 0 0 0 0 0 0 0 0 0 0 0 0 0 0 0 0 20 18 11 20 
14 19 12 12 0 0 0 0 0 0 0 0 0 0 0 0 0 0 0 0 0 0 0 0 0 0 0 0 0 0 0 0 0 0 0 0 0 0 0 0 
0 0 0 0 17 16 17 10 13 14 19 19 0 0 0 0 15 11 13 12 17 12 10 15 0 0 0 0 16 12 20 13 20 18 14 17 0 0 0 0 
0 0 0 0 0 0 0 0 0 0 0 0 13 18 18 12 0 0 0 0 0 0 0 0 11 12 17 11 0 0 0 0 0 0 0 0 0 0 0 0 
0 0 0 0 15 20 20 20 20 12 15 19 18 14 16 11 17 20 15 13 10 11 13 16 15 20 15 11 20 12 12 19 13 12 20 19 0 0 0 0 
0 0 0 0 0 0 0 0 0 0 0 0 0 0 0 0 0 0 0 0 0 0 0 0 0 0 0 0 0 0 0 0 0 0 0 0 17 14 11 19 
10 18 13 16 0 0 0 0 0 0 0 0 0 0 0 0 0 0 0 0 0 0 0 0 0 0 0 0 0 0 0 0 0 0 0 0 0 0 0 0 
0 0 0 0 0 0 0 0 0 0 0 0 12 12 20 13 0 0 0 0 0 0 0 0 0 0 0 0 0 0 0 0 0 0 0 0 0 0 0 0 
0 0 0 0 0 0 0 0 17 15 20 19 0 0 0 0 0 0 0 0 0 0 0 0 0 0 0 0 0 0 0 0 0 0 0 0 0 0 0 0 
0 0 0 0 0 0 0 0 0 0 0 0 0 0 0 0 20 14 17 14 0 0 0 0 0 0 0 0 0 0 0 0 0 0 0 0 0 0 0 0 
0 0 0 0 0 0 0 0 0 0 0 0 0 0 0 0 0 0 0 0 0 0 0 0 0 0 0 0 0 0 0 0 0 0 0 0 17 12 17 12 
12 13 19 19 0 0 0 0 0 0 0 0 0 0 0 0 0 0 0 0 0 0 0 0 0 0 0 0 0 0 0 0 0 0 0 0 0 0 0 0 
0 0 0 0 12 12 11 18 16 12 13 14 0 0 0 0 18 12 18 20 19 10 12 20 11 16 16 11 0 0 0 0 0 0 0 0 0 0 0 0 
0 0 0 0 18 14 11 15 18 17 20 16 20 14 13 17 16 20 15 17 12 20 20 14 19 15 15 20 18 17 19 13 12 16 19 10 0 0 0 0 
0 0 0 0 10 18 19 15 15 10 19 12 0 0 0 0 0 0 0 0 0 0 0 0 0 0 0 0 0 0 0 0 0 0 0 0 0 0 0 0 
0 0 0 0 0 0 0 0 0 0 0 0 0 0 0 0 0 0 0 0 0 0 0 0 0 0 0 0 0 0 0 0 0 0 0 0 20 19 18 15 
17 19 17 11 0 0 0 0 0 0 0 0 0 0 0 0 0 0 0 0 0 0 0 0 0 0 0 0 0 0 0 0 0 0 0 0 0 0 0 0 
0 0 0 0 20 19 11 20 19 19 14 14 0 0 0 0 0 0 0 0 0 0 0 0 19 13 16 12 0 0 0 0 0 0 0 0 0 0 0 0 
0 0 0 0 0 0 0 0 0 0 0 0 18 16 16 20 0 0 0 0 0 0 0 0 0 0 0 0 0 0 0 0 11 11 14 12 0 0 0 0 
0 0 0 0 17 20 11 10 0 0 0 0 18 17 12 11 20 16 17 15 15 18 14 12 15 14 13 16 15 13 18 12 0 0 0 0 0 0 0 0 
0 0 0 0 0 0 0 0 0 0 0 0 0 0 0 0 0 0 0 0 0 0 0 0 0 0 0 0 0 0 0 0 0 0 0 0 15 12 13 13 
10 15 11 13 0 0 0 0 0 0 0 0 0 0 0 0 0 0 0 0 0 0 0 0 0 0 0 0 0 0 0 0 0 0 0 0 0 0 0 0 
0 0 0 0 10 19 18 19 19 19 13 17 18 19 14 16 14 16 18 13 20 16 17 17 0 0 0 0 17 20 18 10 0 0 0 0 0 0 0 0 
0 0 0 0 0 0 0 0 0 0 0 0 0 0 0 0 0 0 0 0 14 11 18 13 0 0 0 0 16 10 16 11 0 0 0 0 0 0 0 0 
0 0 0 0 12 16 11 13 19 19 13 12 12 18 15 10 0 0 0 0 16 16 19 20 15 11 12 20 0 0 0 0 0 0 0 0 0 0 0 0 
0 0 0 0 0 0 0 0 0 0 0 0 0 0 0 0 0 0 0 0 0 0 0 0 0 0 0 0 0 0 0 0 0 0 0 0 16 13 12 10 
16 13 11 11 0 0 0 0 0 0 0 0 0 0 0 0 0 0 0 0 0 0 0 0 0 0 0 0 0 0 0 0 0 0 0 0 0 0 0 0 
0 0 0 0 0 0 0 0 0 0 0 0 0 0 0 0 0 0 0 0 12 15 19 10 0 0 0 0 0 0 0 0 0 0 0 0 0 0 0 0 
0 0 0 0 11 16 14 17 15 18 18 15 11 18 10 15 13 11 12 14 16 11 12 11 14 10 17 17 18 12 13 19 16 19 18 18 0 0 0 0 
0 0 0 0 0 0 0 0 0 0 0 0 0 0 0 0 0 0 0 0 0 0 0 0 0 0 0 0 13 10 19 10 0 0 0 0 0 0 0 0 
0 0 0 0 0 0 0 0 0 0 0 0 0 0 0 0 0 0 0 0 0 0 0 0 0 0 0 0 0 0 0 0 0 0 0 0 10 19 14 19 
10 20 19 18 0 0 0 0 0 0 0 0 0 0 0 0 0 0 0 0 0 0 0 0 0 0 0 0 0 0 0 0 0 0 0 0 0 0 0 0 
0 0 0 0 13 17 12 20 18 12 17 20 16 16 13 17 0 0 0 0 10 16 17 13 19 12 16 12 16 10 19 10 10 18 10 12 0 0 0 0 
0 0 0 0 10 17 12 14 13 15 19 14 15 14 19 17 14 15 14 15 17 15 13 10 0 0 0 0 0 0 0 0 20 15 20 11 0 0 0 0 
0 0 0 0 0 0 0 0 0 0 0 0 0 0 0 0 12 17 14 18 17 20 15 18 0 0 0 0 0 0 0 0 13 12 14 15 0 0 0 0 
0 0 0 0 0 0 0 0 0 0 0 0 0 0 0 0 0 0 0 0 0 0 0 0 0 0 0 0 0 0 0 0 0 0 0 0 19 19 13 11 
18 18 16 13 0 0 0 0 0 0 0 0 0 0 0 0 0 0 0 0 0 0 0 0 0 0 0 0 0 0 0 0 0 0 0 0 0 0 0 0 
0 0 0 0 0 0 0 0 0 0 0 0 0 0 0 0 0 0 0 0 20 15 10 10 0 0 0 0 0 0 0 0 0 0 0 0 0 0 0 0 
0 0 0 0 17 19 17 12 0 0 0 0 17 13 18 15 10 17 12 16 10 17 17 11 20 11 13 14 11 10 11 19 20 18 11 11 0 0 0 0 
0 0 0 0 17 12 15 10 16 12 15 13 11 14 10 13 0 0 0 0 20 14 11 11 0 0 0 0 0 0 0 0 0 0 0 0 0 0 0 0 
0 0 0 0 0 0 0 0 0 0 0 0 0 0 0 0 0 0 0 0 0 0 0 0 0 0 0 0 0 0 0 0 0 0 0 0 15 14 11 19 
19 20 15 18 0 0 0 0 0 0 0 0 0 0 0 0 0 0 0 0 0 0 0 0 0 0 0 0 0 0 0 0 0 0 0 0 0 0 0 0 
0 0 0 0 11 18 18 14 17 10 14 12 0 0 0 0 0 0 0 0 18 10 16 20 13 13 10 14 0 0 0 0 16 20 10 14 0 0 0 0 
0 0 0 0 10 14 12 17 12 17 19 10 19 19 18 18 11 19 17 17 16 15 14 18 17 11 15 17 12 17 11 14 11 17 11 13 0 0 0 0 
0 0 0 0 0 0 0 0 0 0 0 0 18 15 14 11 0 0 0 0 17 11 14 13 18 18 12 16 20 15 10 18 0 0 0 0 0 0 0 0 
0 0 0 0 0 0 0 0 0 0 0 0 0 0 0 0 0 0 0 0 0 0 0 0 0 0 0 0 0 0 0 0 0 0 0 0 19 12 19 15 
14 14 16 13 0 0 0 0 0 0 0 0 0 0 0 0 0 0 0 0 0 0 0 0 0 0 0 0 0 0 0 0 0 0 0 0 0 0 0 0 
0 0 0 0 0 0 0 0 0 0 0 0 0 0 0 0 15 16 19 11 0 0 0 0 0 0 0 0 0 0 0 0 0 0 0 0 0 0 0 0 
0 0 0 0 19 11 13 20 16 20 12 14 11 13 15 14 19 17 16 20 16 16 14 15 19 13 17 15 12 13 12 14 11 20 18 14 0 0 0 0 
0 0 0 0 15 18 14 15 16 12 19 10 0 0 0 0 19 18 14 15 0 0 0 0 0 0 0 0 0 0 0 0 11 10 12 19 0 0 0 0 
0 0 0 0 0 0 0 0 0 0 0 0 0 0 0 0 0 0 0 0 0 0 0 0 0 0 0 0 0 0 0 0 0 0 0 0 17 19 13 13 
13 17 14 14 0 0 0 0 0 0 0 0 0 0 0 0 0 0 0 0 0 0 0 0 0 0 0 0 0 0 0 0 0 0 0 0 0 0 0 0 
0 0 0 0 0 0 0 0 12 20 18 15 0 0 0 0 0 0 0 0 0 0 0 0 0 0 0 0 0 0 0 0 0 0 0 0 0 0 0 0 
0 0 0 0 13 13 15 16 16 16 11 15 15 14 18 20 17 17 11 15 16 14 20 11 0 0 0 0 18 18 11 10 17 11 16 15 0 0 0 0 
0 0 0 0 15 17 18 14 10 18 17 17 0 0 0 0 0 0 0 0 0 0 0 0 0 0 0 0 15 13 16 18 0 0 0 0 0 0 0 0 
0 0 0 0 0 0 0 0 0 0 0 0 0 0 0 0 0 0 0 0 0 0 0 0 0 0 0 0 0 0 0 0 0 0 0 0 20 20 12 18 
19 14 15 10 0 0 0 0 0 0 0 0 0 0 0 0 0 0 0 0 0 0 0 0 0 0 0 0 0 0 0 0 0 0 0 0 0 0 0 0 
0 0 0 0 0 0 0 0 0 0 0 0 0 0 0 0 0 0 0 0 0 0 0 0 0 0 0 0 0 0 0 0 17 19 16 18 0 0 0 0 
0 0 0 0 19 18 17 18 11 13 14 20 11 18 19 14 20 18 12 20 20 14 18 14 19 17 11 19 17 11 13 14 15 13 20 11 0 0 0 0 
0 0 0 0 10 20 12 19 16 20 10 16 0 0 0 0 12 11 15 11 0 0 0 0 0 0 0 0 16 18 12 15 0 0 0 0 0 0 0 0 
0 0 0 0 0 0 0 0 0 0 0 0 0 0 0 0 0 0 0 0 0 0 0 0 0 0 0 0 0 0 0 0 0 0 0 0 19 16 18 19 
15 17 19 20 0 0 0 0 0 0 0 0 0 0 0 0 0 0 0 0 0 0 0 0 0 0 0 0 0 0 0 0 0 0 0 0 0 0 0 0 
0 0 0 0 11 16 12 15 12 18 14 20 0 0 0 0 17 12 18 17 0 0 0 0 0 0 0 0 18 18 15 13 11 11 18 19 0 0 0 0 
0 0 0 0 0 0 0 0 0 0 0 0 13 16 14 19 19 12 19 10 0 0 0 0 15 17 14 13 0 0 0 0 19 18 18 17 0 0 0 0 
0 0 0 0 19 12 19 11 20 11 11 14 17 13 19 19 12 14 15 15 16 11 19 18 12 19 15 14 11 11 14 10 15 18 17 11 0 0 0 0 
0 0 0 0 0 0 0 0 0 0 0 0 0 0 0 0 0 0 0 0 0 0 0 0 0 0 0 0 0 0 0 0 0 0 0 0 10 10 19 12 
20 13 13 15 0 0 0 0 0 0 0 0 0 0 0 0 0 0 0 0 0 0 0 0 0 0 0 0 0 0 0 0 0 0 0 0 0 0 0 0 
0 0 0 0 19 19 12 14 0 0 0 0 0 0 0 0 12 16 18 20 0 0 0 0 14 14 11 13 0 0 0 0 0 0 0 0 0 0 0 0 
0 0 0 0 0 0 0 0 0 0 0 0 10 10 17 20 0 0 0 0 0 0 0 0 0 0 0 0 13 14 15 15 0 0 0 0 0 0 0 0 
0 0 0 0 12 18 15 17 0 0 0 0 18 15 15 15 11 10 19 15 12 18 20 16 11 12 18 20 16 13 15 19 11 19 15 11 0 0 0 0 
0 0 0 0 0 0 0 0 0 0 0 0 0 0 0 0 0 0 0 0 0 0 0 0 0 0 0 0 0 0 0 0 0 0 0 0 18 19 12 13 
11 15 18 15 0 0 0 0 0 0 0 0 0 0 0 0 0 0 0 0 0 0 0 0 0 0 0 0 0 0 0 0 0 0 0 0 0 0 0 0 
0 0 0 0 0 0 0 0 0 0 0 0 0 0 0 0 0 0 0 0 17 10 12 14 0 0 0 0 0 0 0 0 0 0 0 0 0 0 0 0 
0 0 0 0 16 18 16 20 0 0 0 0 18 14 18 20 0 0 0 0 10 15 15 20 0 0 0 0 18 16 15 13 0 0 0 0 0 0 0 0 
0 0 0 0 10 15 12 19 17 16 19 11 16 19 20 20 19 10 12 11 20 20 18 10 10 14 19 18 12 10 18 10 17 10 14 14 0 0 0 0 
0 0 0 0 0 0 0 0 0 0 0 0 0 0 0 0 0 0 0 0 0 0 0 0 0 0 0 0 0 0 0 0 0 0 0 0 10 13 18 13 
10 17 19 11 0 0 0 0 0 0 0 0 0 0 0 0 0 0 0 0 0 0 0 0 0 0 0 0 0 0 0 0 0 0 0 0 0 0 0 0 
0 0 0 0 12 17 18 17 0 0 0 0 0 0 0 0 17 15 19 12 0 0 0 0 10 14 13 16 20 17 16 18 15 13 16 20 0 0 0 0 
0 0 0 0 12 14 12 14 0 0 0 0 14 19 20 10 18 14 16 15 0 0 0 0 13 13 13 19 0 0 0 0 0 0 0 0 0 0 0 0 
0 0 0 0 20 13 20 17 20 14 12 18 10 12 13 18 18 20 18 11 15 16 17 17 14 16 16 11 16 10 15 18 13 11 16 10 0 0 0 0 
0 0 0 0 0 0 0 0 0 0 0 0 0 0 0 0 0 0 0 0 0 0 0 0 0 0 0 0 0 0 0 0 0 0 0 0 12 17 13 19 
11 19 17 15 0 0 0 0 0 0 0 0 0 0 0 0 0 0 0 0 0 0 0 0 0 0 0 0 0 0 0 0 0 0 0 0 0 0 0 0 
0 0 0 0 0 0 0 0 15 18 20 18 14 13 17 16 19 17 12 15 11 15 14 19 14 16 13 19 10 17 14 20 11 20 16 13 0 0 0 0 
0 0 0 0 20 20 13 15 0 0 0 0 13 11 16 10 10 11 13 11 0 0 0 0 19 19 10 19 13 13 17 19 0 0 0 0 0 0 0 0 
0 0 0 0 20 17 13 20 16 20 16 18 19 17 16 15 11 15 10 13 12 20 14 17 15 12 20 10 11 17 17 12 20 17 13 19 0 0 0 0 
0 0 0 0 0 0 0 0 0 0 0 0 0 0 0 0 0 0 0 0 0 0 0 0 0 0 0 0 0 0 0 0 0 0 0 0 19 17 18 13 
10 16 18 14 0 0 0 0 0 0 0 0 0 0 0 0 0 0 0 0 0 0 0 0 0 0 0 0 0 0 0 0 0 0 0 0 0 0 0 0 
0 0 0 0 0 0 0 0 10 17 12 17 10 18 15 10 17 12 17 16 16 19 13 15 0 0 0 0 0 0 0 0 17 20 10 12 0 0 0 0 
0 0 0 0 12 10 16 19 18 16 18 17 0 0 0 0 17 20 16 10 13 19 17 13 0 0 0 0 12 15 13 12 16 13 20 11 0 0 0 0 
0 0 0 0 0 0 0 0 0 0 0 0 20 17 12 15 0 0 0 0 17 18 16 12 0 0 0 0 0 0 0 0 0 0 0 0 0 0 0 0 
0 0 0 0 0 0 0 0 0 0 0 0 0 0 0 0 0 0 0 0 0 0 0 0 0 0 0 0 0 0 0 0 0 0 0 0 15 13 16 19 
17 14 17 17 0 0 0 0 0 0 0 0 0 0 0 0 0 0 0 0 0 0 0 0 0 0 0 0 0 0 0 0 0 0 0 0 0 0 0 0 
0 0 0 0 18 12 20 20 13 16 14 11 10 19 12 16 15 17 18 20 17 10 18 17 16 10 14 11 11 11 10 15 11 12 20 18 0 0 0 0 
0 0 0 0 11 18 20 14 0 0 0 0 10 13 11 19 0 0 0 0 19 10 17 13 15 19 18 20 18 10 16 13 20 10 15 15 0 0 0 0 
0 0 0 0 19 11 12 20 20 20 18 12 14 13 18 16 19 17 17 15 11 14 20 12 16 20 19 12 19 18 20 18 16 10 15 19 0 0 0 0 
0 0 0 0 0 0 0 0 0 0 0 0 0 0 0 0 0 0 0 0 0 0 0 0 0 0 0 0 0 0 0 0 0 0 0 0 18 18 11 14 
17 12 12 11 0 0 0 0 0 0 0 0 0 0 0 0 0 0 0 0 0 0 0 0 0 0 0 0 0 0 0 0 0 0 0 0 0 0 0 0 
0 0 0 0 0 0 0 0 11 20 14 10 0 0 0 0 19 18 19 11 14 10 13 13 11 15 10 14 0 0 0 0 15 20 17 15 0 0 0 0 
0 0 0 0 18 18 14 14 17 12 12 19 0 0 0 0 0 0 0 0 11 13 17 17 0 0 0 0 15 13 17 12 13 19 17 20 0 0 0 0 
0 0 0 0 15 12 14 20 14 12 17 15 18 20 11 16 18 18 20 18 12 17 17 15 0 0 0 0 16 20 11 15 0 0 0 0 0 0 0 0 
0 0 0 0 0 0 0 0 0 0 0 0 0 0 0 0 0 0 0 0 0 0 0 0 0 0 0 0 0 0 0 0 0 0 0 0 17 12 14 17 
16 15 19 17 0 0 0 0 0 0 0 0 0 0 0 0 0 0 0 0 0 0 0 0 0 0 0 0 0 0 0 0 0 0 0 0 0 0 0 0 
0 0 0 0 12 20 16 12 19 19 10 12 15 10 17 10 12 15 17 10 15 19 17 17 16 17 18 14 16 13 11 18 15 10 17 12 0 0 0 0 
0 0 0 0 18 20 15 14 11 11 16 14 19 16 19 13 18 16 11 15 12 17 10 17 18 13 14 10 16 11 15 15 17 10 17 18 0 0 0 0 
0 0 0 0 0 0 0 0 0 0 0 0 0 0 0 0 0 0 0 0 17 20 19 17 0 0 0 0 0 0 0 0 0 0 0 0 0 0 0 0 
0 0 0 0 0 0 0 0 0 0 0 0 0 0 0 0 0 0 0 0 0 0 0 0 0 0 0 0 0 0 0 0 0 0 0 0 16 12 15 15 
13 17 18 18 0 0 0 0 0 0 0 0 0 0 0 0 0 0 0 0 0 0 0 0 0 0 0 0 0 0 0 0 0 0 0 0 0 0 0 0 
0 0 0 0 0 0 0 0 0 0 0 0 0 0 0 0 0 0 0 0 17 17 17 15 0 0 0 0 0 0 0 0 0 0 0 0 0 0 0 0 
0 0 0 0 16 20 19 20 13 19 11 11 0 0 0 0 0 0 0 0 20 14 19 13 0 0 0 0 0 0 0 0 0 0 0 0 0 0 0 0 
0 0 0 0 0 0 0 0 0 0 0 0 0 0 0 0 0 0 0 0 0 0 0 0 0 0 0 0 19 10 20 15 0 0 0 0 0 0 0 0 
0 0 0 0 0 0 0 0 0 0 0 0 0 0 0 0 0 0 0 0 0 0 0 0 0 0 0 0 0 0 0 0 0 0 0 0 20 20 17 15 
17 17 17 15 0 0 0 0 0 0 0 0 0 0 0 0 0 0 0 0 0 0 0 0 0 0 0 0 0 0 0 0 0 0 0 0 0 0 0 0 
0 0 0 0 12 19 13 12 14 15 20 19 20 16 12 12 13 20 16 20 14 14 17 18 14 18 11 14 17 15 14 20 13 10 19 16 0 0 0 0 
0 0 0 0 15 16 19 16 12 11 20 17 12 12 12 10 0 0 0 0 0 0 0 0 0 0 0 0 14 19 20 14 20 13 10 16 0 0 0 0 
0 0 0 0 0 0 0 0 0 0 0 0 14 11 11 15 20 10 20 19 0 0 0 0 0 0 0 0 15 13 15 14 0 0 0 0 0 0 0 0 
0 0 0 0 0 0 0 0 0 0 0 0 0 0 0 0 0 0 0 0 0 0 0 0 0 0 0 0 0 0 0 0 0 0 0 0 17 19 13 12 
12 12 11 16 0 0 0 0 0 0 0 0 0 0 0 0 0 0 0 0 0 0 0 0 0 0 0 0 0 0 0 0 0 0 0 0 0 0 0 0 
0 0 0 0 0 0 0 0 10 12 20 17 0 0 0 0 20 10 15 20 0 0 0 0 13 10 10 11 0 0 0 0 19 15 11 15 0 0 0 0 
0 0 0 0 16 15 18 11 16 12 18 18 12 18 10 13 14 18 10 20 16 10 15 11 13 13 18 11 10 17 11 15 11 18 19 14 0 0 0 0 
0 0 0 0 12 10 11 16 19 18 17 18 20 18 15 18 16 18 18 20 10 17 17 10 10 10 10 18 13 17 19 12 18 12 14 13 0 0 0 0 
0 0 0 0 0 0 0 0 0 0 0 0 0 0 0 0 0 0 0 0 0 0 0 0 0 0 0 0 0 0 0 0 0 0 0 0 20 10 14 15 
15 20 10 14 0 0 0 0 0 0 0 0 0 0 0 0 0 0 0 0 0 0 0 0 0 0 0 0 0 0 0 0 0 0 0 0 0 0 0 0 
0 0 0 0 18 16 13 15 0 0 0 0 0 0 0 0 13 17 15 16 0 0 0 0 0 0 0 0 0 0 0 0 0 0 0 0 0 0 0 0 
0 0 0 0 19 19 20 12 0 0 0 0 14 14 15 16 17 14 17 12 0 0 0 0 0 0 0 0 0 0 0 0 0 0 0 0 0 0 0 0 
0 0 0 0 13 19 20 17 0 0 0 0 0 0 0 0 11 18 19 16 0 0 0 0 16 19 20 20 0 0 0 0 16 10 17 15 0 0 0 0 
0 0 0 0 0 0 0 0 0 0 0 0 0 0 0 0 0 0 0 0 0 0 0 0 0 0 0 0 0 0 0 0 0 0 0 0 16 13 15 13 
12 19 11 16 0 0 0 0 0 0 0 0 0 0 0 0 0 0 0 0 0 0 0 0 0 0 0 0 0 0 0 0 0 0 0 0 0 0 0 0 
0 0 0 0 0 0 0 0 11 20 16 17 0 0 0 0 16 13 16 14 0 0 0 0 0 0 0 0 19 20 18 11 0 0 0 0 0 0 0 0 
0 0 0 0 14 20 19 11 0 0 0 0 11 18 12 15 13 13 10 16 11 12 20 13 11 11 15 18 13 15 18 14 0 0 0 0 0 0 0 0 
0 0 0 0 13 19 10 18 0 0 0 0 14 17 10 19 0 0 0 0 0 0 0 0 0 0 0 0 0 0 0 0 0 0 0 0 0 0 0 0 
0 0 0 0 0 0 0 0 0 0 0 0 0 0 0 0 0 0 0 0 0 0 0 0 0 0 0 0 0 0 0 0 0 0 0 0 12 10 16 18 
13 19 10 19 0 0 0 0 0 0 0 0 0 0 0 0 0 0 0 0 0 0 0 0 0 0 0 0 0 0 0 0 0 0 0 0 0 0 0 0 
0 0 0 0 11 14 14 18 18 16 16 18 17 11 20 16 19 12 20 19 20 20 20 12 10 20 14 10 11 15 16 15 10 11 20 16 0 0 0 0 
0 0 0 0 18 20 17 14 10 18 13 19 14 17 19 14 10 19 20 17 10 20 10 16 15 12 14 15 15 15 19 17 18 13 20 18 0 0 0 0 
0 0 0 0 0 0 0 0 12 17 18 11 0 0 0 0 0 0 0 0 0 0 0 0 0 0 0 0 0 0 0 0 0 0 0 0 0 0 0 0 
0 0 0 0 0 0 0 0 0 0 0 0 0 0 0 0 0 0 0 0 0 0 0 0 0 0 0 0 0 0 0 0 0 0 0 0 20 19 20 19 
20 11 17 18 0 0 0 0 0 0 0 0 0 0 0 0 0 0 0 0 0 0 0 0 0 0 0 0 0 0 0 0 0 0 0 0 0 0 0 0 
0 0 0 0 0 0 0 0 0 0 0 0 0 0 0 0 0 0 0 0 0 0 0 0 0 0 0 0 0 0 0 0 18 16 12 15 0 0 0 0 
0 0 0 0 0 0 0 0 0 0 0 0 11 17 15 14 18 19 18 11 0 0 0 0 16 10 13 18 0 0 0 0 0 0 0 0 0 0 0 0 
0 0 0 0 0 0 0 0 0 0 0 0 0 0 0 0 0 0 0 0 14 18 18 20 0 0 0 0 0 0 0 0 0 0 0 0 0 0 0 0 
0 0 0 0 0 0 0 0 0 0 0 0 0 0 0 0 0 0 0 0 0 0 0 0 0 0 0 0 0 0 0 0 0 0 0 0 10 13 12 20 
14 17 14 17 0 0 0 0 0 0 0 0 0 0 0 0 0 0 0 0 0 0 0 0 0 0 0 0 0 0 0 0 0 0 0 0 0 0 0 0 
0 0 0 0 0 0 0 0 0 0 0 0 0 0 0 0 0 0 0 0 20 17 19 13 0 0 0 0 0 0 0 0 0 0 0 0 0 0 0 0 
0 0 0 0 17 13 16 20 11 19 20 18 14 16 17 16 13 20 19 16 0 0 0 0 13 14 12 15 16 19 11 19 0 0 0 0 0 0 0 0 
0 0 0 0 16 18 19 14 0 0 0 0 0 0 0 0 10 14 12 19 14 15 17 17 0 0 0 0 19 16 11 20 0 0 0 0 0 0 0 0 
0 0 0 0 0 0 0 0 0 0 0 0 0 0 0 0 0 0 0 0 0 0 0 0 0 0 0 0 0 0 0 0 0 0 0 0 19 19 19 10 
20 18 13 15 0 0 0 0 0 0 0 0 0 0 0 0 0 0 0 0 0 0 0 0 0 0 0 0 0 0 0 0 0 0 0 0 0 0 0 0 
0 0 0 0 14 10 18 18 0 0 0 0 0 0 0 0 20 15 17 14 0 0 0 0 15 14 15 10 0 0 0 0 0 0 0 0 0 0 0 0 
0 0 0 0 19 20 17 17 0 0 0 0 0 0 0 0 0 0 0 0 0 0 0 0 0 0 0 0 13 14 10 12 12 10 14 19 0 0 0 0 
0 0 0 0 14 11 14 20 20 15 12 13 18 10 11 14 15 17 14 11 17 18 18 19 18 20 14 10 14 13 14 20 14 19 17 19 0 0 0 0 
0 0 0 0 0 0 0 0 0 0 0 0 0 0 0 0 0 0 0 0 0 0 0 0 0 0 0 0 0 0 0 0 0 0 0 0 13 12 12 20 
20 13 16 17 0 0 0 0 0 0 0 0 0 0 0 0 0 0 0 0 0 0 0 0 0 0 0 0 0 0 0 0 0 0 0 0 0 0 0 0 
0 0 0 0 0 0 0 0 16 18 18 20 20 10 19 15 18 16 12 18 19 19 13 12 17 18 13 16 17 20 14 15 0 0 0 0 0 0 0 0 
0 0 0 0 0 0 0 0 13 15 20 12 0 0 0 0 0 0 0 0 17 16 12 17 11 11 11 19 16 12 13 14 19 16 15 12 0 0 0 0 
0 0 0 0 0 0 0 0 11 11 14 19 12 15 16 20 20 13 14 12 16 20 16 10 19 15 14 18 19 19 14 19 13 14 14 16 0 0 0 0 
0 0 0 0 0 0 0 0 0 0 0 0 0 0 0 0 0 0 0 0 0 0 0 0 0 0 0 0 0 0 0 0 0 0 0 0 19 12 13 19 
17 17 14 14 0 0 0 0 0 0 0 0 0 0 0 0 0 0 0 0 0 0 0 0 0 0 0 0 0 0 0 0 0 0 0 0 0 0 0 0 
0 0 0 0 16 10 11 15 11 10 18 12 18 13 18 16 0 0 0 0 13 10 19 10 15 19 15 13 0 0 0 0 16 17 20 13 0 0 0 0 
0 0 0 0 0 0 0 0 11 14 14 10 17 17 19 18 19 20 18 12 17 18 11 13 15 14 19 12 16 20 14 10 10 16 14 11 0 0 0 0 
0 0 0 0 0 0 0 0 16 14 16 10 20 14 11 20 0 0 0 0 16 16 17 15 17 10 15 18 15 13 12 16 15 15 13 12 0 0 0 0 
0 0 0 0 0 0 0 0 0 0 0 0 0 0 0 0 0 0 0 0 0 0 0 0 0 0 0 0 0 0 0 0 0 0 0 0 17 19 14 13 
16 11 14 15 0 0 0 0 0 0 0 0 0 0 0 0 0 0 0 0 0 0 0 0 0 0 0 0 0 0 0 0 0 0 0 0 0 0 0 0 
0 0 0 0 11 13 13 12 15 15 16 11 11 12 20 10 11 17 17 12 0 0 0 0 20 10 19 12 15 19 19 19 15 17 15 12 0 0 0 0 
0 0 0 0 16 20 19 10 19 13 14 15 20 12 11 14 0 0 0 0 0 0 0 0 0 0 0 0 0 0 0 0 0 0 0 0 0 0 0 0 
0 0 0 0 0 0 0 0 20 20 13 14 12 14 19 20 19 11 15 17 0 0 0 0 12 15 15 17 0 0 0 0 16 20 12 20 0 0 0 0 
0 0 0 0 0 0 0 0 0 0 0 0 0 0 0 0 0 0 0 0 0 0 0 0 0 0 0 0 0 0 0 0 0 0 0 0 17 13 17 15 
19 18 19 19 0 0 0 0 0 0 0 0 0 0 0 0 0 0 0 0 0 0 0 0 0 0 0 0 0 0 0 0 0 0 0 0 0 0 0 0 
0 0 0 0 15 18 11 20 16 11 14 17 12 13 20 11 15 20 13 19 19 13 17 12 10 11 13 15 19 14 16 18 0 0 0 0 0 0 0 0 
0 0 0 0 18 14 12 19 0 0 0 0 11 19 19 12 10 13 13 19 13 15 18 15 12 12 16 11 13 12 16 18 0 0 0 0 0 0 0 0 
0 0 0 0 18 18 14 13 10 20 17 12 17 14 11 16 0 0 0 0 15 15 11 19 15 19 14 18 14 10 15 17 14 14 14 19 0 0 0 0 
0 0 0 0 0 0 0 0 0 0 0 0 0 0 0 0 0 0 0 0 0 0 0 0 0 0 0 0 0 0 0 0 0 0 0 0 16 13 17 10 
15 12 19 20 0 0 0 0 0 0 0 0 0 0 0 0 0 0 0 0 0 0 0 0 0 0 0 0 0 0 0 0 0 0 0 0 0 0 0 0 
0 0 0 0 11 16 14 14 17 12 12 13 18 18 20 18 0 0 0 0 0 0 0 0 12 20 14 11 0 0 0 0 0 0 0 0 0 0 0 0 
0 0 0 0 0 0 0 0 15 12 13 11 18 10 19 13 0 0 0 0 0 0 0 0 14 10 14 16 11 16 17 10 17 18 17 20 0 0 0 0 
0 0 0 0 20 20 19 14 20 18 18 19 0 0 0 0 19 11 17 15 14 11 11 12 17 19 20 13 16 16 10 19 16 10 13 18 0 0 0 0 
0 0 0 0 0 0 0 0 0 0 0 0 0 0 0 0 0 0 0 0 0 0 0 0 0 0 0 0 0 0 0 0 0 0 0 0 11 11 14 20 
20 14 13 13 0 0 0 0 0 0 0 0 0 0 0 0 0 0 0 0 0 0 0 0 0 0 0 0 0 0 0 0 0 0 0 0 0 0 0 0 
0 0 0 0 20 12 11 13 13 17 18 10 20 19 12 10 20 10 17 16 18 16 15 13 19 10 19 19 16 18 15 12 17 12 10 13 0 0 0 0 
0 0 0 0 10 16 20 17 15 20 18 11 0 0 0 0 16 17 13 19 17 17 15 20 0 0 0 0 12 20 15 12 0 0 0 0 0 0 0 0 
0 0 0 0 17 18 15 12 0 0 0 0 0 0 0 0 0 0 0 0 0 0 0 0 18 17 18 12 12 16 15 14 0 0 0 0 0 0 0 0 
0 0 0 0 0 0 0 0 0 0 0 0 0 0 0 0 0 0 0 0 0 0 0 0 0 0 0 0 0 0 0 0 0 0 0 0 17 18 15 13 
17 12 14 18 0 0 0 0 0 0 0 0 0 0 0 0 0 0 0 0 0 0 0 0 0 0 0 0 0 0 0 0 0 0 0 0 0 0 0 0 
0 0 0 0 0 0 0 0 0 0 0 0 13 20 14 17 0 0 0 0 0 0 0 0 0 0 0 0 0 0 0 0 0 0 0 0 0 0 0 0 
0 0 0 0 0 0 0 0 17 16 11 18 17 19 18 14 0 0 0 0 16 10 12 11 20 18 19 11 17 19 16 12 15 10 10 18 0 0 0 0 
0 0 0 0 0 0 0 0 0 0 0 0 0 0 0 0 0 0 0 0 0 0 0 0 19 18 12 19 19 11 10 17 17 11 13 13 0 0 0 0 
0 0 0 0 0 0 0 0 0 0 0 0 0 0 0 0 0 0 0 0 0 0 0 0 0 0 0 0 0 0 0 0 0 0 0 0 14 18 11 18 
19 15 20 13 0 0 0 0 0 0 0 0 0 0 0 0 0 0 0 0 0 0 0 0 0 0 0 0 0 0 0 0 0 0 0 0 0 0 0 0 
0 0 0 0 0 0 0 0 0 0 0 0 0 0 0 0 20 14 15 18 0 0 0 0 13 12 18 10 0 0 0 0 14 20 17 16 0 0 0 0 
0 0 0 0 0 0 0 0 16 12 11 19 0 0 0 0 12 15 13 19 12 12 10 16 19 17 13 16 12 12 15 10 15 15 17 17 0 0 0 0 
0 0 0 0 20 20 10 16 0 0 0 0 0 0 0 0 0 0 0 0 14 20 19 16 20 11 18 16 16 12 12 18 14 10 14 20 0 0 0 0 
0 0 0 0 0 0 0 0 0 0 0 0 0 0 0 0 0 0 0 0 0 0 0 0 0 0 0 0 0 0 0 0 0 0 0 0 11 13 16 19 
11 10 18 17 0 0 0 0 0 0 0 0 0 0 0 0 0 0 0 0 0 0 0 0 0 0 0 0 0 0 0 0 0 0 0 0 0 0 0 0 
0 0 0 0 12 15 20 17 10 18 15 18 0 0 0 0 0 0 0 0 0 0 0 0 0 0 0 0 20 19 11 15 0 0 0 0 0 0 0 0 
0 0 0 0 0 0 0 0 16 14 12 17 16 17 11 13 10 20 14 18 16 16 12 11 18 15 13 17 18 12 17 16 0 0 0 0 0 0 0 0 
0 0 0 0 11 18 11 20 16 10 13 12 11 12 20 12 13 13 18 12 10 16 12 17 11 19 10 14 20 19 12 12 16 15 11 17 0 0 0 0 
0 0 0 0 0 0 0 0 0 0 0 0 0 0 0 0 0 0 0 0 0 0 0 0 0 0 0 0 0 0 0 0 0 0 0 0 20 13 19 15 
16 13 17 11 0 0 0 0 0 0 0 0 0 0 0 0 0 0 0 0 0 0 0 0 0 0 0 0 0 0 0 0 0 0 0 0 0 0 0 0 
0 0 0 0 17 19 15 18 0 0 0 0 14 14 15 13 13 12 17 10 0 0 0 0 10 10 17 16 18 11 14 11 12 16 14 20 0 0 0 0 
0 0 0 0 11 14 11 18 16 15 12 20 0 0 0 0 19 12 10 14 14 15 18 17 11 15 13 18 17 15 14 18 0 0 0 0 0 0 0 0 
0 0 0 0 13 19 15 11 13 10 19 12 17 13 20 14 11 10 17 13 10 10 20 16 13 12 10 10 12 19 18 18 10 16 13 17 0 0 0 0 
0 0 0 0 0 0 0 0 0 0 0 0 0 0 0 0 0 0 0 0 0 0 0 0 0 0 0 0 0 0 0 0 0 0 0 0 20 16 12 20 
20 12 17 10 0 0 0 0 0 0 0 0 0 0 0 0 0 0 0 0 0 0 0 0 0 0 0 0 0 0 0 0 0 0 0 0 0 0 0 0 
0 0 0 0 12 14 12 12 15 18 14 17 17 14 13 20 16 12 12 16 14 19 15 15 17 19 13 11 0 0 0 0 18 20 16 18 0 0 0 0 
0 0 0 0 19 12 13 14 0 0 0 0 0 0 0 0 0 0 0 0 0 0 0 0 10 18 15 15 18 13 13 20 11 12 15 13 0 0 0 0 
0 0 0 0 0 0 0 0 0 0 0 0 0 0 0 0 0 0 0 0 0 0 0 0 0 0 0 0 12 15 13 16 0 0 0 0 0 0 0 0 
0 0 0 0 0 0 0 0 0 0 0 0 0 0 0 0 0 0 0 0 0 0 0 0 0 0 0 0 0 0 0 0 0 0 0 0 14 14 15 17 
15 10 10 18 0 0 0 0 0 0 0 0 0 0 0 0 0 0 0 0 0 0 0 0 0 0 0 0 0 0 0 0 0 0 0 0 0 0 0 0 
0 0 0 0 0 0 0 0 0 0 0 0 0 0 0 0 0 0 0 0 10 18 12 19 0 0 0 0 0 0 0 0 0 0 0 0 0 0 0 0 
0 0 0 0 0 0 0 0 12 12 13 18 15 19 19 11 20 19 12 15 0 0 0 0 12 10 10 12 0 0 0 0 11 17 18 14 0 0 0 0 
0 0 0 0 19 10 10 19 19 15 15 12 20 15 16 17 17 10 19 11 12 12 10 11 0 0 0 0 10 14 17 18 12 11 14 20 0 0 0 0 
0 0 0 0 0 0 0 0 0 0 0 0 0 0 0 0 0 0 0 0 0 0 0 0 0 0 0 0 0 0 0 0 0 0 0 0 14 17 19 11 
20 12 13 20 0 0 0 0 0 0 0 0 0 0 0 0 0 0 0 0 0 0 0 0 0 0 0 0 0 0 0 0 0 0 0 0 0 0 0 0 
0 0 0 0 0 0 0 0 16 17 18 14 0 0 0 0 11 15 13 14 0 0 0 0 0 0 0 0 0 0 0 0 0 0 0 0 0 0 0 0 
0 0 0 0 17 14 20 18 18 15 12 18 0 0 0 0 18 14 18 15 20 19 10 10 0 0 0 0 0 0 0 0 0 0 0 0 0 0 0 0 
0 0 0 0 18 18 20 14 0 0 0 0 0 0 0 0 0 0 0 0 0 0 0 0 11 15 17 11 0 0 0 0 0 0 0 0 0 0 0 0 
0 0 0 0 0 0 0 0 0 0 0 0 0 0 0 0 0 0 0 0 0 0 0 0 0 0 0 0 0 0 0 0 0 0 0 0 14 17 16 16 
16 10 18 14 0 0 0 0 0 0 0 0 0 0 0 0 0 0 0 0 0 0 0 0 0 0 0 0 0 0 0 0 0 0 0 0 0 0 0 0 
0 0 0 0 0 0 0 0 0 0 0 0 12 20 19 14 15 18 11 11 10 16 18 13 0 0 0 0 0 0 0 0 0 0 0 0 0 0 0 0 
0 0 0 0 14 13 14 12 12 12 10 13 0 0 0 0 14 14 11 17 12 13 17 20 18 17 20 16 17 10 15 19 18 19 13 17 0 0 0 0 
0 0 0 0 14 13 14 13 15 13 15 20 0 0 0 0 0 0 0 0 15 12 19 17 0 0 0 0 0 0 0 0 15 20 11 12 0 0 0 0 
0 0 0 0 0 0 0 0 0 0 0 0 0 0 0 0 0 0 0 0 0 0 0 0 0 0 0 0 0 0 0 0 0 0 0 0 18 18 11 19 
13 18 17 18 0 0 0 0 0 0 0 0 0 0 0 0 0 0 0 0 0 0 0 0 0 0 0 0 0 0 0 0 0 0 0 0 0 0 0 0 
0 0 0 0 0 0 0 0 0 0 0 0 0 0 0 0 0 0 0 0 0 0 0 0 17 13 12 15 0 0 0 0 0 0 0 0 0 0 0 0 
0 0 0 0 13 11 18 11 0 0 0 0 0 0 0 0 0 0 0 0 15 18 12 16 0 0 0 0 0 0 0 0 0 0 0 0 0 0 0 0 
0 0 0 0 20 10 14 12 14 13 13 13 19 10 10 13 17 13 12 11 12 18 15 12 10 12 12 15 16 15 11 16 13 15 14 10 0 0 0 0 
0 0 0 0 0 0 0 0 0 0 0 0 0 0 0 0 0 0 0 0 0 0 0 0 0 0 0 0 0 0 0 0 0 0 0 0 10 19 18 17 
18 14 16 16 0 0 0 0 0 0 0 0 0 0 0 0 0 0 0 0 0 0 0 0 0 0 0 0 0 0 0 0 0 0 0 0 0 0 0 0 
0 0 0 0 15 18 12 13 17 14 19 17 10 10 16 20 20 13 15 13 14 11 15 16 0 0 0 0 18 12 10 19 13 18 17 13 0 0 0 0 
0 0 0 0 14 15 11 12 0 0 0 0 17 11 13 14 10 20 10 11 15 12 10 19 0 0 0 0 15 14 13 12 0 0 0 0 0 0 0 0 
0 0 0 0 0 0 0 0 10 12 13 12 19 10 19 11 11 11 13 10 11 13 10 11 16 20 19 17 14 17 18 13 19 12 14 19 0 0 0 0 
0 0 0 0 0 0 0 0 0 0 0 0 0 0 0 0 0 0 0 0 0 0 0 0 0 0 0 0 0 0 0 0 0 0 0 0 17 20 20 10
---------------------
 
Distance between cells
Rows and Columns: correspond to cell number
0 426 420 480 179 495 53 281 215 488 245 380 144 
426 0 461 129 95 429 370 420 481 420 283 149 178 
420 461 0 310 265 308 393 264 473 110 465 408 352 
480 129 310 0 364 297 65 253 488 345 115 284 106 
179 95 265 364 0 493 131 76 72 160 90 185 176 
495 429 308 297 493 0 167 325 438 92 465 438 385 
53 370 393 65 131 167 0 198 271 60 312 241 169 
281 420 264 253 76 325 198 0 409 320 370 83 496 
215 481 473 488 72 438 271 409 0 406 320 108 178 
488 420 110 345 160 92 60 320 406 0 350 248 194 
245 283 465 115 90 465 312 370 320 350 0 340 202 
380 149 408 284 185 438 241 83 108 248 340 0 262 
144 178 352 106 176 385 169 496 178 194 202 262 0
---------------------
 
Distribution of machines in cells   (1 -- if machine m is distributed in cell u;0 -- else) 
Rows: correspond to cell number; Columns: correspond to machine number
1 0 0 0 0 0 0 0 0 0 0 0 0 0 1 0 0 0 0 0 0 0 0 0 0 0 0 0 0 0 0 0 0 0 0 1 0 0 0 0 
0 0 0 0 1 1 0 0 0 0 0 0 0 0 0 0 0 0 1 0 0 0 0 0 0 0 0 1 0 0 0 0 0 0 0 0 0 0 0 0 
0 0 0 0 0 0 1 0 0 0 0 0 0 0 0 0 0 0 0 0 0 0 0 1 0 0 0 0 0 0 0 0 0 0 0 0 0 0 0 0 
0 0 0 0 0 0 0 0 0 0 0 0 0 1 0 0 0 0 0 0 0 0 0 0 0 0 1 0 0 0 0 0 0 1 0 0 0 0 0 1 
0 0 0 1 0 0 0 0 0 0 0 0 0 0 0 1 0 0 0 0 0 0 0 0 0 1 0 0 0 0 0 0 0 0 0 0 1 0 0 0 
0 0 0 0 0 0 0 0 0 0 0 1 0 0 0 0 0 0 0 0 0 0 0 0 0 0 0 0 1 0 0 0 1 0 0 0 0 0 0 0 
0 0 1 0 0 0 0 1 0 0 0 0 0 0 0 0 0 0 0 0 0 0 0 0 0 0 0 0 0 0 0 0 0 0 0 0 0 0 0 0 
0 0 0 0 0 0 0 0 1 0 0 0 0 0 0 0 0 0 0 0 1 0 0 0 0 0 0 0 0 1 1 0 0 0 0 0 0 0 0 0 
0 1 0 0 0 0 0 0 0 0 0 0 0 0 0 0 0 0 0 0 0 0 1 0 0 0 0 0 0 0 0 0 0 0 0 0 0 1 1 0 
0 0 0 0 0 0 0 0 0 0 0 0 0 0 0 0 1 0 0 1 0 0 0 0 0 0 0 0 0 0 0 0 0 0 0 0 0 0 0 0 
0 0 0 0 0 0 0 0 0 1 0 0 1 0 0 0 0 0 0 0 0 1 0 0 0 0 0 0 0 0 0 1 0 0 0 0 0 0 0 0 
0 0 0 0 0 0 0 0 0 0 1 0 0 0 0 0 0 0 0 0 0 0 0 0 0 0 0 0 0 0 0 0 0 0 1 0 0 0 0 0 
0 0 0 0 0 0 0 0 0 0 0 0 0 0 0 0 0 1 0 0 0 0 0 0 1 0 0 0 0 0 0 0 0 0 0 0 0 0 0 0
---------------------
 
