Adaption from Behnke37

Number of operations for each part
5 5 5 5 5 5 5 5 5 5 5 5 5 5 5 5 5 5 5 5 5 5 5 5 5 5 5 5 5 5 5 5 5 5 5 5 5 5 5 5 5 5 5 5 5 5 5 5 5 5 5 5 5 5 5 5 5 5 5 5 5 5 5 5 5 5 5 5 5 5 5 5 5 5 5 5 5 5 5 5 5 5 5 5 5 5 5 5 5 5 5 5 5 5 5 5 5 5 5 5
---------------------
 
Processing time   (0 -- non-optional machine)
Rows: sequential for each operation of each part; Columns: correspond to machine number
13 28 20 12 0 0 0 0 0 0 0 0 0 0 0 0 0 0 0 0 0 0 0 0 0 0 0 0 0 0 0 0 0 0 0 0 0 0 0 0 
0 0 0 0 0 0 0 0 16 26 20 14 13 15 20 22 18 14 19 26 30 23 27 24 29 30 27 16 0 0 0 0 19 24 22 13 0 0 0 0 
0 0 0 0 27 21 26 16 18 25 18 19 27 22 23 21 29 25 30 18 21 17 20 27 18 21 28 28 12 16 10 15 14 17 30 14 0 0 0 0 
0 0 0 0 26 17 28 27 14 26 14 28 10 14 24 16 15 15 30 30 30 18 22 11 11 25 13 16 28 17 20 10 0 0 0 0 0 0 0 0 
0 0 0 0 0 0 0 0 0 0 0 0 0 0 0 0 0 0 0 0 0 0 0 0 0 0 0 0 0 0 0 0 0 0 0 0 14 20 27 24 
11 16 22 14 0 0 0 0 0 0 0 0 0 0 0 0 0 0 0 0 0 0 0 0 0 0 0 0 0 0 0 0 0 0 0 0 0 0 0 0 
0 0 0 0 27 27 10 11 0 0 0 0 0 0 0 0 0 0 0 0 0 0 0 0 22 24 29 30 0 0 0 0 0 0 0 0 0 0 0 0 
0 0 0 0 30 17 30 27 0 0 0 0 13 28 10 25 22 16 15 14 0 0 0 0 11 29 16 14 21 26 20 29 0 0 0 0 0 0 0 0 
0 0 0 0 28 20 26 21 21 25 28 18 30 21 11 26 22 14 29 14 0 0 0 0 0 0 0 0 30 16 14 10 17 17 15 10 0 0 0 0 
0 0 0 0 0 0 0 0 0 0 0 0 0 0 0 0 0 0 0 0 0 0 0 0 0 0 0 0 0 0 0 0 0 0 0 0 21 19 12 29 
12 17 26 27 0 0 0 0 0 0 0 0 0 0 0 0 0 0 0 0 0 0 0 0 0 0 0 0 0 0 0 0 0 0 0 0 0 0 0 0 
0 0 0 0 28 12 25 22 0 0 0 0 0 0 0 0 22 14 24 20 11 16 27 30 0 0 0 0 24 10 19 24 0 0 0 0 0 0 0 0 
0 0 0 0 0 0 0 0 0 0 0 0 0 0 0 0 0 0 0 0 30 12 26 24 0 0 0 0 0 0 0 0 0 0 0 0 0 0 0 0 
0 0 0 0 29 15 15 28 0 0 0 0 0 0 0 0 0 0 0 0 0 0 0 0 0 0 0 0 10 29 25 13 0 0 0 0 0 0 0 0 
0 0 0 0 0 0 0 0 0 0 0 0 0 0 0 0 0 0 0 0 0 0 0 0 0 0 0 0 0 0 0 0 0 0 0 0 30 12 18 13 
19 23 30 19 0 0 0 0 0 0 0 0 0 0 0 0 0 0 0 0 0 0 0 0 0 0 0 0 0 0 0 0 0 0 0 0 0 0 0 0 
0 0 0 0 0 0 0 0 0 0 0 0 23 26 21 20 0 0 0 0 0 0 0 0 0 0 0 0 22 30 25 16 0 0 0 0 0 0 0 0 
0 0 0 0 19 27 18 22 0 0 0 0 0 0 0 0 21 22 16 23 15 13 10 22 15 11 14 14 27 26 26 15 20 30 19 17 0 0 0 0 
0 0 0 0 11 17 26 24 16 19 24 11 12 20 13 11 13 28 27 21 11 29 22 16 11 20 22 10 24 30 14 15 17 14 17 27 0 0 0 0 
0 0 0 0 0 0 0 0 0 0 0 0 0 0 0 0 0 0 0 0 0 0 0 0 0 0 0 0 0 0 0 0 0 0 0 0 10 12 22 10 
23 16 22 20 0 0 0 0 0 0 0 0 0 0 0 0 0 0 0 0 0 0 0 0 0 0 0 0 0 0 0 0 0 0 0 0 0 0 0 0 
0 0 0 0 0 0 0 0 0 0 0 0 0 0 0 0 0 0 0 0 12 24 14 24 0 0 0 0 0 0 0 0 0 0 0 0 0 0 0 0 
0 0 0 0 25 14 26 28 14 13 10 12 13 17 24 11 29 25 27 25 12 21 22 16 28 18 13 24 21 14 21 18 23 25 21 28 0 0 0 0 
0 0 0 0 0 0 0 0 0 0 0 0 0 0 0 0 13 29 22 12 0 0 0 0 0 0 0 0 0 0 0 0 0 0 0 0 0 0 0 0 
0 0 0 0 0 0 0 0 0 0 0 0 0 0 0 0 0 0 0 0 0 0 0 0 0 0 0 0 0 0 0 0 0 0 0 0 17 27 17 19 
16 25 14 22 0 0 0 0 0 0 0 0 0 0 0 0 0 0 0 0 0 0 0 0 0 0 0 0 0 0 0 0 0 0 0 0 0 0 0 0 
0 0 0 0 0 0 0 0 27 10 22 10 26 21 14 26 22 20 25 19 29 28 10 25 0 0 0 0 29 25 12 29 16 24 10 28 0 0 0 0 
0 0 0 0 0 0 0 0 0 0 0 0 0 0 0 0 0 0 0 0 0 0 0 0 15 30 23 10 0 0 0 0 0 0 0 0 0 0 0 0 
0 0 0 0 0 0 0 0 0 0 0 0 0 0 0 0 0 0 0 0 0 0 0 0 0 0 0 0 23 15 10 19 0 0 0 0 0 0 0 0 
0 0 0 0 0 0 0 0 0 0 0 0 0 0 0 0 0 0 0 0 0 0 0 0 0 0 0 0 0 0 0 0 0 0 0 0 24 16 12 10 
25 21 12 29 0 0 0 0 0 0 0 0 0 0 0 0 0 0 0 0 0 0 0 0 0 0 0 0 0 0 0 0 0 0 0 0 0 0 0 0 
0 0 0 0 12 16 27 13 21 20 13 30 15 22 10 27 0 0 0 0 16 26 25 28 23 21 30 20 0 0 0 0 0 0 0 0 0 0 0 0 
0 0 0 0 0 0 0 0 0 0 0 0 0 0 0 0 23 13 30 11 0 0 0 0 0 0 0 0 0 0 0 0 0 0 0 0 0 0 0 0 
0 0 0 0 0 0 0 0 29 26 13 13 0 0 0 0 0 0 0 0 0 0 0 0 10 14 27 20 0 0 0 0 13 15 30 22 0 0 0 0 
0 0 0 0 0 0 0 0 0 0 0 0 0 0 0 0 0 0 0 0 0 0 0 0 0 0 0 0 0 0 0 0 0 0 0 0 26 10 11 29 
19 19 18 23 0 0 0 0 0 0 0 0 0 0 0 0 0 0 0 0 0 0 0 0 0 0 0 0 0 0 0 0 0 0 0 0 0 0 0 0 
0 0 0 0 0 0 0 0 0 0 0 0 15 19 15 20 0 0 0 0 0 0 0 0 0 0 0 0 14 12 29 25 11 23 21 27 0 0 0 0 
0 0 0 0 0 0 0 0 0 0 0 0 0 0 0 0 0 0 0 0 30 25 12 25 0 0 0 0 23 24 19 13 0 0 0 0 0 0 0 0 
0 0 0 0 14 20 20 12 0 0 0 0 18 19 14 15 23 16 27 25 10 10 27 12 0 0 0 0 29 23 11 13 18 16 21 10 0 0 0 0 
0 0 0 0 0 0 0 0 0 0 0 0 0 0 0 0 0 0 0 0 0 0 0 0 0 0 0 0 0 0 0 0 0 0 0 0 23 12 25 30 
30 14 17 14 0 0 0 0 0 0 0 0 0 0 0 0 0 0 0 0 0 0 0 0 0 0 0 0 0 0 0 0 0 0 0 0 0 0 0 0 
0 0 0 0 0 0 0 0 17 19 13 28 23 21 24 13 20 13 16 12 25 19 21 14 0 0 0 0 0 0 0 0 28 20 17 21 0 0 0 0 
0 0 0 0 22 12 10 13 0 0 0 0 14 29 30 27 22 25 11 12 13 11 17 23 13 23 10 26 20 14 27 29 26 27 16 14 0 0 0 0 
0 0 0 0 15 12 13 10 16 14 10 25 0 0 0 0 25 13 24 21 15 16 29 23 14 21 23 30 13 30 29 26 16 27 13 13 0 0 0 0 
0 0 0 0 0 0 0 0 0 0 0 0 0 0 0 0 0 0 0 0 0 0 0 0 0 0 0 0 0 0 0 0 0 0 0 0 17 11 10 12 
23 11 16 14 0 0 0 0 0 0 0 0 0 0 0 0 0 0 0 0 0 0 0 0 0 0 0 0 0 0 0 0 0 0 0 0 0 0 0 0 
0 0 0 0 22 17 30 11 17 12 19 25 20 19 15 16 24 19 12 22 11 11 16 17 0 0 0 0 15 10 21 27 14 15 30 29 0 0 0 0 
0 0 0 0 17 28 24 10 0 0 0 0 28 30 28 23 26 29 12 20 20 20 20 16 25 25 19 11 11 13 16 20 0 0 0 0 0 0 0 0 
0 0 0 0 25 13 27 14 18 24 13 26 0 0 0 0 26 11 10 24 15 21 24 17 0 0 0 0 17 13 14 24 0 0 0 0 0 0 0 0 
0 0 0 0 0 0 0 0 0 0 0 0 0 0 0 0 0 0 0 0 0 0 0 0 0 0 0 0 0 0 0 0 0 0 0 0 15 16 13 27 
10 14 14 29 0 0 0 0 0 0 0 0 0 0 0 0 0 0 0 0 0 0 0 0 0 0 0 0 0 0 0 0 0 0 0 0 0 0 0 0 
0 0 0 0 0 0 0 0 0 0 0 0 0 0 0 0 0 0 0 0 0 0 0 0 22 30 26 24 29 28 15 21 0 0 0 0 0 0 0 0 
0 0 0 0 0 0 0 0 0 0 0 0 14 15 14 14 10 19 17 14 0 0 0 0 11 20 29 27 0 0 0 0 26 27 27 20 0 0 0 0 
0 0 0 0 0 0 0 0 0 0 0 0 23 22 19 25 0 0 0 0 0 0 0 0 27 11 19 17 0 0 0 0 27 11 16 10 0 0 0 0 
0 0 0 0 0 0 0 0 0 0 0 0 0 0 0 0 0 0 0 0 0 0 0 0 0 0 0 0 0 0 0 0 0 0 0 0 25 16 11 15 
26 14 19 12 0 0 0 0 0 0 0 0 0 0 0 0 0 0 0 0 0 0 0 0 0 0 0 0 0 0 0 0 0 0 0 0 0 0 0 0 
0 0 0 0 13 26 18 16 14 20 23 26 21 18 19 13 29 17 20 10 10 14 19 27 29 14 27 28 0 0 0 0 15 28 16 28 0 0 0 0 
0 0 0 0 27 16 25 14 0 0 0 0 19 30 14 28 12 11 22 17 0 0 0 0 0 0 0 0 21 30 30 25 0 0 0 0 0 0 0 0 
0 0 0 0 29 29 27 28 11 21 22 19 29 13 13 23 12 29 18 22 18 28 24 12 0 0 0 0 20 30 20 22 17 29 22 28 0 0 0 0 
0 0 0 0 0 0 0 0 0 0 0 0 0 0 0 0 0 0 0 0 0 0 0 0 0 0 0 0 0 0 0 0 0 0 0 0 19 23 29 21 
21 25 22 19 0 0 0 0 0 0 0 0 0 0 0 0 0 0 0 0 0 0 0 0 0 0 0 0 0 0 0 0 0 0 0 0 0 0 0 0 
0 0 0 0 0 0 0 0 13 20 18 12 14 27 16 13 14 28 12 27 0 0 0 0 16 17 15 23 28 19 12 14 29 18 14 14 0 0 0 0 
0 0 0 0 15 30 27 10 0 0 0 0 24 25 28 17 11 19 12 18 0 0 0 0 0 0 0 0 27 20 24 12 23 12 18 12 0 0 0 0 
0 0 0 0 0 0 0 0 12 26 30 22 0 0 0 0 28 24 16 11 0 0 0 0 17 28 22 16 0 0 0 0 0 0 0 0 0 0 0 0 
0 0 0 0 0 0 0 0 0 0 0 0 0 0 0 0 0 0 0 0 0 0 0 0 0 0 0 0 0 0 0 0 0 0 0 0 19 17 14 22 
13 22 19 26 0 0 0 0 0 0 0 0 0 0 0 0 0 0 0 0 0 0 0 0 0 0 0 0 0 0 0 0 0 0 0 0 0 0 0 0 
0 0 0 0 0 0 0 0 0 0 0 0 0 0 0 0 0 0 0 0 0 0 0 0 0 0 0 0 0 0 0 0 17 22 27 21 0 0 0 0 
0 0 0 0 15 21 29 28 0 0 0 0 16 16 13 11 14 20 10 16 11 20 10 28 28 26 16 27 13 28 21 28 12 16 25 24 0 0 0 0 
0 0 0 0 0 0 0 0 0 0 0 0 0 0 0 0 0 0 0 0 28 30 26 30 17 17 20 21 0 0 0 0 0 0 0 0 0 0 0 0 
0 0 0 0 0 0 0 0 0 0 0 0 0 0 0 0 0 0 0 0 0 0 0 0 0 0 0 0 0 0 0 0 0 0 0 0 27 14 20 30 
28 12 16 27 0 0 0 0 0 0 0 0 0 0 0 0 0 0 0 0 0 0 0 0 0 0 0 0 0 0 0 0 0 0 0 0 0 0 0 0 
0 0 0 0 15 29 11 20 16 18 21 10 19 23 12 30 12 29 25 12 20 26 10 20 15 27 29 17 16 19 24 18 22 29 27 27 0 0 0 0 
0 0 0 0 17 29 28 23 24 14 10 11 16 20 26 25 0 0 0 0 17 12 19 27 15 20 18 15 29 30 11 26 11 19 16 10 0 0 0 0 
0 0 0 0 20 15 29 28 0 0 0 0 0 0 0 0 23 20 19 12 25 20 11 22 0 0 0 0 16 20 15 24 16 22 13 12 0 0 0 0 
0 0 0 0 0 0 0 0 0 0 0 0 0 0 0 0 0 0 0 0 0 0 0 0 0 0 0 0 0 0 0 0 0 0 0 0 25 22 17 24 
22 24 12 27 0 0 0 0 0 0 0 0 0 0 0 0 0 0 0 0 0 0 0 0 0 0 0 0 0 0 0 0 0 0 0 0 0 0 0 0 
0 0 0 0 14 12 14 23 21 26 26 21 0 0 0 0 0 0 0 0 14 26 12 27 0 0 0 0 0 0 0 0 0 0 0 0 0 0 0 0 
0 0 0 0 17 29 12 26 10 13 19 23 21 26 21 12 0 0 0 0 0 0 0 0 10 21 29 15 15 29 26 29 11 29 14 12 0 0 0 0 
0 0 0 0 20 28 20 14 0 0 0 0 15 20 14 18 16 19 26 14 0 0 0 0 29 15 11 30 19 22 30 10 0 0 0 0 0 0 0 0 
0 0 0 0 0 0 0 0 0 0 0 0 0 0 0 0 0 0 0 0 0 0 0 0 0 0 0 0 0 0 0 0 0 0 0 0 16 27 11 14 
25 11 12 30 0 0 0 0 0 0 0 0 0 0 0 0 0 0 0 0 0 0 0 0 0 0 0 0 0 0 0 0 0 0 0 0 0 0 0 0 
0 0 0 0 0 0 0 0 0 0 0 0 0 0 0 0 0 0 0 0 0 0 0 0 12 14 15 20 0 0 0 0 0 0 0 0 0 0 0 0 
0 0 0 0 26 16 27 27 22 13 29 14 25 14 25 10 15 21 11 18 24 24 14 26 10 17 19 12 29 22 10 14 30 15 13 27 0 0 0 0 
0 0 0 0 17 13 20 12 0 0 0 0 30 30 24 13 0 0 0 0 17 21 25 22 24 24 22 30 29 17 14 30 19 26 22 19 0 0 0 0 
0 0 0 0 0 0 0 0 0 0 0 0 0 0 0 0 0 0 0 0 0 0 0 0 0 0 0 0 0 0 0 0 0 0 0 0 20 27 27 13 
15 24 27 13 0 0 0 0 0 0 0 0 0 0 0 0 0 0 0 0 0 0 0 0 0 0 0 0 0 0 0 0 0 0 0 0 0 0 0 0 
0 0 0 0 16 30 16 30 0 0 0 0 23 29 25 27 0 0 0 0 0 0 0 0 0 0 0 0 30 23 27 18 0 0 0 0 0 0 0 0 
0 0 0 0 29 29 17 28 26 23 23 10 13 14 30 27 13 14 13 12 18 15 27 19 25 26 15 27 30 23 26 28 16 17 26 22 0 0 0 0 
0 0 0 0 0 0 0 0 0 0 0 0 0 0 0 0 21 21 22 27 0 0 0 0 0 0 0 0 0 0 0 0 0 0 0 0 0 0 0 0 
0 0 0 0 0 0 0 0 0 0 0 0 0 0 0 0 0 0 0 0 0 0 0 0 0 0 0 0 0 0 0 0 0 0 0 0 13 28 27 24 
29 24 24 11 0 0 0 0 0 0 0 0 0 0 0 0 0 0 0 0 0 0 0 0 0 0 0 0 0 0 0 0 0 0 0 0 0 0 0 0 
0 0 0 0 17 28 15 14 0 0 0 0 26 20 28 29 14 13 14 14 0 0 0 0 17 20 26 25 22 15 13 17 28 18 11 15 0 0 0 0 
0 0 0 0 0 0 0 0 0 0 0 0 17 14 28 14 20 15 21 29 0 0 0 0 0 0 0 0 0 0 0 0 19 14 26 18 0 0 0 0 
0 0 0 0 0 0 0 0 11 19 17 21 0 0 0 0 18 23 28 23 0 0 0 0 11 26 17 27 10 27 24 20 21 20 10 24 0 0 0 0 
0 0 0 0 0 0 0 0 0 0 0 0 0 0 0 0 0 0 0 0 0 0 0 0 0 0 0 0 0 0 0 0 0 0 0 0 29 21 15 17 
19 16 18 20 0 0 0 0 0 0 0 0 0 0 0 0 0 0 0 0 0 0 0 0 0 0 0 0 0 0 0 0 0 0 0 0 0 0 0 0 
0 0 0 0 11 22 24 22 28 21 20 27 26 23 11 29 27 29 11 16 10 17 27 11 0 0 0 0 0 0 0 0 26 11 23 28 0 0 0 0 
0 0 0 0 16 23 10 30 0 0 0 0 20 23 30 24 29 30 30 16 0 0 0 0 0 0 0 0 22 28 24 15 0 0 0 0 0 0 0 0 
0 0 0 0 27 20 14 27 0 0 0 0 19 14 23 30 28 10 19 14 29 23 12 16 25 25 26 19 26 29 26 30 29 23 14 30 0 0 0 0 
0 0 0 0 0 0 0 0 0 0 0 0 0 0 0 0 0 0 0 0 0 0 0 0 0 0 0 0 0 0 0 0 0 0 0 0 26 21 14 13 
11 17 14 19 0 0 0 0 0 0 0 0 0 0 0 0 0 0 0 0 0 0 0 0 0 0 0 0 0 0 0 0 0 0 0 0 0 0 0 0 
0 0 0 0 0 0 0 0 0 0 0 0 25 30 26 18 21 16 10 18 0 0 0 0 0 0 0 0 24 24 20 18 0 0 0 0 0 0 0 0 
0 0 0 0 17 28 13 25 0 0 0 0 10 16 20 19 0 0 0 0 22 24 11 26 0 0 0 0 27 18 14 11 19 21 21 21 0 0 0 0 
0 0 0 0 0 0 0 0 0 0 0 0 0 0 0 0 22 10 26 27 0 0 0 0 0 0 0 0 0 0 0 0 0 0 0 0 0 0 0 0 
0 0 0 0 0 0 0 0 0 0 0 0 0 0 0 0 0 0 0 0 0 0 0 0 0 0 0 0 0 0 0 0 0 0 0 0 20 18 16 28 
19 17 23 27 0 0 0 0 0 0 0 0 0 0 0 0 0 0 0 0 0 0 0 0 0 0 0 0 0 0 0 0 0 0 0 0 0 0 0 0 
0 0 0 0 0 0 0 0 18 28 24 29 0 0 0 0 0 0 0 0 0 0 0 0 30 21 15 15 0 0 0 0 10 19 11 25 0 0 0 0 
0 0 0 0 15 23 10 16 28 23 23 13 0 0 0 0 0 0 0 0 25 16 13 16 0 0 0 0 16 23 14 23 19 28 30 25 0 0 0 0 
0 0 0 0 0 0 0 0 23 18 17 10 0 0 0 0 12 10 24 26 0 0 0 0 0 0 0 0 17 26 12 20 19 10 13 23 0 0 0 0 
0 0 0 0 0 0 0 0 0 0 0 0 0 0 0 0 0 0 0 0 0 0 0 0 0 0 0 0 0 0 0 0 0 0 0 0 18 30 11 17 
28 19 12 14 0 0 0 0 0 0 0 0 0 0 0 0 0 0 0 0 0 0 0 0 0 0 0 0 0 0 0 0 0 0 0 0 0 0 0 0 
0 0 0 0 17 18 15 26 30 25 12 30 0 0 0 0 14 12 10 20 29 23 28 10 26 24 24 13 19 29 30 14 13 11 25 21 0 0 0 0 
0 0 0 0 27 11 11 22 0 0 0 0 14 26 29 29 27 16 27 14 17 17 10 29 0 0 0 0 0 0 0 0 23 27 28 21 0 0 0 0 
0 0 0 0 11 15 19 12 14 30 24 13 21 28 27 15 15 27 24 30 26 10 12 24 12 30 24 15 12 12 17 21 13 11 15 24 0 0 0 0 
0 0 0 0 0 0 0 0 0 0 0 0 0 0 0 0 0 0 0 0 0 0 0 0 0 0 0 0 0 0 0 0 0 0 0 0 21 12 27 11 
18 17 26 29 0 0 0 0 0 0 0 0 0 0 0 0 0 0 0 0 0 0 0 0 0 0 0 0 0 0 0 0 0 0 0 0 0 0 0 0 
0 0 0 0 0 0 0 0 0 0 0 0 0 0 0 0 29 17 17 23 0 0 0 0 0 0 0 0 10 17 15 26 0 0 0 0 0 0 0 0 
0 0 0 0 0 0 0 0 26 11 15 12 0 0 0 0 0 0 0 0 0 0 0 0 30 22 29 29 25 15 28 10 22 18 22 25 0 0 0 0 
0 0 0 0 0 0 0 0 0 0 0 0 18 17 24 15 0 0 0 0 0 0 0 0 0 0 0 0 0 0 0 0 0 0 0 0 0 0 0 0 
0 0 0 0 0 0 0 0 0 0 0 0 0 0 0 0 0 0 0 0 0 0 0 0 0 0 0 0 0 0 0 0 0 0 0 0 24 21 26 27 
15 23 15 24 0 0 0 0 0 0 0 0 0 0 0 0 0 0 0 0 0 0 0 0 0 0 0 0 0 0 0 0 0 0 0 0 0 0 0 0 
0 0 0 0 22 17 12 16 0 0 0 0 10 30 20 22 0 0 0 0 0 0 0 0 0 0 0 0 0 0 0 0 0 0 0 0 0 0 0 0 
0 0 0 0 0 0 0 0 0 0 0 0 0 0 0 0 0 0 0 0 0 0 0 0 0 0 0 0 22 21 22 28 0 0 0 0 0 0 0 0 
0 0 0 0 15 22 26 10 0 0 0 0 0 0 0 0 0 0 0 0 21 24 30 15 0 0 0 0 15 22 23 20 0 0 0 0 0 0 0 0 
0 0 0 0 0 0 0 0 0 0 0 0 0 0 0 0 0 0 0 0 0 0 0 0 0 0 0 0 0 0 0 0 0 0 0 0 16 22 27 24 
13 25 12 19 0 0 0 0 0 0 0 0 0 0 0 0 0 0 0 0 0 0 0 0 0 0 0 0 0 0 0 0 0 0 0 0 0 0 0 0 
0 0 0 0 29 25 28 25 22 15 15 13 0 0 0 0 29 24 28 25 0 0 0 0 0 0 0 0 13 12 16 23 0 0 0 0 0 0 0 0 
0 0 0 0 19 24 30 13 29 16 15 18 0 0 0 0 21 12 15 23 12 12 28 22 18 18 20 11 13 14 11 26 0 0 0 0 0 0 0 0 
0 0 0 0 0 0 0 0 0 0 0 0 22 16 21 13 0 0 0 0 26 28 27 23 0 0 0 0 26 16 26 19 0 0 0 0 0 0 0 0 
0 0 0 0 0 0 0 0 0 0 0 0 0 0 0 0 0 0 0 0 0 0 0 0 0 0 0 0 0 0 0 0 0 0 0 0 18 13 30 16 
20 23 26 15 0 0 0 0 0 0 0 0 0 0 0 0 0 0 0 0 0 0 0 0 0 0 0 0 0 0 0 0 0 0 0 0 0 0 0 0 
0 0 0 0 27 19 22 25 0 0 0 0 30 17 24 24 17 26 25 25 19 17 28 18 14 26 23 30 14 24 26 20 20 26 21 11 0 0 0 0 
0 0 0 0 0 0 0 0 22 26 20 14 0 0 0 0 19 27 29 20 0 0 0 0 0 0 0 0 0 0 0 0 12 19 10 17 0 0 0 0 
0 0 0 0 0 0 0 0 0 0 0 0 11 15 17 12 0 0 0 0 0 0 0 0 0 0 0 0 21 27 21 22 15 17 24 25 0 0 0 0 
0 0 0 0 0 0 0 0 0 0 0 0 0 0 0 0 0 0 0 0 0 0 0 0 0 0 0 0 0 0 0 0 0 0 0 0 21 17 29 13 
25 28 20 12 0 0 0 0 0 0 0 0 0 0 0 0 0 0 0 0 0 0 0 0 0 0 0 0 0 0 0 0 0 0 0 0 0 0 0 0 
0 0 0 0 0 0 0 0 0 0 0 0 0 0 0 0 0 0 0 0 0 0 0 0 0 0 0 0 0 0 0 0 27 18 16 11 0 0 0 0 
0 0 0 0 25 24 19 24 25 24 26 14 23 26 14 20 27 13 11 28 20 30 24 17 13 12 13 28 22 27 18 16 16 10 27 30 0 0 0 0 
0 0 0 0 0 0 0 0 0 0 0 0 11 18 13 22 0 0 0 0 0 0 0 0 17 25 20 22 0 0 0 0 0 0 0 0 0 0 0 0 
0 0 0 0 0 0 0 0 0 0 0 0 0 0 0 0 0 0 0 0 0 0 0 0 0 0 0 0 0 0 0 0 0 0 0 0 18 19 14 29 
27 10 10 22 0 0 0 0 0 0 0 0 0 0 0 0 0 0 0 0 0 0 0 0 0 0 0 0 0 0 0 0 0 0 0 0 0 0 0 0 
0 0 0 0 18 24 19 19 23 16 17 14 0 0 0 0 0 0 0 0 19 20 15 30 18 20 15 10 0 0 0 0 0 0 0 0 0 0 0 0 
0 0 0 0 0 0 0 0 0 0 0 0 26 23 28 25 0 0 0 0 0 0 0 0 0 0 0 0 0 0 0 0 0 0 0 0 0 0 0 0 
0 0 0 0 16 16 19 18 13 18 26 15 30 30 24 17 0 0 0 0 14 28 21 15 15 21 17 30 0 0 0 0 11 11 14 14 0 0 0 0 
0 0 0 0 0 0 0 0 0 0 0 0 0 0 0 0 0 0 0 0 0 0 0 0 0 0 0 0 0 0 0 0 0 0 0 0 22 27 25 19 
27 10 19 29 0 0 0 0 0 0 0 0 0 0 0 0 0 0 0 0 0 0 0 0 0 0 0 0 0 0 0 0 0 0 0 0 0 0 0 0 
0 0 0 0 0 0 0 0 26 26 29 26 10 26 27 21 25 23 24 11 15 23 16 24 20 22 28 14 0 0 0 0 0 0 0 0 0 0 0 0 
0 0 0 0 23 14 30 18 0 0 0 0 28 11 29 29 21 10 24 12 25 14 21 14 0 0 0 0 0 0 0 0 0 0 0 0 0 0 0 0 
0 0 0 0 0 0 0 0 0 0 0 0 0 0 0 0 0 0 0 0 19 26 21 23 0 0 0 0 0 0 0 0 0 0 0 0 0 0 0 0 
0 0 0 0 0 0 0 0 0 0 0 0 0 0 0 0 0 0 0 0 0 0 0 0 0 0 0 0 0 0 0 0 0 0 0 0 19 21 25 17 
19 30 17 27 0 0 0 0 0 0 0 0 0 0 0 0 0 0 0 0 0 0 0 0 0 0 0 0 0 0 0 0 0 0 0 0 0 0 0 0 
0 0 0 0 17 17 17 12 29 23 29 15 28 19 13 14 0 0 0 0 24 19 22 18 0 0 0 0 18 27 14 29 12 30 22 27 0 0 0 0 
0 0 0 0 13 19 25 14 26 28 17 20 0 0 0 0 10 21 26 22 22 22 25 23 22 20 29 18 23 12 27 19 0 0 0 0 0 0 0 0 
0 0 0 0 21 14 13 19 0 0 0 0 20 22 21 10 0 0 0 0 16 13 14 16 0 0 0 0 0 0 0 0 0 0 0 0 0 0 0 0 
0 0 0 0 0 0 0 0 0 0 0 0 0 0 0 0 0 0 0 0 0 0 0 0 0 0 0 0 0 0 0 0 0 0 0 0 25 13 11 12 
18 22 20 29 0 0 0 0 0 0 0 0 0 0 0 0 0 0 0 0 0 0 0 0 0 0 0 0 0 0 0 0 0 0 0 0 0 0 0 0 
0 0 0 0 17 30 15 20 0 0 0 0 0 0 0 0 0 0 0 0 0 0 0 0 0 0 0 0 0 0 0 0 0 0 0 0 0 0 0 0 
0 0 0 0 0 0 0 0 16 30 17 12 0 0 0 0 25 20 10 12 21 28 10 16 0 0 0 0 15 22 17 14 0 0 0 0 0 0 0 0 
0 0 0 0 29 11 14 24 13 19 24 18 23 29 22 29 16 24 21 28 22 15 21 15 11 11 29 16 0 0 0 0 10 21 29 24 0 0 0 0 
0 0 0 0 0 0 0 0 0 0 0 0 0 0 0 0 0 0 0 0 0 0 0 0 0 0 0 0 0 0 0 0 0 0 0 0 28 23 22 10 
23 30 15 28 0 0 0 0 0 0 0 0 0 0 0 0 0 0 0 0 0 0 0 0 0 0 0 0 0 0 0 0 0 0 0 0 0 0 0 0 
0 0 0 0 0 0 0 0 10 28 22 19 11 22 11 30 29 29 22 15 0 0 0 0 0 0 0 0 28 24 21 11 14 25 23 14 0 0 0 0 
0 0 0 0 18 23 10 12 0 0 0 0 0 0 0 0 29 28 24 22 10 19 23 13 0 0 0 0 29 20 17 17 15 25 13 29 0 0 0 0 
0 0 0 0 0 0 0 0 19 26 24 30 28 14 13 11 24 28 10 14 0 0 0 0 21 10 26 22 30 20 24 25 11 11 12 20 0 0 0 0 
0 0 0 0 0 0 0 0 0 0 0 0 0 0 0 0 0 0 0 0 0 0 0 0 0 0 0 0 0 0 0 0 0 0 0 0 10 28 18 25 
17 26 20 14 0 0 0 0 0 0 0 0 0 0 0 0 0 0 0 0 0 0 0 0 0 0 0 0 0 0 0 0 0 0 0 0 0 0 0 0 
0 0 0 0 0 0 0 0 30 25 25 17 19 10 17 28 0 0 0 0 19 17 11 19 0 0 0 0 0 0 0 0 0 0 0 0 0 0 0 0 
0 0 0 0 0 0 0 0 0 0 0 0 23 29 10 26 14 26 16 11 19 30 22 16 0 0 0 0 19 21 21 17 0 0 0 0 0 0 0 0 
0 0 0 0 24 22 29 30 12 27 13 17 16 26 17 15 0 0 0 0 11 29 27 15 13 29 21 20 0 0 0 0 29 19 22 20 0 0 0 0 
0 0 0 0 0 0 0 0 0 0 0 0 0 0 0 0 0 0 0 0 0 0 0 0 0 0 0 0 0 0 0 0 0 0 0 0 30 13 27 15 
30 24 15 26 0 0 0 0 0 0 0 0 0 0 0 0 0 0 0 0 0 0 0 0 0 0 0 0 0 0 0 0 0 0 0 0 0 0 0 0 
0 0 0 0 18 10 25 30 24 27 30 29 25 15 25 15 20 21 28 20 10 20 18 18 26 11 29 30 13 15 20 29 25 13 15 30 0 0 0 0 
0 0 0 0 0 0 0 0 16 14 28 19 0 0 0 0 19 22 11 27 27 10 26 12 29 27 23 22 0 0 0 0 16 20 21 21 0 0 0 0 
0 0 0 0 0 0 0 0 14 24 27 13 0 0 0 0 19 29 13 27 16 16 26 20 21 15 28 30 15 23 23 25 26 24 11 29 0 0 0 0 
0 0 0 0 0 0 0 0 0 0 0 0 0 0 0 0 0 0 0 0 0 0 0 0 0 0 0 0 0 0 0 0 0 0 0 0 12 15 30 26 
18 19 15 23 0 0 0 0 0 0 0 0 0 0 0 0 0 0 0 0 0 0 0 0 0 0 0 0 0 0 0 0 0 0 0 0 0 0 0 0 
0 0 0 0 18 23 28 13 29 26 17 10 22 25 26 11 14 18 23 16 14 17 30 13 16 15 29 11 20 21 15 20 14 21 14 16 0 0 0 0 
0 0 0 0 13 11 10 20 0 0 0 0 29 22 22 29 22 24 20 11 11 25 11 19 0 0 0 0 0 0 0 0 0 0 0 0 0 0 0 0 
0 0 0 0 14 29 14 11 25 24 21 29 21 26 29 13 13 21 15 22 20 28 30 11 16 19 22 25 0 0 0 0 26 30 19 12 0 0 0 0 
0 0 0 0 0 0 0 0 0 0 0 0 0 0 0 0 0 0 0 0 0 0 0 0 0 0 0 0 0 0 0 0 0 0 0 0 15 22 24 13 
12 18 28 17 0 0 0 0 0 0 0 0 0 0 0 0 0 0 0 0 0 0 0 0 0 0 0 0 0 0 0 0 0 0 0 0 0 0 0 0 
0 0 0 0 28 19 29 28 0 0 0 0 0 0 0 0 0 0 0 0 0 0 0 0 0 0 0 0 0 0 0 0 0 0 0 0 0 0 0 0 
0 0 0 0 29 15 12 14 14 30 30 16 13 20 23 24 0 0 0 0 25 22 21 20 18 20 23 13 13 15 20 18 0 0 0 0 0 0 0 0 
0 0 0 0 16 24 12 20 0 0 0 0 13 15 21 24 0 0 0 0 25 24 12 18 29 28 13 23 0 0 0 0 15 13 17 17 0 0 0 0 
0 0 0 0 0 0 0 0 0 0 0 0 0 0 0 0 0 0 0 0 0 0 0 0 0 0 0 0 0 0 0 0 0 0 0 0 23 19 28 28 
28 30 30 12 0 0 0 0 0 0 0 0 0 0 0 0 0 0 0 0 0 0 0 0 0 0 0 0 0 0 0 0 0 0 0 0 0 0 0 0 
0 0 0 0 11 21 10 11 23 28 27 15 0 0 0 0 0 0 0 0 12 15 12 10 18 14 19 11 0 0 0 0 27 17 25 15 0 0 0 0 
0 0 0 0 12 29 17 13 21 15 16 10 14 20 19 20 21 24 14 16 0 0 0 0 19 16 27 14 29 17 20 14 17 27 28 26 0 0 0 0 
0 0 0 0 0 0 0 0 0 0 0 0 0 0 0 0 0 0 0 0 0 0 0 0 21 12 12 11 0 0 0 0 0 0 0 0 0 0 0 0 
0 0 0 0 0 0 0 0 0 0 0 0 0 0 0 0 0 0 0 0 0 0 0 0 0 0 0 0 0 0 0 0 0 0 0 0 30 12 12 29 
10 12 14 10 0 0 0 0 0 0 0 0 0 0 0 0 0 0 0 0 0 0 0 0 0 0 0 0 0 0 0 0 0 0 0 0 0 0 0 0 
0 0 0 0 29 23 21 22 22 19 14 23 0 0 0 0 17 15 26 30 0 0 0 0 20 15 30 23 30 18 16 27 13 17 16 25 0 0 0 0 
0 0 0 0 0 0 0 0 16 13 21 29 0 0 0 0 0 0 0 0 0 0 0 0 27 29 19 29 0 0 0 0 0 0 0 0 0 0 0 0 
0 0 0 0 18 21 17 28 22 26 10 23 11 13 28 21 29 11 13 13 24 24 13 15 13 24 29 24 23 25 14 21 16 18 20 11 0 0 0 0 
0 0 0 0 0 0 0 0 0 0 0 0 0 0 0 0 0 0 0 0 0 0 0 0 0 0 0 0 0 0 0 0 0 0 0 0 21 22 30 20 
24 22 18 15 0 0 0 0 0 0 0 0 0 0 0 0 0 0 0 0 0 0 0 0 0 0 0 0 0 0 0 0 0 0 0 0 0 0 0 0 
0 0 0 0 19 21 16 16 11 25 11 26 11 18 25 17 25 30 23 28 15 13 23 11 12 27 16 18 17 21 15 20 14 27 10 27 0 0 0 0 
0 0 0 0 0 0 0 0 25 23 22 23 0 0 0 0 27 26 11 26 14 20 23 15 20 23 14 24 0 0 0 0 0 0 0 0 0 0 0 0 
0 0 0 0 21 21 12 20 20 28 12 30 16 30 18 27 15 18 28 27 26 26 26 21 14 14 12 23 28 19 15 18 27 20 21 30 0 0 0 0 
0 0 0 0 0 0 0 0 0 0 0 0 0 0 0 0 0 0 0 0 0 0 0 0 0 0 0 0 0 0 0 0 0 0 0 0 24 17 16 16 
30 13 28 21 0 0 0 0 0 0 0 0 0 0 0 0 0 0 0 0 0 0 0 0 0 0 0 0 0 0 0 0 0 0 0 0 0 0 0 0 
0 0 0 0 0 0 0 0 29 30 28 24 26 26 15 11 30 27 15 29 0 0 0 0 0 0 0 0 22 11 24 21 0 0 0 0 0 0 0 0 
0 0 0 0 12 28 26 23 20 14 13 30 10 22 24 13 12 15 10 14 30 19 14 16 18 21 12 24 13 21 17 11 20 24 30 24 0 0 0 0 
0 0 0 0 0 0 0 0 0 0 0 0 26 25 11 16 0 0 0 0 0 0 0 0 18 15 14 20 14 29 22 25 20 11 28 16 0 0 0 0 
0 0 0 0 0 0 0 0 0 0 0 0 0 0 0 0 0 0 0 0 0 0 0 0 0 0 0 0 0 0 0 0 0 0 0 0 24 16 19 28 
17 11 30 22 0 0 0 0 0 0 0 0 0 0 0 0 0 0 0 0 0 0 0 0 0 0 0 0 0 0 0 0 0 0 0 0 0 0 0 0 
0 0 0 0 10 26 14 25 23 28 23 10 24 28 27 19 21 24 22 10 14 21 11 30 23 26 11 13 19 25 19 27 0 0 0 0 0 0 0 0 
0 0 0 0 0 0 0 0 15 20 11 26 0 0 0 0 0 0 0 0 16 29 29 22 0 0 0 0 0 0 0 0 0 0 0 0 0 0 0 0 
0 0 0 0 20 12 23 14 0 0 0 0 12 20 23 28 0 0 0 0 0 0 0 0 0 0 0 0 0 0 0 0 0 0 0 0 0 0 0 0 
0 0 0 0 0 0 0 0 0 0 0 0 0 0 0 0 0 0 0 0 0 0 0 0 0 0 0 0 0 0 0 0 0 0 0 0 13 20 18 11 
23 26 13 23 0 0 0 0 0 0 0 0 0 0 0 0 0 0 0 0 0 0 0 0 0 0 0 0 0 0 0 0 0 0 0 0 0 0 0 0 
0 0 0 0 18 29 19 20 0 0 0 0 25 15 22 27 29 15 13 26 24 25 27 30 25 21 17 28 29 28 17 28 0 0 0 0 0 0 0 0 
0 0 0 0 0 0 0 0 12 29 13 23 20 29 30 19 28 19 30 29 22 15 13 16 0 0 0 0 23 10 29 16 29 18 25 11 0 0 0 0 
0 0 0 0 0 0 0 0 0 0 0 0 19 23 11 28 0 0 0 0 0 0 0 0 19 22 19 12 0 0 0 0 0 0 0 0 0 0 0 0 
0 0 0 0 0 0 0 0 0 0 0 0 0 0 0 0 0 0 0 0 0 0 0 0 0 0 0 0 0 0 0 0 0 0 0 0 14 28 28 10 
11 27 25 18 0 0 0 0 0 0 0 0 0 0 0 0 0 0 0 0 0 0 0 0 0 0 0 0 0 0 0 0 0 0 0 0 0 0 0 0 
0 0 0 0 23 18 17 23 15 14 14 16 24 28 22 14 17 15 23 10 12 30 16 18 12 12 26 20 13 18 27 12 27 29 28 11 0 0 0 0 
0 0 0 0 26 12 20 11 11 30 19 15 19 17 17 11 0 0 0 0 0 0 0 0 0 0 0 0 22 28 18 18 0 0 0 0 0 0 0 0 
0 0 0 0 0 0 0 0 0 0 0 0 14 28 28 17 0 0 0 0 0 0 0 0 0 0 0 0 0 0 0 0 0 0 0 0 0 0 0 0 
0 0 0 0 0 0 0 0 0 0 0 0 0 0 0 0 0 0 0 0 0 0 0 0 0 0 0 0 0 0 0 0 0 0 0 0 13 18 26 30 
16 23 13 13 0 0 0 0 0 0 0 0 0 0 0 0 0 0 0 0 0 0 0 0 0 0 0 0 0 0 0 0 0 0 0 0 0 0 0 0 
0 0 0 0 0 0 0 0 0 0 0 0 18 13 30 14 26 26 14 26 19 22 19 15 0 0 0 0 0 0 0 0 0 0 0 0 0 0 0 0 
0 0 0 0 13 11 19 14 16 12 18 30 10 19 22 18 15 30 29 16 26 10 28 13 20 10 22 26 14 17 27 13 29 22 11 26 0 0 0 0 
0 0 0 0 0 0 0 0 0 0 0 0 0 0 0 0 0 0 0 0 0 0 0 0 20 20 22 28 0 0 0 0 0 0 0 0 0 0 0 0 
0 0 0 0 0 0 0 0 0 0 0 0 0 0 0 0 0 0 0 0 0 0 0 0 0 0 0 0 0 0 0 0 0 0 0 0 21 18 24 21 
29 18 18 27 0 0 0 0 0 0 0 0 0 0 0 0 0 0 0 0 0 0 0 0 0 0 0 0 0 0 0 0 0 0 0 0 0 0 0 0 
0 0 0 0 30 12 19 27 15 18 23 17 0 0 0 0 0 0 0 0 26 20 13 15 15 24 15 18 18 26 19 22 25 17 28 25 0 0 0 0 
0 0 0 0 0 0 0 0 0 0 0 0 0 0 0 0 10 26 17 13 0 0 0 0 0 0 0 0 21 25 15 25 0 0 0 0 0 0 0 0 
0 0 0 0 20 30 21 11 16 24 24 28 0 0 0 0 10 30 13 25 0 0 0 0 0 0 0 0 0 0 0 0 18 21 29 30 0 0 0 0 
0 0 0 0 0 0 0 0 0 0 0 0 0 0 0 0 0 0 0 0 0 0 0 0 0 0 0 0 0 0 0 0 0 0 0 0 25 27 27 15 
18 27 18 14 0 0 0 0 0 0 0 0 0 0 0 0 0 0 0 0 0 0 0 0 0 0 0 0 0 0 0 0 0 0 0 0 0 0 0 0 
0 0 0 0 23 13 10 14 0 0 0 0 0 0 0 0 0 0 0 0 0 0 0 0 17 20 10 28 0 0 0 0 0 0 0 0 0 0 0 0 
0 0 0 0 22 26 20 10 17 19 18 16 22 23 18 25 0 0 0 0 0 0 0 0 13 10 30 15 15 30 25 17 30 30 18 30 0 0 0 0 
0 0 0 0 0 0 0 0 0 0 0 0 0 0 0 0 0 0 0 0 0 0 0 0 18 18 20 30 29 12 15 28 0 0 0 0 0 0 0 0 
0 0 0 0 0 0 0 0 0 0 0 0 0 0 0 0 0 0 0 0 0 0 0 0 0 0 0 0 0 0 0 0 0 0 0 0 18 22 12 28 
23 29 20 16 0 0 0 0 0 0 0 0 0 0 0 0 0 0 0 0 0 0 0 0 0 0 0 0 0 0 0 0 0 0 0 0 0 0 0 0 
0 0 0 0 14 13 30 28 18 30 16 19 10 17 21 27 26 20 20 24 18 22 30 24 0 0 0 0 14 12 21 17 15 19 17 24 0 0 0 0 
0 0 0 0 19 27 29 15 30 17 28 20 15 19 16 28 21 23 10 17 19 28 25 16 30 24 17 17 21 14 23 18 20 15 27 27 0 0 0 0 
0 0 0 0 0 0 0 0 0 0 0 0 0 0 0 0 0 0 0 0 20 17 21 13 11 30 19 30 0 0 0 0 16 10 30 13 0 0 0 0 
0 0 0 0 0 0 0 0 0 0 0 0 0 0 0 0 0 0 0 0 0 0 0 0 0 0 0 0 0 0 0 0 0 0 0 0 12 19 23 17 
24 30 27 11 0 0 0 0 0 0 0 0 0 0 0 0 0 0 0 0 0 0 0 0 0 0 0 0 0 0 0 0 0 0 0 0 0 0 0 0 
0 0 0 0 21 24 22 19 0 0 0 0 0 0 0 0 0 0 0 0 30 30 11 30 13 30 25 11 29 26 13 27 0 0 0 0 0 0 0 0 
0 0 0 0 0 0 0 0 21 24 14 28 0 0 0 0 0 0 0 0 0 0 0 0 0 0 0 0 0 0 0 0 0 0 0 0 0 0 0 0 
0 0 0 0 24 23 18 18 0 0 0 0 21 24 21 20 0 0 0 0 0 0 0 0 0 0 0 0 0 0 0 0 26 11 12 18 0 0 0 0 
0 0 0 0 0 0 0 0 0 0 0 0 0 0 0 0 0 0 0 0 0 0 0 0 0 0 0 0 0 0 0 0 0 0 0 0 26 13 22 29 
16 27 11 16 0 0 0 0 0 0 0 0 0 0 0 0 0 0 0 0 0 0 0 0 0 0 0 0 0 0 0 0 0 0 0 0 0 0 0 0 
0 0 0 0 15 20 27 28 22 22 18 22 13 29 12 17 0 0 0 0 18 21 20 27 11 14 21 15 20 10 30 28 0 0 0 0 0 0 0 0 
0 0 0 0 27 17 28 20 0 0 0 0 14 18 19 29 0 0 0 0 10 26 23 13 24 30 23 24 22 21 28 22 29 17 27 28 0 0 0 0 
0 0 0 0 0 0 0 0 20 14 14 11 0 0 0 0 0 0 0 0 0 0 0 0 0 0 0 0 0 0 0 0 0 0 0 0 0 0 0 0 
0 0 0 0 0 0 0 0 0 0 0 0 0 0 0 0 0 0 0 0 0 0 0 0 0 0 0 0 0 0 0 0 0 0 0 0 13 27 10 28 
16 22 25 14 0 0 0 0 0 0 0 0 0 0 0 0 0 0 0 0 0 0 0 0 0 0 0 0 0 0 0 0 0 0 0 0 0 0 0 0 
0 0 0 0 30 11 19 18 20 13 18 16 11 27 18 17 29 15 26 11 12 27 21 14 14 11 30 10 23 18 13 24 14 17 13 29 0 0 0 0 
0 0 0 0 18 22 20 22 0 0 0 0 0 0 0 0 0 0 0 0 23 14 11 30 0 0 0 0 0 0 0 0 0 0 0 0 0 0 0 0 
0 0 0 0 0 0 0 0 0 0 0 0 18 27 17 11 0 0 0 0 0 0 0 0 0 0 0 0 18 28 10 24 0 0 0 0 0 0 0 0 
0 0 0 0 0 0 0 0 0 0 0 0 0 0 0 0 0 0 0 0 0 0 0 0 0 0 0 0 0 0 0 0 0 0 0 0 29 25 10 29 
30 21 29 11 0 0 0 0 0 0 0 0 0 0 0 0 0 0 0 0 0 0 0 0 0 0 0 0 0 0 0 0 0 0 0 0 0 0 0 0 
0 0 0 0 0 0 0 0 0 0 0 0 10 22 18 29 30 13 17 27 10 16 10 19 21 20 26 29 0 0 0 0 0 0 0 0 0 0 0 0 
0 0 0 0 21 22 11 10 0 0 0 0 0 0 0 0 0 0 0 0 0 0 0 0 0 0 0 0 23 11 26 22 0 0 0 0 0 0 0 0 
0 0 0 0 15 27 26 26 18 27 11 25 17 22 15 14 16 20 15 29 26 12 21 29 20 22 24 14 11 15 18 30 0 0 0 0 0 0 0 0 
0 0 0 0 0 0 0 0 0 0 0 0 0 0 0 0 0 0 0 0 0 0 0 0 0 0 0 0 0 0 0 0 0 0 0 0 20 11 24 21 
20 26 19 24 0 0 0 0 0 0 0 0 0 0 0 0 0 0 0 0 0 0 0 0 0 0 0 0 0 0 0 0 0 0 0 0 0 0 0 0 
0 0 0 0 15 20 13 14 29 20 27 27 30 28 26 15 21 19 18 23 0 0 0 0 13 19 28 10 12 11 20 17 30 17 25 15 0 0 0 0 
0 0 0 0 21 10 24 17 18 27 24 15 15 29 29 21 10 29 17 19 28 13 14 30 19 13 20 29 13 14 10 15 30 16 28 16 0 0 0 0 
0 0 0 0 0 0 0 0 15 14 18 18 22 24 29 17 0 0 0 0 0 0 0 0 17 22 22 11 0 0 0 0 0 0 0 0 0 0 0 0 
0 0 0 0 0 0 0 0 0 0 0 0 0 0 0 0 0 0 0 0 0 0 0 0 0 0 0 0 0 0 0 0 0 0 0 0 28 23 15 15 
16 25 22 15 0 0 0 0 0 0 0 0 0 0 0 0 0 0 0 0 0 0 0 0 0 0 0 0 0 0 0 0 0 0 0 0 0 0 0 0 
0 0 0 0 0 0 0 0 0 0 0 0 0 0 0 0 0 0 0 0 25 25 19 25 27 18 18 26 0 0 0 0 25 22 25 11 0 0 0 0 
0 0 0 0 0 0 0 0 0 0 0 0 0 0 0 0 11 23 22 23 25 27 23 27 18 29 23 24 20 30 26 23 17 27 12 14 0 0 0 0 
0 0 0 0 0 0 0 0 0 0 0 0 0 0 0 0 0 0 0 0 0 0 0 0 0 0 0 0 10 17 13 23 0 0 0 0 0 0 0 0 
0 0 0 0 0 0 0 0 0 0 0 0 0 0 0 0 0 0 0 0 0 0 0 0 0 0 0 0 0 0 0 0 0 0 0 0 20 11 10 22 
30 13 13 14 0 0 0 0 0 0 0 0 0 0 0 0 0 0 0 0 0 0 0 0 0 0 0 0 0 0 0 0 0 0 0 0 0 0 0 0 
0 0 0 0 16 10 29 14 0 0 0 0 0 0 0 0 0 0 0 0 0 0 0 0 0 0 0 0 0 0 0 0 21 22 17 21 0 0 0 0 
0 0 0 0 0 0 0 0 0 0 0 0 25 23 14 20 0 0 0 0 0 0 0 0 0 0 0 0 28 16 28 27 0 0 0 0 0 0 0 0 
0 0 0 0 0 0 0 0 0 0 0 0 0 0 0 0 19 25 11 11 0 0 0 0 0 0 0 0 12 15 17 16 0 0 0 0 0 0 0 0 
0 0 0 0 0 0 0 0 0 0 0 0 0 0 0 0 0 0 0 0 0 0 0 0 0 0 0 0 0 0 0 0 0 0 0 0 22 19 19 17 
16 13 28 10 0 0 0 0 0 0 0 0 0 0 0 0 0 0 0 0 0 0 0 0 0 0 0 0 0 0 0 0 0 0 0 0 0 0 0 0 
0 0 0 0 0 0 0 0 0 0 0 0 21 13 18 25 29 24 19 12 13 22 30 12 0 0 0 0 23 25 23 18 0 0 0 0 0 0 0 0 
0 0 0 0 0 0 0 0 25 16 23 19 0 0 0 0 0 0 0 0 28 27 10 12 0 0 0 0 22 24 11 20 11 30 18 20 0 0 0 0 
0 0 0 0 0 0 0 0 12 16 30 15 0 0 0 0 12 11 21 19 10 22 24 13 26 30 28 28 18 12 12 23 0 0 0 0 0 0 0 0 
0 0 0 0 0 0 0 0 0 0 0 0 0 0 0 0 0 0 0 0 0 0 0 0 0 0 0 0 0 0 0 0 0 0 0 0 29 23 16 12 
30 14 12 16 0 0 0 0 0 0 0 0 0 0 0 0 0 0 0 0 0 0 0 0 0 0 0 0 0 0 0 0 0 0 0 0 0 0 0 0 
0 0 0 0 28 12 28 30 0 0 0 0 0 0 0 0 0 0 0 0 0 0 0 0 0 0 0 0 0 0 0 0 0 0 0 0 0 0 0 0 
0 0 0 0 16 22 27 26 0 0 0 0 12 19 11 17 11 18 16 27 0 0 0 0 28 27 24 29 28 18 23 15 30 27 30 17 0 0 0 0 
0 0 0 0 11 11 14 13 0 0 0 0 26 12 23 14 11 30 17 17 20 12 18 20 0 0 0 0 28 25 29 15 0 0 0 0 0 0 0 0 
0 0 0 0 0 0 0 0 0 0 0 0 0 0 0 0 0 0 0 0 0 0 0 0 0 0 0 0 0 0 0 0 0 0 0 0 23 28 11 17 
27 10 10 14 0 0 0 0 0 0 0 0 0 0 0 0 0 0 0 0 0 0 0 0 0 0 0 0 0 0 0 0 0 0 0 0 0 0 0 0 
0 0 0 0 30 22 27 12 30 19 21 28 15 27 28 23 0 0 0 0 18 12 13 23 14 10 19 24 24 14 29 10 30 27 29 30 0 0 0 0 
0 0 0 0 0 0 0 0 20 11 24 15 25 17 18 12 0 0 0 0 0 0 0 0 17 10 21 29 18 13 24 17 0 0 0 0 0 0 0 0 
0 0 0 0 0 0 0 0 0 0 0 0 0 0 0 0 0 0 0 0 0 0 0 0 10 19 26 10 0 0 0 0 0 0 0 0 0 0 0 0 
0 0 0 0 0 0 0 0 0 0 0 0 0 0 0 0 0 0 0 0 0 0 0 0 0 0 0 0 0 0 0 0 0 0 0 0 18 18 28 29 
25 10 23 21 0 0 0 0 0 0 0 0 0 0 0 0 0 0 0 0 0 0 0 0 0 0 0 0 0 0 0 0 0 0 0 0 0 0 0 0 
0 0 0 0 17 27 17 24 10 20 16 10 13 25 30 11 20 20 22 25 26 18 28 12 16 19 19 28 26 19 15 28 14 27 18 26 0 0 0 0 
0 0 0 0 11 25 26 15 0 0 0 0 29 25 15 21 0 0 0 0 0 0 0 0 0 0 0 0 11 24 25 20 0 0 0 0 0 0 0 0 
0 0 0 0 0 0 0 0 0 0 0 0 30 16 29 23 16 15 14 15 0 0 0 0 0 0 0 0 0 0 0 0 0 0 0 0 0 0 0 0 
0 0 0 0 0 0 0 0 0 0 0 0 0 0 0 0 0 0 0 0 0 0 0 0 0 0 0 0 0 0 0 0 0 0 0 0 16 19 20 19 
13 16 14 27 0 0 0 0 0 0 0 0 0 0 0 0 0 0 0 0 0 0 0 0 0 0 0 0 0 0 0 0 0 0 0 0 0 0 0 0 
0 0 0 0 0 0 0 0 21 13 22 24 25 19 23 18 0 0 0 0 20 24 22 22 21 18 22 11 0 0 0 0 15 17 25 26 0 0 0 0 
0 0 0 0 12 26 10 17 20 18 27 25 12 10 30 30 0 0 0 0 18 22 29 28 0 0 0 0 11 14 16 30 12 21 19 23 0 0 0 0 
0 0 0 0 26 17 23 28 18 29 18 23 28 29 21 21 16 11 18 21 27 29 19 21 0 0 0 0 11 18 19 12 24 11 16 25 0 0 0 0 
0 0 0 0 0 0 0 0 0 0 0 0 0 0 0 0 0 0 0 0 0 0 0 0 0 0 0 0 0 0 0 0 0 0 0 0 19 28 29 27 
28 12 30 24 0 0 0 0 0 0 0 0 0 0 0 0 0 0 0 0 0 0 0 0 0 0 0 0 0 0 0 0 0 0 0 0 0 0 0 0 
0 0 0 0 0 0 0 0 0 0 0 0 17 25 12 13 17 10 28 15 0 0 0 0 0 0 0 0 0 0 0 0 0 0 0 0 0 0 0 0 
0 0 0 0 0 0 0 0 23 26 30 27 0 0 0 0 21 21 11 13 0 0 0 0 0 0 0 0 0 0 0 0 0 0 0 0 0 0 0 0 
0 0 0 0 14 20 17 16 24 16 25 13 18 23 25 23 15 14 30 22 0 0 0 0 0 0 0 0 18 20 18 17 17 16 11 15 0 0 0 0 
0 0 0 0 0 0 0 0 0 0 0 0 0 0 0 0 0 0 0 0 0 0 0 0 0 0 0 0 0 0 0 0 0 0 0 0 17 22 16 23 
29 18 17 29 0 0 0 0 0 0 0 0 0 0 0 0 0 0 0 0 0 0 0 0 0 0 0 0 0 0 0 0 0 0 0 0 0 0 0 0 
0 0 0 0 0 0 0 0 0 0 0 0 10 15 19 28 11 20 29 13 0 0 0 0 27 13 25 10 30 10 24 27 0 0 0 0 0 0 0 0 
0 0 0 0 20 12 28 15 29 15 23 13 0 0 0 0 29 18 20 22 29 22 13 21 27 22 17 20 0 0 0 0 0 0 0 0 0 0 0 0 
0 0 0 0 18 16 12 22 0 0 0 0 0 0 0 0 27 11 26 28 12 15 23 17 16 10 18 11 21 29 27 18 0 0 0 0 0 0 0 0 
0 0 0 0 0 0 0 0 0 0 0 0 0 0 0 0 0 0 0 0 0 0 0 0 0 0 0 0 0 0 0 0 0 0 0 0 19 12 10 15 
20 22 16 29 0 0 0 0 0 0 0 0 0 0 0 0 0 0 0 0 0 0 0 0 0 0 0 0 0 0 0 0 0 0 0 0 0 0 0 0 
0 0 0 0 0 0 0 0 16 13 18 27 0 0 0 0 0 0 0 0 24 21 27 30 0 0 0 0 30 21 19 22 0 0 0 0 0 0 0 0 
0 0 0 0 0 0 0 0 14 17 11 27 18 14 30 17 26 13 20 22 27 15 11 16 0 0 0 0 0 0 0 0 0 0 0 0 0 0 0 0 
0 0 0 0 0 0 0 0 0 0 0 0 19 21 18 26 29 30 15 19 0 0 0 0 11 22 11 30 0 0 0 0 17 19 28 23 0 0 0 0 
0 0 0 0 0 0 0 0 0 0 0 0 0 0 0 0 0 0 0 0 0 0 0 0 0 0 0 0 0 0 0 0 0 0 0 0 24 29 23 13 
30 14 19 13 0 0 0 0 0 0 0 0 0 0 0 0 0 0 0 0 0 0 0 0 0 0 0 0 0 0 0 0 0 0 0 0 0 0 0 0 
0 0 0 0 0 0 0 0 0 0 0 0 0 0 0 0 0 0 0 0 0 0 0 0 0 0 0 0 26 23 14 29 0 0 0 0 0 0 0 0 
0 0 0 0 23 12 29 10 22 17 16 28 12 19 13 27 25 27 24 29 30 11 16 11 16 16 22 12 21 14 25 22 11 20 21 21 0 0 0 0 
0 0 0 0 24 16 27 28 0 0 0 0 12 25 24 21 0 0 0 0 0 0 0 0 0 0 0 0 0 0 0 0 0 0 0 0 0 0 0 0 
0 0 0 0 0 0 0 0 0 0 0 0 0 0 0 0 0 0 0 0 0 0 0 0 0 0 0 0 0 0 0 0 0 0 0 0 30 11 27 22 
24 19 26 15 0 0 0 0 0 0 0 0 0 0 0 0 0 0 0 0 0 0 0 0 0 0 0 0 0 0 0 0 0 0 0 0 0 0 0 0 
0 0 0 0 13 14 20 10 22 18 18 23 17 25 20 27 10 28 26 12 23 17 19 12 22 25 17 10 15 13 19 14 29 19 21 26 0 0 0 0 
0 0 0 0 13 13 19 12 14 15 10 14 27 30 23 23 23 27 20 26 0 0 0 0 0 0 0 0 20 27 14 13 18 14 11 27 0 0 0 0 
0 0 0 0 0 0 0 0 27 12 15 20 0 0 0 0 29 14 25 24 24 15 17 15 0 0 0 0 10 25 29 15 29 23 28 28 0 0 0 0 
0 0 0 0 0 0 0 0 0 0 0 0 0 0 0 0 0 0 0 0 0 0 0 0 0 0 0 0 0 0 0 0 0 0 0 0 30 19 25 25 
15 19 20 22 0 0 0 0 0 0 0 0 0 0 0 0 0 0 0 0 0 0 0 0 0 0 0 0 0 0 0 0 0 0 0 0 0 0 0 0 
0 0 0 0 0 0 0 0 26 24 30 30 0 0 0 0 16 17 19 14 0 0 0 0 0 0 0 0 25 10 29 24 0 0 0 0 0 0 0 0 
0 0 0 0 19 20 27 24 19 20 17 16 19 30 10 18 18 11 14 24 0 0 0 0 21 26 19 29 26 14 23 18 0 0 0 0 0 0 0 0 
0 0 0 0 25 12 15 23 27 20 17 23 14 18 25 24 0 0 0 0 28 11 14 13 0 0 0 0 30 25 17 16 13 27 30 27 0 0 0 0 
0 0 0 0 0 0 0 0 0 0 0 0 0 0 0 0 0 0 0 0 0 0 0 0 0 0 0 0 0 0 0 0 0 0 0 0 15 23 19 30 
16 25 23 30 0 0 0 0 0 0 0 0 0 0 0 0 0 0 0 0 0 0 0 0 0 0 0 0 0 0 0 0 0 0 0 0 0 0 0 0 
0 0 0 0 26 12 14 11 0 0 0 0 13 24 26 25 0 0 0 0 24 21 18 24 0 0 0 0 20 24 23 21 0 0 0 0 0 0 0 0 
0 0 0 0 20 13 27 13 23 10 26 13 30 21 18 25 24 15 21 10 24 21 11 23 0 0 0 0 24 25 19 11 26 21 18 26 0 0 0 0 
0 0 0 0 15 26 29 28 26 23 19 19 30 16 27 12 29 12 13 11 21 20 24 26 12 23 20 13 0 0 0 0 23 13 27 25 0 0 0 0 
0 0 0 0 0 0 0 0 0 0 0 0 0 0 0 0 0 0 0 0 0 0 0 0 0 0 0 0 0 0 0 0 0 0 0 0 29 21 13 23 
14 20 10 14 0 0 0 0 0 0 0 0 0 0 0 0 0 0 0 0 0 0 0 0 0 0 0 0 0 0 0 0 0 0 0 0 0 0 0 0 
0 0 0 0 10 26 27 13 0 0 0 0 0 0 0 0 0 0 0 0 0 0 0 0 0 0 0 0 0 0 0 0 29 11 28 16 0 0 0 0 
0 0 0 0 21 12 25 11 0 0 0 0 0 0 0 0 18 18 14 27 28 26 28 18 19 10 10 11 27 15 25 18 0 0 0 0 0 0 0 0 
0 0 0 0 15 11 20 27 0 0 0 0 27 19 10 11 0 0 0 0 0 0 0 0 0 0 0 0 0 0 0 0 30 30 22 28 0 0 0 0 
0 0 0 0 0 0 0 0 0 0 0 0 0 0 0 0 0 0 0 0 0 0 0 0 0 0 0 0 0 0 0 0 0 0 0 0 25 30 11 29 
14 30 11 12 0 0 0 0 0 0 0 0 0 0 0 0 0 0 0 0 0 0 0 0 0 0 0 0 0 0 0 0 0 0 0 0 0 0 0 0 
0 0 0 0 30 12 23 11 20 10 22 13 0 0 0 0 0 0 0 0 23 23 29 30 29 15 28 25 24 19 28 11 0 0 0 0 0 0 0 0 
0 0 0 0 12 12 21 18 13 26 30 27 18 28 28 10 0 0 0 0 29 11 11 15 24 27 21 12 21 19 25 18 17 13 17 13 0 0 0 0 
0 0 0 0 26 23 22 29 24 10 21 22 27 11 26 14 19 28 11 10 29 21 22 29 22 29 15 13 21 12 11 14 24 17 10 30 0 0 0 0 
0 0 0 0 0 0 0 0 0 0 0 0 0 0 0 0 0 0 0 0 0 0 0 0 0 0 0 0 0 0 0 0 0 0 0 0 18 23 24 27 
26 10 14 13 0 0 0 0 0 0 0 0 0 0 0 0 0 0 0 0 0 0 0 0 0 0 0 0 0 0 0 0 0 0 0 0 0 0 0 0 
0 0 0 0 11 13 13 25 23 25 27 16 28 18 17 17 23 22 29 23 22 16 24 11 0 0 0 0 23 29 11 26 0 0 0 0 0 0 0 0 
0 0 0 0 0 0 0 0 0 0 0 0 0 0 0 0 0 0 0 0 0 0 0 0 0 0 0 0 15 17 16 14 0 0 0 0 0 0 0 0 
0 0 0 0 0 0 0 0 0 0 0 0 0 0 0 0 23 25 21 16 15 28 23 25 0 0 0 0 0 0 0 0 0 0 0 0 0 0 0 0 
0 0 0 0 0 0 0 0 0 0 0 0 0 0 0 0 0 0 0 0 0 0 0 0 0 0 0 0 0 0 0 0 0 0 0 0 13 19 23 23 
21 23 10 27 0 0 0 0 0 0 0 0 0 0 0 0 0 0 0 0 0 0 0 0 0 0 0 0 0 0 0 0 0 0 0 0 0 0 0 0 
0 0 0 0 28 15 23 12 0 0 0 0 25 29 24 17 27 26 24 27 10 29 12 16 17 25 27 11 12 20 24 16 11 26 26 25 0 0 0 0 
0 0 0 0 20 10 22 23 11 25 29 30 11 19 19 13 0 0 0 0 19 13 26 23 17 15 19 17 24 24 10 16 16 22 28 26 0 0 0 0 
0 0 0 0 0 0 0 0 29 21 28 18 0 0 0 0 23 14 23 28 17 14 21 13 0 0 0 0 0 0 0 0 0 0 0 0 0 0 0 0 
0 0 0 0 0 0 0 0 0 0 0 0 0 0 0 0 0 0 0 0 0 0 0 0 0 0 0 0 0 0 0 0 0 0 0 0 29 27 22 30 
22 12 15 10 0 0 0 0 0 0 0 0 0 0 0 0 0 0 0 0 0 0 0 0 0 0 0 0 0 0 0 0 0 0 0 0 0 0 0 0 
0 0 0 0 0 0 0 0 0 0 0 0 0 0 0 0 19 11 22 15 20 18 26 21 0 0 0 0 11 30 12 15 0 0 0 0 0 0 0 0 
0 0 0 0 27 27 22 11 12 21 20 26 24 27 12 15 18 17 24 27 30 17 18 23 10 25 14 12 27 20 22 23 10 19 26 27 0 0 0 0 
0 0 0 0 30 19 17 20 28 13 11 10 12 28 16 26 0 0 0 0 22 27 27 20 0 0 0 0 0 0 0 0 22 13 16 27 0 0 0 0 
0 0 0 0 0 0 0 0 0 0 0 0 0 0 0 0 0 0 0 0 0 0 0 0 0 0 0 0 0 0 0 0 0 0 0 0 30 27 29 14 
16 17 13 23 0 0 0 0 0 0 0 0 0 0 0 0 0 0 0 0 0 0 0 0 0 0 0 0 0 0 0 0 0 0 0 0 0 0 0 0 
0 0 0 0 0 0 0 0 0 0 0 0 0 0 0 0 30 28 26 19 0 0 0 0 0 0 0 0 0 0 0 0 0 0 0 0 0 0 0 0 
0 0 0 0 0 0 0 0 0 0 0 0 0 0 0 0 0 0 0 0 0 0 0 0 0 0 0 0 0 0 0 0 26 27 24 22 0 0 0 0 
0 0 0 0 16 19 23 12 0 0 0 0 0 0 0 0 0 0 0 0 0 0 0 0 23 20 10 24 0 0 0 0 26 21 21 18 0 0 0 0 
0 0 0 0 0 0 0 0 0 0 0 0 0 0 0 0 0 0 0 0 0 0 0 0 0 0 0 0 0 0 0 0 0 0 0 0 18 12 12 14 
18 24 27 10 0 0 0 0 0 0 0 0 0 0 0 0 0 0 0 0 0 0 0 0 0 0 0 0 0 0 0 0 0 0 0 0 0 0 0 0 
0 0 0 0 12 14 23 12 14 26 20 27 14 26 13 15 16 27 12 18 21 19 10 30 18 19 27 30 20 20 26 25 26 27 25 16 0 0 0 0 
0 0 0 0 21 30 17 22 15 23 30 29 0 0 0 0 19 13 16 19 20 13 24 23 0 0 0 0 23 26 12 16 29 12 11 26 0 0 0 0 
0 0 0 0 0 0 0 0 0 0 0 0 16 10 11 28 0 0 0 0 11 23 17 19 0 0 0 0 21 11 10 14 0 0 0 0 0 0 0 0 
0 0 0 0 0 0 0 0 0 0 0 0 0 0 0 0 0 0 0 0 0 0 0 0 0 0 0 0 0 0 0 0 0 0 0 0 15 17 11 28 
15 25 27 21 0 0 0 0 0 0 0 0 0 0 0 0 0 0 0 0 0 0 0 0 0 0 0 0 0 0 0 0 0 0 0 0 0 0 0 0 
0 0 0 0 0 0 0 0 24 28 11 13 0 0 0 0 0 0 0 0 0 0 0 0 0 0 0 0 0 0 0 0 0 0 0 0 0 0 0 0 
0 0 0 0 24 28 23 24 0 0 0 0 0 0 0 0 0 0 0 0 0 0 0 0 0 0 0 0 29 18 25 27 10 12 20 23 0 0 0 0 
0 0 0 0 0 0 0 0 28 22 29 28 0 0 0 0 0 0 0 0 22 12 27 24 25 20 29 18 23 23 17 28 14 28 14 29 0 0 0 0 
0 0 0 0 0 0 0 0 0 0 0 0 0 0 0 0 0 0 0 0 0 0 0 0 0 0 0 0 0 0 0 0 0 0 0 0 19 25 22 17 
23 25 12 18 0 0 0 0 0 0 0 0 0 0 0 0 0 0 0 0 0 0 0 0 0 0 0 0 0 0 0 0 0 0 0 0 0 0 0 0 
0 0 0 0 0 0 0 0 0 0 0 0 0 0 0 0 0 0 0 0 0 0 0 0 13 17 13 13 0 0 0 0 28 23 24 28 0 0 0 0 
0 0 0 0 0 0 0 0 0 0 0 0 0 0 0 0 28 12 13 20 0 0 0 0 0 0 0 0 0 0 0 0 0 0 0 0 0 0 0 0 
0 0 0 0 0 0 0 0 13 20 29 19 0 0 0 0 26 19 29 12 0 0 0 0 0 0 0 0 22 12 10 10 0 0 0 0 0 0 0 0 
0 0 0 0 0 0 0 0 0 0 0 0 0 0 0 0 0 0 0 0 0 0 0 0 0 0 0 0 0 0 0 0 0 0 0 0 11 22 12 25 
22 11 25 30 0 0 0 0 0 0 0 0 0 0 0 0 0 0 0 0 0 0 0 0 0 0 0 0 0 0 0 0 0 0 0 0 0 0 0 0 
0 0 0 0 0 0 0 0 0 0 0 0 0 0 0 0 0 0 0 0 0 0 0 0 0 0 0 0 0 0 0 0 23 16 16 28 0 0 0 0 
0 0 0 0 0 0 0 0 0 0 0 0 0 0 0 0 0 0 0 0 0 0 0 0 22 28 28 15 0 0 0 0 0 0 0 0 0 0 0 0 
0 0 0 0 0 0 0 0 26 17 23 12 0 0 0 0 0 0 0 0 0 0 0 0 0 0 0 0 0 0 0 0 0 0 0 0 0 0 0 0 
0 0 0 0 0 0 0 0 0 0 0 0 0 0 0 0 0 0 0 0 0 0 0 0 0 0 0 0 0 0 0 0 0 0 0 0 19 19 10 26 
19 11 22 25 0 0 0 0 0 0 0 0 0 0 0 0 0 0 0 0 0 0 0 0 0 0 0 0 0 0 0 0 0 0 0 0 0 0 0 0 
0 0 0 0 26 11 12 13 0 0 0 0 24 27 16 30 29 12 14 24 25 15 29 29 0 0 0 0 0 0 0 0 0 0 0 0 0 0 0 0 
0 0 0 0 30 30 21 23 0 0 0 0 25 25 19 28 0 0 0 0 22 20 16 29 0 0 0 0 0 0 0 0 0 0 0 0 0 0 0 0 
0 0 0 0 0 0 0 0 0 0 0 0 0 0 0 0 0 0 0 0 0 0 0 0 27 11 16 14 0 0 0 0 0 0 0 0 0 0 0 0 
0 0 0 0 0 0 0 0 0 0 0 0 0 0 0 0 0 0 0 0 0 0 0 0 0 0 0 0 0 0 0 0 0 0 0 0 20 21 27 14 
26 16 15 15 0 0 0 0 0 0 0 0 0 0 0 0 0 0 0 0 0 0 0 0 0 0 0 0 0 0 0 0 0 0 0 0 0 0 0 0 
0 0 0 0 0 0 0 0 0 0 0 0 0 0 0 0 0 0 0 0 30 14 25 22 0 0 0 0 0 0 0 0 11 26 10 26 0 0 0 0 
0 0 0 0 0 0 0 0 0 0 0 0 10 22 21 19 24 15 11 12 0 0 0 0 0 0 0 0 12 16 23 28 0 0 0 0 0 0 0 0 
0 0 0 0 0 0 0 0 19 25 11 25 19 27 10 20 13 16 23 25 30 23 17 19 21 12 21 30 17 27 17 11 29 27 12 15 0 0 0 0 
0 0 0 0 0 0 0 0 0 0 0 0 0 0 0 0 0 0 0 0 0 0 0 0 0 0 0 0 0 0 0 0 0 0 0 0 28 20 10 19 
16 14 30 27 0 0 0 0 0 0 0 0 0 0 0 0 0 0 0 0 0 0 0 0 0 0 0 0 0 0 0 0 0 0 0 0 0 0 0 0 
0 0 0 0 17 17 17 22 0 0 0 0 25 14 26 17 26 23 10 23 0 0 0 0 16 12 30 10 10 29 17 27 0 0 0 0 0 0 0 0 
0 0 0 0 23 26 25 30 11 13 28 14 18 28 27 20 23 27 21 27 26 21 27 24 19 26 25 22 21 26 29 20 29 29 28 22 0 0 0 0 
0 0 0 0 28 20 22 17 13 14 28 15 0 0 0 0 16 15 22 30 0 0 0 0 0 0 0 0 27 21 16 18 27 23 18 24 0 0 0 0 
0 0 0 0 0 0 0 0 0 0 0 0 0 0 0 0 0 0 0 0 0 0 0 0 0 0 0 0 0 0 0 0 0 0 0 0 24 20 30 18 
28 13 20 15 0 0 0 0 0 0 0 0 0 0 0 0 0 0 0 0 0 0 0 0 0 0 0 0 0 0 0 0 0 0 0 0 0 0 0 0 
0 0 0 0 0 0 0 0 10 24 14 29 0 0 0 0 0 0 0 0 0 0 0 0 24 29 13 18 14 25 27 24 0 0 0 0 0 0 0 0 
0 0 0 0 0 0 0 0 0 0 0 0 13 26 11 26 12 30 19 29 0 0 0 0 19 30 30 14 0 0 0 0 0 0 0 0 0 0 0 0 
0 0 0 0 0 0 0 0 26 28 18 11 0 0 0 0 0 0 0 0 0 0 0 0 0 0 0 0 0 0 0 0 0 0 0 0 0 0 0 0 
0 0 0 0 0 0 0 0 0 0 0 0 0 0 0 0 0 0 0 0 0 0 0 0 0 0 0 0 0 0 0 0 0 0 0 0 30 24 18 13 
26 17 26 19 0 0 0 0 0 0 0 0 0 0 0 0 0 0 0 0 0 0 0 0 0 0 0 0 0 0 0 0 0 0 0 0 0 0 0 0 
0 0 0 0 14 16 25 30 22 30 17 17 30 14 11 16 25 24 18 16 17 12 20 13 14 20 13 13 30 29 20 11 27 14 11 16 0 0 0 0 
0 0 0 0 0 0 0 0 0 0 0 0 0 0 0 0 26 15 12 19 27 13 13 28 10 18 29 14 30 23 17 10 0 0 0 0 0 0 0 0 
0 0 0 0 12 28 24 11 27 27 27 25 23 18 24 13 0 0 0 0 26 11 27 13 13 23 25 27 18 12 16 11 30 29 29 23 0 0 0 0 
0 0 0 0 0 0 0 0 0 0 0 0 0 0 0 0 0 0 0 0 0 0 0 0 0 0 0 0 0 0 0 0 0 0 0 0 29 22 19 12 
20 25 22 25 0 0 0 0 0 0 0 0 0 0 0 0 0 0 0 0 0 0 0 0 0 0 0 0 0 0 0 0 0 0 0 0 0 0 0 0 
0 0 0 0 13 27 30 25 27 20 10 23 0 0 0 0 0 0 0 0 12 10 24 15 12 27 18 12 0 0 0 0 23 18 25 27 0 0 0 0 
0 0 0 0 0 0 0 0 0 0 0 0 0 0 0 0 13 30 23 29 0 0 0 0 28 23 11 13 16 25 19 12 14 13 18 15 0 0 0 0 
0 0 0 0 25 12 24 19 0 0 0 0 26 26 13 29 23 22 28 30 21 26 25 22 10 28 10 12 30 27 13 23 19 25 12 22 0 0 0 0 
0 0 0 0 0 0 0 0 0 0 0 0 0 0 0 0 0 0 0 0 0 0 0 0 0 0 0 0 0 0 0 0 0 0 0 0 29 22 16 27 
17 16 18 27 0 0 0 0 0 0 0 0 0 0 0 0 0 0 0 0 0 0 0 0 0 0 0 0 0 0 0 0 0 0 0 0 0 0 0 0 
0 0 0 0 12 28 12 21 26 29 26 15 0 0 0 0 27 19 26 11 13 11 13 15 0 0 0 0 0 0 0 0 0 0 0 0 0 0 0 0 
0 0 0 0 0 0 0 0 15 12 27 15 0 0 0 0 21 16 18 20 25 16 29 22 26 23 30 22 22 16 16 13 27 16 15 23 0 0 0 0 
0 0 0 0 29 23 12 24 16 20 11 26 14 15 21 30 0 0 0 0 11 19 24 17 27 10 13 16 19 11 25 29 0 0 0 0 0 0 0 0 
0 0 0 0 0 0 0 0 0 0 0 0 0 0 0 0 0 0 0 0 0 0 0 0 0 0 0 0 0 0 0 0 0 0 0 0 20 25 10 15 
21 28 11 22 0 0 0 0 0 0 0 0 0 0 0 0 0 0 0 0 0 0 0 0 0 0 0 0 0 0 0 0 0 0 0 0 0 0 0 0 
0 0 0 0 15 18 18 25 12 29 26 16 12 27 24 23 27 18 22 29 0 0 0 0 27 19 25 16 13 17 26 16 15 28 30 19 0 0 0 0 
0 0 0 0 0 0 0 0 30 12 11 15 23 26 10 14 12 19 21 26 0 0 0 0 0 0 0 0 0 0 0 0 0 0 0 0 0 0 0 0 
0 0 0 0 0 0 0 0 0 0 0 0 17 30 19 29 28 24 26 28 15 19 28 29 24 10 24 23 21 29 13 28 28 29 28 19 0 0 0 0 
0 0 0 0 0 0 0 0 0 0 0 0 0 0 0 0 0 0 0 0 0 0 0 0 0 0 0 0 0 0 0 0 0 0 0 0 24 23 28 27 
22 17 24 12 0 0 0 0 0 0 0 0 0 0 0 0 0 0 0 0 0 0 0 0 0 0 0 0 0 0 0 0 0 0 0 0 0 0 0 0 
0 0 0 0 29 15 14 12 0 0 0 0 0 0 0 0 0 0 0 0 23 20 11 28 12 11 13 26 15 13 24 12 11 20 29 15 0 0 0 0 
0 0 0 0 0 0 0 0 18 11 30 24 0 0 0 0 0 0 0 0 0 0 0 0 0 0 0 0 0 0 0 0 0 0 0 0 0 0 0 0 
0 0 0 0 0 0 0 0 0 0 0 0 22 28 30 26 0 0 0 0 18 27 22 17 12 26 19 20 0 0 0 0 22 30 29 22 0 0 0 0 
0 0 0 0 0 0 0 0 0 0 0 0 0 0 0 0 0 0 0 0 0 0 0 0 0 0 0 0 0 0 0 0 0 0 0 0 21 12 12 20 
28 24 12 14 0 0 0 0 0 0 0 0 0 0 0 0 0 0 0 0 0 0 0 0 0 0 0 0 0 0 0 0 0 0 0 0 0 0 0 0 
0 0 0 0 0 0 0 0 0 0 0 0 0 0 0 0 0 0 0 0 29 21 10 30 0 0 0 0 0 0 0 0 0 0 0 0 0 0 0 0 
0 0 0 0 16 30 13 27 0 0 0 0 27 18 27 25 23 30 23 14 0 0 0 0 10 29 15 26 20 21 27 15 0 0 0 0 0 0 0 0 
0 0 0 0 0 0 0 0 0 0 0 0 0 0 0 0 0 0 0 0 0 0 0 0 0 0 0 0 0 0 0 0 22 13 15 27 0 0 0 0 
0 0 0 0 0 0 0 0 0 0 0 0 0 0 0 0 0 0 0 0 0 0 0 0 0 0 0 0 0 0 0 0 0 0 0 0 28 15 29 28 
11 27 23 16 0 0 0 0 0 0 0 0 0 0 0 0 0 0 0 0 0 0 0 0 0 0 0 0 0 0 0 0 0 0 0 0 0 0 0 0 
0 0 0 0 10 22 22 16 18 26 13 13 24 15 28 25 12 19 27 18 16 25 24 30 11 10 22 16 30 22 15 23 23 26 18 22 0 0 0 0 
0 0 0 0 11 30 26 25 30 24 24 17 0 0 0 0 12 25 10 17 19 19 13 26 16 16 20 15 22 30 18 18 26 10 23 19 0 0 0 0 
0 0 0 0 14 19 21 15 0 0 0 0 0 0 0 0 0 0 0 0 0 0 0 0 0 0 0 0 0 0 0 0 0 0 0 0 0 0 0 0 
0 0 0 0 0 0 0 0 0 0 0 0 0 0 0 0 0 0 0 0 0 0 0 0 0 0 0 0 0 0 0 0 0 0 0 0 24 21 22 29 
14 18 18 22 0 0 0 0 0 0 0 0 0 0 0 0 0 0 0 0 0 0 0 0 0 0 0 0 0 0 0 0 0 0 0 0 0 0 0 0 
0 0 0 0 19 24 27 19 16 25 22 21 14 27 26 16 27 20 22 10 28 16 23 29 24 29 25 26 28 12 20 26 26 29 26 14 0 0 0 0 
0 0 0 0 0 0 0 0 0 0 0 0 18 26 12 24 11 23 15 18 0 0 0 0 0 0 0 0 0 0 0 0 0 0 0 0 0 0 0 0 
0 0 0 0 10 14 12 11 26 28 22 21 20 12 26 14 21 25 19 19 0 0 0 0 22 28 18 10 23 15 20 25 29 13 28 29 0 0 0 0 
0 0 0 0 0 0 0 0 0 0 0 0 0 0 0 0 0 0 0 0 0 0 0 0 0 0 0 0 0 0 0 0 0 0 0 0 21 13 15 22 
15 21 10 11 0 0 0 0 0 0 0 0 0 0 0 0 0 0 0 0 0 0 0 0 0 0 0 0 0 0 0 0 0 0 0 0 0 0 0 0 
0 0 0 0 0 0 0 0 22 19 26 17 0 0 0 0 21 14 24 12 0 0 0 0 14 11 29 17 0 0 0 0 0 0 0 0 0 0 0 0 
0 0 0 0 0 0 0 0 22 29 30 13 0 0 0 0 11 23 16 24 13 24 20 14 20 16 28 23 0 0 0 0 0 0 0 0 0 0 0 0 
0 0 0 0 11 27 26 22 17 25 30 20 25 29 10 13 26 23 22 18 27 23 20 18 21 17 16 17 0 0 0 0 25 24 19 17 0 0 0 0 
0 0 0 0 0 0 0 0 0 0 0 0 0 0 0 0 0 0 0 0 0 0 0 0 0 0 0 0 0 0 0 0 0 0 0 0 10 29 11 14 
28 26 22 22 0 0 0 0 0 0 0 0 0 0 0 0 0 0 0 0 0 0 0 0 0 0 0 0 0 0 0 0 0 0 0 0 0 0 0 0 
0 0 0 0 16 16 30 12 22 16 12 25 0 0 0 0 19 19 30 30 21 26 24 14 27 12 12 25 0 0 0 0 0 0 0 0 0 0 0 0 
0 0 0 0 0 0 0 0 0 0 0 0 0 0 0 0 0 0 0 0 22 22 13 23 20 20 20 22 17 16 14 15 0 0 0 0 0 0 0 0 
0 0 0 0 0 0 0 0 0 0 0 0 28 24 21 26 0 0 0 0 0 0 0 0 0 0 0 0 29 12 11 22 0 0 0 0 0 0 0 0 
0 0 0 0 0 0 0 0 0 0 0 0 0 0 0 0 0 0 0 0 0 0 0 0 0 0 0 0 0 0 0 0 0 0 0 0 22 28 16 29 
17 26 10 20 0 0 0 0 0 0 0 0 0 0 0 0 0 0 0 0 0 0 0 0 0 0 0 0 0 0 0 0 0 0 0 0 0 0 0 0 
0 0 0 0 14 17 25 12 15 26 28 22 20 19 27 22 18 15 13 29 29 28 29 30 23 14 28 30 20 22 18 22 0 0 0 0 0 0 0 0 
0 0 0 0 23 21 30 28 11 28 20 12 10 15 12 13 30 15 28 12 22 13 21 17 0 0 0 0 11 10 13 17 23 20 30 27 0 0 0 0 
0 0 0 0 12 30 12 23 25 29 27 30 29 18 27 29 20 18 21 26 0 0 0 0 25 20 10 10 10 27 20 21 10 19 29 16 0 0 0 0 
0 0 0 0 0 0 0 0 0 0 0 0 0 0 0 0 0 0 0 0 0 0 0 0 0 0 0 0 0 0 0 0 0 0 0 0 13 20 12 16 
27 18 28 12 0 0 0 0 0 0 0 0 0 0 0 0 0 0 0 0 0 0 0 0 0 0 0 0 0 0 0 0 0 0 0 0 0 0 0 0 
0 0 0 0 19 20 19 14 20 11 22 28 30 26 24 23 20 22 14 15 0 0 0 0 17 12 26 19 18 14 17 28 22 26 21 10 0 0 0 0 
0 0 0 0 0 0 0 0 0 0 0 0 18 27 23 14 0 0 0 0 0 0 0 0 0 0 0 0 0 0 0 0 0 0 0 0 0 0 0 0 
0 0 0 0 22 25 14 28 20 22 14 23 23 14 16 24 26 25 20 13 19 28 28 26 28 23 11 19 21 27 13 23 30 20 26 30 0 0 0 0 
0 0 0 0 0 0 0 0 0 0 0 0 0 0 0 0 0 0 0 0 0 0 0 0 0 0 0 0 0 0 0 0 0 0 0 0 18 12 23 14 
19 21 23 13 0 0 0 0 0 0 0 0 0 0 0 0 0 0 0 0 0 0 0 0 0 0 0 0 0 0 0 0 0 0 0 0 0 0 0 0 
0 0 0 0 0 0 0 0 0 0 0 0 29 24 25 29 15 18 22 25 0 0 0 0 26 27 18 30 17 10 26 25 11 18 11 18 0 0 0 0 
0 0 0 0 25 17 18 26 28 14 25 25 30 19 17 20 0 0 0 0 21 25 28 20 23 30 29 15 20 21 21 19 18 19 23 15 0 0 0 0 
0 0 0 0 0 0 0 0 23 28 10 14 21 13 24 15 0 0 0 0 0 0 0 0 0 0 0 0 13 21 23 26 0 0 0 0 0 0 0 0 
0 0 0 0 0 0 0 0 0 0 0 0 0 0 0 0 0 0 0 0 0 0 0 0 0 0 0 0 0 0 0 0 0 0 0 0 30 23 12 13 
21 16 21 23 0 0 0 0 0 0 0 0 0 0 0 0 0 0 0 0 0 0 0 0 0 0 0 0 0 0 0 0 0 0 0 0 0 0 0 0 
0 0 0 0 0 0 0 0 0 0 0 0 16 16 21 22 0 0 0 0 0 0 0 0 10 13 27 22 0 0 0 0 27 22 25 11 0 0 0 0 
0 0 0 0 14 15 16 27 0 0 0 0 0 0 0 0 0 0 0 0 0 0 0 0 26 13 14 20 27 12 22 20 25 21 17 18 0 0 0 0 
0 0 0 0 0 0 0 0 0 0 0 0 0 0 0 0 19 23 16 28 0 0 0 0 0 0 0 0 14 17 29 19 0 0 0 0 0 0 0 0 
0 0 0 0 0 0 0 0 0 0 0 0 0 0 0 0 0 0 0 0 0 0 0 0 0 0 0 0 0 0 0 0 0 0 0 0 20 29 30 19 
29 27 27 30 0 0 0 0 0 0 0 0 0 0 0 0 0 0 0 0 0 0 0 0 0 0 0 0 0 0 0 0 0 0 0 0 0 0 0 0 
0 0 0 0 25 23 10 25 13 13 28 16 21 11 13 25 18 20 10 26 21 22 22 11 19 21 15 15 30 11 28 13 12 30 14 11 0 0 0 0 
0 0 0 0 0 0 0 0 20 10 12 10 0 0 0 0 0 0 0 0 0 0 0 0 0 0 0 0 0 0 0 0 0 0 0 0 0 0 0 0 
0 0 0 0 0 0 0 0 0 0 0 0 12 28 22 26 0 0 0 0 22 24 26 28 29 15 13 14 0 0 0 0 0 0 0 0 0 0 0 0 
0 0 0 0 0 0 0 0 0 0 0 0 0 0 0 0 0 0 0 0 0 0 0 0 0 0 0 0 0 0 0 0 0 0 0 0 24 29 12 23 
23 13 18 14 0 0 0 0 0 0 0 0 0 0 0 0 0 0 0 0 0 0 0 0 0 0 0 0 0 0 0 0 0 0 0 0 0 0 0 0 
0 0 0 0 0 0 0 0 18 25 24 28 24 10 15 29 0 0 0 0 15 17 13 24 29 13 26 30 14 22 17 21 25 15 25 29 0 0 0 0 
0 0 0 0 0 0 0 0 12 12 15 18 13 17 20 25 0 0 0 0 22 19 26 26 28 15 12 12 15 17 28 26 27 11 29 17 0 0 0 0 
0 0 0 0 0 0 0 0 0 0 0 0 0 0 0 0 0 0 0 0 0 0 0 0 0 0 0 0 22 17 16 20 23 25 11 14 0 0 0 0 
0 0 0 0 0 0 0 0 0 0 0 0 0 0 0 0 0 0 0 0 0 0 0 0 0 0 0 0 0 0 0 0 0 0 0 0 19 12 16 22 
22 21 17 22 0 0 0 0 0 0 0 0 0 0 0 0 0 0 0 0 0 0 0 0 0 0 0 0 0 0 0 0 0 0 0 0 0 0 0 0 
0 0 0 0 21 15 15 25 12 29 16 27 13 17 28 11 24 20 19 13 0 0 0 0 24 19 22 27 11 16 21 12 0 0 0 0 0 0 0 0 
0 0 0 0 16 25 14 29 0 0 0 0 0 0 0 0 11 10 30 16 0 0 0 0 0 0 0 0 28 21 28 22 16 22 29 13 0 0 0 0 
0 0 0 0 30 28 24 20 29 28 16 13 15 28 24 20 17 15 30 28 13 30 28 17 29 10 22 17 29 12 18 14 22 26 29 25 0 0 0 0 
0 0 0 0 0 0 0 0 0 0 0 0 0 0 0 0 0 0 0 0 0 0 0 0 0 0 0 0 0 0 0 0 0 0 0 0 13 11 24 15 
25 21 22 21 0 0 0 0 0 0 0 0 0 0 0 0 0 0 0 0 0 0 0 0 0 0 0 0 0 0 0 0 0 0 0 0 0 0 0 0 
0 0 0 0 20 22 21 27 30 10 17 22 21 16 30 29 14 21 18 27 10 10 11 13 29 13 17 25 11 30 20 10 25 26 19 26 0 0 0 0 
0 0 0 0 13 22 29 14 28 15 12 23 15 21 12 18 12 15 29 29 25 24 16 21 28 17 30 29 17 28 25 11 21 19 22 25 0 0 0 0 
0 0 0 0 0 0 0 0 0 0 0 0 0 0 0 0 0 0 0 0 0 0 0 0 0 0 0 0 22 11 25 23 14 28 25 23 0 0 0 0 
0 0 0 0 0 0 0 0 0 0 0 0 0 0 0 0 0 0 0 0 0 0 0 0 0 0 0 0 0 0 0 0 0 0 0 0 11 11 23 27 
29 16 14 26 0 0 0 0 0 0 0 0 0 0 0 0 0 0 0 0 0 0 0 0 0 0 0 0 0 0 0 0 0 0 0 0 0 0 0 0 
0 0 0 0 20 21 14 21 27 22 30 25 26 14 22 12 27 24 16 24 18 28 13 23 0 0 0 0 0 0 0 0 26 21 14 15 0 0 0 0 
0 0 0 0 0 0 0 0 16 12 27 17 23 28 30 17 19 20 23 18 0 0 0 0 0 0 0 0 0 0 0 0 26 26 18 25 0 0 0 0 
0 0 0 0 0 0 0 0 0 0 0 0 0 0 0 0 0 0 0 0 13 23 10 24 0 0 0 0 0 0 0 0 0 0 0 0 0 0 0 0 
0 0 0 0 0 0 0 0 0 0 0 0 0 0 0 0 0 0 0 0 0 0 0 0 0 0 0 0 0 0 0 0 0 0 0 0 20 27 27 26
---------------------
 
Processing cost   (0 -- non-optional machine)
Rows: sequential for each operation of each part; Columns: correspond to machine number
20 20 12 14 0 0 0 0 0 0 0 0 0 0 0 0 0 0 0 0 0 0 0 0 0 0 0 0 0 0 0 0 0 0 0 0 0 0 0 0 
0 0 0 0 0 0 0 0 16 13 16 12 11 10 16 20 11 19 16 15 16 16 15 12 16 19 17 17 0 0 0 0 11 19 18 16 0 0 0 0 
0 0 0 0 16 14 16 12 13 17 11 10 13 16 14 15 10 17 18 13 11 13 20 12 15 17 16 11 14 17 14 18 13 13 11 15 0 0 0 0 
0 0 0 0 20 17 14 18 12 11 11 19 10 20 20 17 15 18 19 12 10 11 15 12 14 20 15 13 13 14 16 20 0 0 0 0 0 0 0 0 
0 0 0 0 0 0 0 0 0 0 0 0 0 0 0 0 0 0 0 0 0 0 0 0 0 0 0 0 0 0 0 0 0 0 0 0 20 15 11 10 
14 17 20 17 0 0 0 0 0 0 0 0 0 0 0 0 0 0 0 0 0 0 0 0 0 0 0 0 0 0 0 0 0 0 0 0 0 0 0 0 
0 0 0 0 20 14 18 15 0 0 0 0 0 0 0 0 0 0 0 0 0 0 0 0 10 20 20 11 0 0 0 0 0 0 0 0 0 0 0 0 
0 0 0 0 20 13 16 16 0 0 0 0 11 18 19 18 10 19 18 15 0 0 0 0 11 11 20 15 16 13 12 15 0 0 0 0 0 0 0 0 
0 0 0 0 12 13 16 10 15 15 14 15 17 17 20 19 20 20 12 18 0 0 0 0 0 0 0 0 20 15 15 10 14 18 12 19 0 0 0 0 
0 0 0 0 0 0 0 0 0 0 0 0 0 0 0 0 0 0 0 0 0 0 0 0 0 0 0 0 0 0 0 0 0 0 0 0 18 19 19 14 
19 15 20 18 0 0 0 0 0 0 0 0 0 0 0 0 0 0 0 0 0 0 0 0 0 0 0 0 0 0 0 0 0 0 0 0 0 0 0 0 
0 0 0 0 13 12 10 17 0 0 0 0 0 0 0 0 12 15 17 10 13 16 15 13 0 0 0 0 15 10 12 12 0 0 0 0 0 0 0 0 
0 0 0 0 0 0 0 0 0 0 0 0 0 0 0 0 0 0 0 0 15 17 16 15 0 0 0 0 0 0 0 0 0 0 0 0 0 0 0 0 
0 0 0 0 20 17 15 16 0 0 0 0 0 0 0 0 0 0 0 0 0 0 0 0 0 0 0 0 15 11 10 14 0 0 0 0 0 0 0 0 
0 0 0 0 0 0 0 0 0 0 0 0 0 0 0 0 0 0 0 0 0 0 0 0 0 0 0 0 0 0 0 0 0 0 0 0 16 10 10 17 
12 18 15 18 0 0 0 0 0 0 0 0 0 0 0 0 0 0 0 0 0 0 0 0 0 0 0 0 0 0 0 0 0 0 0 0 0 0 0 0 
0 0 0 0 0 0 0 0 0 0 0 0 14 13 14 17 0 0 0 0 0 0 0 0 0 0 0 0 19 18 15 13 0 0 0 0 0 0 0 0 
0 0 0 0 12 19 19 19 0 0 0 0 0 0 0 0 17 14 13 17 19 10 16 16 17 20 19 16 10 20 11 17 16 19 20 15 0 0 0 0 
0 0 0 0 10 19 16 13 10 17 16 20 14 18 19 10 13 14 10 15 20 13 16 18 16 16 12 11 13 17 17 16 15 18 16 20 0 0 0 0 
0 0 0 0 0 0 0 0 0 0 0 0 0 0 0 0 0 0 0 0 0 0 0 0 0 0 0 0 0 0 0 0 0 0 0 0 16 11 20 10 
14 12 11 16 0 0 0 0 0 0 0 0 0 0 0 0 0 0 0 0 0 0 0 0 0 0 0 0 0 0 0 0 0 0 0 0 0 0 0 0 
0 0 0 0 0 0 0 0 0 0 0 0 0 0 0 0 0 0 0 0 17 10 10 18 0 0 0 0 0 0 0 0 0 0 0 0 0 0 0 0 
0 0 0 0 12 20 15 16 12 11 17 12 20 18 14 13 16 20 16 20 20 13 10 20 19 13 18 17 12 13 19 14 17 14 14 16 0 0 0 0 
0 0 0 0 0 0 0 0 0 0 0 0 0 0 0 0 17 12 16 19 0 0 0 0 0 0 0 0 0 0 0 0 0 0 0 0 0 0 0 0 
0 0 0 0 0 0 0 0 0 0 0 0 0 0 0 0 0 0 0 0 0 0 0 0 0 0 0 0 0 0 0 0 0 0 0 0 10 15 11 20 
17 12 19 10 0 0 0 0 0 0 0 0 0 0 0 0 0 0 0 0 0 0 0 0 0 0 0 0 0 0 0 0 0 0 0 0 0 0 0 0 
0 0 0 0 0 0 0 0 19 13 15 12 11 11 10 14 10 19 12 16 19 15 13 14 0 0 0 0 12 14 18 15 12 12 12 17 0 0 0 0 
0 0 0 0 0 0 0 0 0 0 0 0 0 0 0 0 0 0 0 0 0 0 0 0 12 11 18 16 0 0 0 0 0 0 0 0 0 0 0 0 
0 0 0 0 0 0 0 0 0 0 0 0 0 0 0 0 0 0 0 0 0 0 0 0 0 0 0 0 16 12 10 18 0 0 0 0 0 0 0 0 
0 0 0 0 0 0 0 0 0 0 0 0 0 0 0 0 0 0 0 0 0 0 0 0 0 0 0 0 0 0 0 0 0 0 0 0 13 20 17 19 
13 20 16 18 0 0 0 0 0 0 0 0 0 0 0 0 0 0 0 0 0 0 0 0 0 0 0 0 0 0 0 0 0 0 0 0 0 0 0 0 
0 0 0 0 16 19 10 18 14 20 16 19 12 14 13 19 0 0 0 0 17 13 17 20 17 20 11 11 0 0 0 0 0 0 0 0 0 0 0 0 
0 0 0 0 0 0 0 0 0 0 0 0 0 0 0 0 16 14 18 10 0 0 0 0 0 0 0 0 0 0 0 0 0 0 0 0 0 0 0 0 
0 0 0 0 0 0 0 0 12 12 18 11 0 0 0 0 0 0 0 0 0 0 0 0 16 16 16 13 0 0 0 0 11 11 20 20 0 0 0 0 
0 0 0 0 0 0 0 0 0 0 0 0 0 0 0 0 0 0 0 0 0 0 0 0 0 0 0 0 0 0 0 0 0 0 0 0 13 16 20 20 
16 10 14 13 0 0 0 0 0 0 0 0 0 0 0 0 0 0 0 0 0 0 0 0 0 0 0 0 0 0 0 0 0 0 0 0 0 0 0 0 
0 0 0 0 0 0 0 0 0 0 0 0 13 10 17 19 0 0 0 0 0 0 0 0 0 0 0 0 12 15 10 12 10 13 15 15 0 0 0 0 
0 0 0 0 0 0 0 0 0 0 0 0 0 0 0 0 0 0 0 0 11 14 16 17 0 0 0 0 11 18 14 20 0 0 0 0 0 0 0 0 
0 0 0 0 15 11 11 15 0 0 0 0 14 16 14 17 16 12 18 12 16 17 10 10 0 0 0 0 14 20 17 15 19 19 16 16 0 0 0 0 
0 0 0 0 0 0 0 0 0 0 0 0 0 0 0 0 0 0 0 0 0 0 0 0 0 0 0 0 0 0 0 0 0 0 0 0 16 15 19 10 
18 14 16 19 0 0 0 0 0 0 0 0 0 0 0 0 0 0 0 0 0 0 0 0 0 0 0 0 0 0 0 0 0 0 0 0 0 0 0 0 
0 0 0 0 0 0 0 0 18 17 15 19 18 15 15 17 12 19 11 10 17 13 11 16 0 0 0 0 0 0 0 0 15 13 15 10 0 0 0 0 
0 0 0 0 12 13 15 15 0 0 0 0 13 10 10 18 17 11 19 20 20 13 17 10 20 11 13 16 17 10 15 17 14 15 11 16 0 0 0 0 
0 0 0 0 13 10 10 14 19 10 10 12 0 0 0 0 17 15 14 10 20 10 18 16 13 18 16 13 18 12 12 10 14 15 18 13 0 0 0 0 
0 0 0 0 0 0 0 0 0 0 0 0 0 0 0 0 0 0 0 0 0 0 0 0 0 0 0 0 0 0 0 0 0 0 0 0 12 13 10 13 
17 20 10 12 0 0 0 0 0 0 0 0 0 0 0 0 0 0 0 0 0 0 0 0 0 0 0 0 0 0 0 0 0 0 0 0 0 0 0 0 
0 0 0 0 13 11 13 16 19 10 16 10 12 11 14 18 10 13 20 15 10 17 13 13 0 0 0 0 10 16 16 14 16 20 15 14 0 0 0 0 
0 0 0 0 16 20 20 15 0 0 0 0 15 10 18 18 10 11 20 18 20 12 17 18 14 12 16 13 14 12 13 19 0 0 0 0 0 0 0 0 
0 0 0 0 13 14 12 14 17 15 18 11 0 0 0 0 16 11 18 17 11 15 17 18 0 0 0 0 14 19 19 19 0 0 0 0 0 0 0 0 
0 0 0 0 0 0 0 0 0 0 0 0 0 0 0 0 0 0 0 0 0 0 0 0 0 0 0 0 0 0 0 0 0 0 0 0 17 11 16 19 
13 11 11 12 0 0 0 0 0 0 0 0 0 0 0 0 0 0 0 0 0 0 0 0 0 0 0 0 0 0 0 0 0 0 0 0 0 0 0 0 
0 0 0 0 0 0 0 0 0 0 0 0 0 0 0 0 0 0 0 0 0 0 0 0 17 10 18 12 16 17 17 20 0 0 0 0 0 0 0 0 
0 0 0 0 0 0 0 0 0 0 0 0 16 18 15 10 15 10 16 17 0 0 0 0 13 14 19 18 0 0 0 0 18 10 11 20 0 0 0 0 
0 0 0 0 0 0 0 0 0 0 0 0 17 15 12 15 0 0 0 0 0 0 0 0 11 12 15 12 0 0 0 0 17 17 13 20 0 0 0 0 
0 0 0 0 0 0 0 0 0 0 0 0 0 0 0 0 0 0 0 0 0 0 0 0 0 0 0 0 0 0 0 0 0 0 0 0 17 17 14 18 
13 19 15 12 0 0 0 0 0 0 0 0 0 0 0 0 0 0 0 0 0 0 0 0 0 0 0 0 0 0 0 0 0 0 0 0 0 0 0 0 
0 0 0 0 13 13 11 18 13 16 19 15 14 13 12 17 14 20 11 20 15 11 10 17 12 13 19 10 0 0 0 0 12 14 20 10 0 0 0 0 
0 0 0 0 14 10 17 13 0 0 0 0 20 10 17 10 11 14 20 17 0 0 0 0 0 0 0 0 17 17 10 10 0 0 0 0 0 0 0 0 
0 0 0 0 12 16 16 14 16 20 20 18 20 17 15 16 17 13 10 18 14 19 12 11 0 0 0 0 13 10 12 10 14 16 13 16 0 0 0 0 
0 0 0 0 0 0 0 0 0 0 0 0 0 0 0 0 0 0 0 0 0 0 0 0 0 0 0 0 0 0 0 0 0 0 0 0 12 10 18 13 
14 14 18 19 0 0 0 0 0 0 0 0 0 0 0 0 0 0 0 0 0 0 0 0 0 0 0 0 0 0 0 0 0 0 0 0 0 0 0 0 
0 0 0 0 0 0 0 0 10 17 17 13 16 16 14 11 19 20 17 13 0 0 0 0 10 19 13 15 11 18 12 11 18 19 14 19 0 0 0 0 
0 0 0 0 20 18 15 12 0 0 0 0 13 12 19 15 17 16 14 13 0 0 0 0 0 0 0 0 16 18 16 17 10 18 15 10 0 0 0 0 
0 0 0 0 0 0 0 0 17 14 14 11 0 0 0 0 17 16 17 17 0 0 0 0 18 12 13 12 0 0 0 0 0 0 0 0 0 0 0 0 
0 0 0 0 0 0 0 0 0 0 0 0 0 0 0 0 0 0 0 0 0 0 0 0 0 0 0 0 0 0 0 0 0 0 0 0 13 11 16 10 
16 10 14 12 0 0 0 0 0 0 0 0 0 0 0 0 0 0 0 0 0 0 0 0 0 0 0 0 0 0 0 0 0 0 0 0 0 0 0 0 
0 0 0 0 0 0 0 0 0 0 0 0 0 0 0 0 0 0 0 0 0 0 0 0 0 0 0 0 0 0 0 0 17 11 19 19 0 0 0 0 
0 0 0 0 11 20 11 18 0 0 0 0 20 16 11 15 14 16 14 11 10 11 15 13 19 14 16 10 18 18 11 12 15 12 11 18 0 0 0 0 
0 0 0 0 0 0 0 0 0 0 0 0 0 0 0 0 0 0 0 0 10 11 15 11 14 18 20 12 0 0 0 0 0 0 0 0 0 0 0 0 
0 0 0 0 0 0 0 0 0 0 0 0 0 0 0 0 0 0 0 0 0 0 0 0 0 0 0 0 0 0 0 0 0 0 0 0 12 14 11 10 
14 19 14 17 0 0 0 0 0 0 0 0 0 0 0 0 0 0 0 0 0 0 0 0 0 0 0 0 0 0 0 0 0 0 0 0 0 0 0 0 
0 0 0 0 13 12 11 10 18 11 10 17 11 19 17 13 13 11 19 20 18 10 20 14 16 11 16 19 13 13 13 10 13 17 19 11 0 0 0 0 
0 0 0 0 19 15 16 20 14 18 14 17 12 10 19 18 0 0 0 0 15 10 11 11 18 10 13 12 17 10 10 15 18 17 14 11 0 0 0 0 
0 0 0 0 11 13 18 11 0 0 0 0 0 0 0 0 20 20 11 19 11 18 13 18 0 0 0 0 11 15 14 14 15 20 11 11 0 0 0 0 
0 0 0 0 0 0 0 0 0 0 0 0 0 0 0 0 0 0 0 0 0 0 0 0 0 0 0 0 0 0 0 0 0 0 0 0 18 11 10 11 
19 11 10 11 0 0 0 0 0 0 0 0 0 0 0 0 0 0 0 0 0 0 0 0 0 0 0 0 0 0 0 0 0 0 0 0 0 0 0 0 
0 0 0 0 20 19 14 12 19 19 13 10 0 0 0 0 0 0 0 0 13 19 10 19 0 0 0 0 0 0 0 0 0 0 0 0 0 0 0 0 
0 0 0 0 16 14 12 12 17 16 10 15 12 12 10 12 0 0 0 0 0 0 0 0 11 10 18 18 10 20 19 12 11 15 15 10 0 0 0 0 
0 0 0 0 18 18 11 17 0 0 0 0 13 17 11 12 11 14 15 16 0 0 0 0 15 17 13 17 14 20 19 14 0 0 0 0 0 0 0 0 
0 0 0 0 0 0 0 0 0 0 0 0 0 0 0 0 0 0 0 0 0 0 0 0 0 0 0 0 0 0 0 0 0 0 0 0 14 12 13 15 
16 17 18 18 0 0 0 0 0 0 0 0 0 0 0 0 0 0 0 0 0 0 0 0 0 0 0 0 0 0 0 0 0 0 0 0 0 0 0 0 
0 0 0 0 0 0 0 0 0 0 0 0 0 0 0 0 0 0 0 0 0 0 0 0 16 14 14 16 0 0 0 0 0 0 0 0 0 0 0 0 
0 0 0 0 13 13 16 13 13 13 14 16 14 13 14 19 17 10 15 18 18 15 11 17 12 12 12 10 19 14 12 18 10 20 15 20 0 0 0 0 
0 0 0 0 14 17 10 20 0 0 0 0 15 15 20 17 0 0 0 0 20 18 15 16 14 15 15 11 10 20 20 12 15 15 20 18 0 0 0 0 
0 0 0 0 0 0 0 0 0 0 0 0 0 0 0 0 0 0 0 0 0 0 0 0 0 0 0 0 0 0 0 0 0 0 0 0 10 20 20 19 
15 12 20 18 0 0 0 0 0 0 0 0 0 0 0 0 0 0 0 0 0 0 0 0 0 0 0 0 0 0 0 0 0 0 0 0 0 0 0 0 
0 0 0 0 19 18 12 11 0 0 0 0 20 15 14 18 0 0 0 0 0 0 0 0 0 0 0 0 10 13 19 11 0 0 0 0 0 0 0 0 
0 0 0 0 13 14 10 18 12 16 15 20 18 18 13 12 13 10 19 10 18 10 13 12 19 16 17 17 10 15 19 18 20 13 14 19 0 0 0 0 
0 0 0 0 0 0 0 0 0 0 0 0 0 0 0 0 19 10 13 12 0 0 0 0 0 0 0 0 0 0 0 0 0 0 0 0 0 0 0 0 
0 0 0 0 0 0 0 0 0 0 0 0 0 0 0 0 0 0 0 0 0 0 0 0 0 0 0 0 0 0 0 0 0 0 0 0 12 12 14 20 
15 16 12 15 0 0 0 0 0 0 0 0 0 0 0 0 0 0 0 0 0 0 0 0 0 0 0 0 0 0 0 0 0 0 0 0 0 0 0 0 
0 0 0 0 14 18 17 15 0 0 0 0 13 19 14 11 20 17 13 11 0 0 0 0 13 20 14 16 14 19 15 16 14 11 12 18 0 0 0 0 
0 0 0 0 0 0 0 0 0 0 0 0 12 18 10 17 19 12 20 14 0 0 0 0 0 0 0 0 0 0 0 0 11 14 14 12 0 0 0 0 
0 0 0 0 0 0 0 0 20 20 16 16 0 0 0 0 18 10 19 17 0 0 0 0 16 13 16 10 10 18 10 17 18 18 20 18 0 0 0 0 
0 0 0 0 0 0 0 0 0 0 0 0 0 0 0 0 0 0 0 0 0 0 0 0 0 0 0 0 0 0 0 0 0 0 0 0 11 17 19 17 
15 18 15 13 0 0 0 0 0 0 0 0 0 0 0 0 0 0 0 0 0 0 0 0 0 0 0 0 0 0 0 0 0 0 0 0 0 0 0 0 
0 0 0 0 12 10 10 18 11 15 16 18 17 10 13 17 11 20 20 14 16 19 19 13 0 0 0 0 0 0 0 0 18 13 10 13 0 0 0 0 
0 0 0 0 16 15 14 14 0 0 0 0 19 13 14 14 14 13 13 19 0 0 0 0 0 0 0 0 13 13 12 17 0 0 0 0 0 0 0 0 
0 0 0 0 11 13 19 19 0 0 0 0 15 13 16 14 18 10 14 15 11 14 13 13 20 18 12 19 17 10 14 14 12 16 18 14 0 0 0 0 
0 0 0 0 0 0 0 0 0 0 0 0 0 0 0 0 0 0 0 0 0 0 0 0 0 0 0 0 0 0 0 0 0 0 0 0 11 14 15 19 
20 20 18 17 0 0 0 0 0 0 0 0 0 0 0 0 0 0 0 0 0 0 0 0 0 0 0 0 0 0 0 0 0 0 0 0 0 0 0 0 
0 0 0 0 0 0 0 0 0 0 0 0 11 16 17 14 10 11 11 17 0 0 0 0 0 0 0 0 13 16 19 11 0 0 0 0 0 0 0 0 
0 0 0 0 12 19 18 13 0 0 0 0 16 19 19 13 0 0 0 0 18 17 16 16 0 0 0 0 18 15 16 18 15 13 17 13 0 0 0 0 
0 0 0 0 0 0 0 0 0 0 0 0 0 0 0 0 12 13 17 15 0 0 0 0 0 0 0 0 0 0 0 0 0 0 0 0 0 0 0 0 
0 0 0 0 0 0 0 0 0 0 0 0 0 0 0 0 0 0 0 0 0 0 0 0 0 0 0 0 0 0 0 0 0 0 0 0 16 16 10 10 
10 19 14 14 0 0 0 0 0 0 0 0 0 0 0 0 0 0 0 0 0 0 0 0 0 0 0 0 0 0 0 0 0 0 0 0 0 0 0 0 
0 0 0 0 0 0 0 0 12 10 12 15 0 0 0 0 0 0 0 0 0 0 0 0 10 17 14 10 0 0 0 0 17 10 11 15 0 0 0 0 
0 0 0 0 15 15 14 13 15 10 14 14 0 0 0 0 0 0 0 0 20 14 10 10 0 0 0 0 20 17 19 19 19 19 11 10 0 0 0 0 
0 0 0 0 0 0 0 0 17 15 10 19 0 0 0 0 16 19 10 15 0 0 0 0 0 0 0 0 19 18 20 13 12 18 12 14 0 0 0 0 
0 0 0 0 0 0 0 0 0 0 0 0 0 0 0 0 0 0 0 0 0 0 0 0 0 0 0 0 0 0 0 0 0 0 0 0 14 14 10 11 
15 15 16 10 0 0 0 0 0 0 0 0 0 0 0 0 0 0 0 0 0 0 0 0 0 0 0 0 0 0 0 0 0 0 0 0 0 0 0 0 
0 0 0 0 17 15 20 20 12 20 16 15 0 0 0 0 17 17 11 19 16 14 10 16 20 17 20 12 12 11 11 18 11 19 18 20 0 0 0 0 
0 0 0 0 15 19 20 19 0 0 0 0 19 11 19 15 13 10 15 16 17 17 10 12 0 0 0 0 0 0 0 0 20 17 15 19 0 0 0 0 
0 0 0 0 16 10 12 15 20 15 20 16 16 15 16 11 15 18 11 18 17 17 13 12 13 20 13 10 11 15 12 17 17 11 12 11 0 0 0 0 
0 0 0 0 0 0 0 0 0 0 0 0 0 0 0 0 0 0 0 0 0 0 0 0 0 0 0 0 0 0 0 0 0 0 0 0 19 11 16 13 
12 10 20 12 0 0 0 0 0 0 0 0 0 0 0 0 0 0 0 0 0 0 0 0 0 0 0 0 0 0 0 0 0 0 0 0 0 0 0 0 
0 0 0 0 0 0 0 0 0 0 0 0 0 0 0 0 19 16 14 20 0 0 0 0 0 0 0 0 17 20 15 16 0 0 0 0 0 0 0 0 
0 0 0 0 0 0 0 0 10 16 13 11 0 0 0 0 0 0 0 0 0 0 0 0 16 11 15 20 12 16 15 19 14 14 17 11 0 0 0 0 
0 0 0 0 0 0 0 0 0 0 0 0 12 18 15 11 0 0 0 0 0 0 0 0 0 0 0 0 0 0 0 0 0 0 0 0 0 0 0 0 
0 0 0 0 0 0 0 0 0 0 0 0 0 0 0 0 0 0 0 0 0 0 0 0 0 0 0 0 0 0 0 0 0 0 0 0 15 10 13 19 
13 13 20 11 0 0 0 0 0 0 0 0 0 0 0 0 0 0 0 0 0 0 0 0 0 0 0 0 0 0 0 0 0 0 0 0 0 0 0 0 
0 0 0 0 10 16 20 18 0 0 0 0 16 15 17 12 0 0 0 0 0 0 0 0 0 0 0 0 0 0 0 0 0 0 0 0 0 0 0 0 
0 0 0 0 0 0 0 0 0 0 0 0 0 0 0 0 0 0 0 0 0 0 0 0 0 0 0 0 20 12 12 16 0 0 0 0 0 0 0 0 
0 0 0 0 12 13 15 15 0 0 0 0 0 0 0 0 0 0 0 0 20 18 17 11 0 0 0 0 16 16 18 18 0 0 0 0 0 0 0 0 
0 0 0 0 0 0 0 0 0 0 0 0 0 0 0 0 0 0 0 0 0 0 0 0 0 0 0 0 0 0 0 0 0 0 0 0 10 20 16 19 
16 11 13 14 0 0 0 0 0 0 0 0 0 0 0 0 0 0 0 0 0 0 0 0 0 0 0 0 0 0 0 0 0 0 0 0 0 0 0 0 
0 0 0 0 19 17 11 20 16 19 19 18 0 0 0 0 17 14 19 13 0 0 0 0 0 0 0 0 19 10 13 12 0 0 0 0 0 0 0 0 
0 0 0 0 11 12 13 16 19 12 18 17 0 0 0 0 17 12 15 11 17 13 11 16 16 10 14 10 15 10 13 13 0 0 0 0 0 0 0 0 
0 0 0 0 0 0 0 0 0 0 0 0 16 13 17 19 0 0 0 0 18 18 14 16 0 0 0 0 12 19 13 10 0 0 0 0 0 0 0 0 
0 0 0 0 0 0 0 0 0 0 0 0 0 0 0 0 0 0 0 0 0 0 0 0 0 0 0 0 0 0 0 0 0 0 0 0 14 15 16 10 
18 12 13 10 0 0 0 0 0 0 0 0 0 0 0 0 0 0 0 0 0 0 0 0 0 0 0 0 0 0 0 0 0 0 0 0 0 0 0 0 
0 0 0 0 13 17 12 20 0 0 0 0 14 15 15 10 20 18 15 13 15 17 11 18 11 12 19 19 19 18 14 18 17 20 17 12 0 0 0 0 
0 0 0 0 0 0 0 0 12 14 10 11 0 0 0 0 11 11 11 19 0 0 0 0 0 0 0 0 0 0 0 0 15 12 15 12 0 0 0 0 
0 0 0 0 0 0 0 0 0 0 0 0 17 13 11 17 0 0 0 0 0 0 0 0 0 0 0 0 16 16 10 16 12 18 13 12 0 0 0 0 
0 0 0 0 0 0 0 0 0 0 0 0 0 0 0 0 0 0 0 0 0 0 0 0 0 0 0 0 0 0 0 0 0 0 0 0 17 16 11 15 
18 16 20 13 0 0 0 0 0 0 0 0 0 0 0 0 0 0 0 0 0 0 0 0 0 0 0 0 0 0 0 0 0 0 0 0 0 0 0 0 
0 0 0 0 0 0 0 0 0 0 0 0 0 0 0 0 0 0 0 0 0 0 0 0 0 0 0 0 0 0 0 0 18 11 13 19 0 0 0 0 
0 0 0 0 12 11 11 16 16 14 13 12 10 18 20 14 15 11 20 19 20 10 17 14 19 12 15 10 17 11 11 19 16 15 12 18 0 0 0 0 
0 0 0 0 0 0 0 0 0 0 0 0 19 16 17 13 0 0 0 0 0 0 0 0 13 20 19 11 0 0 0 0 0 0 0 0 0 0 0 0 
0 0 0 0 0 0 0 0 0 0 0 0 0 0 0 0 0 0 0 0 0 0 0 0 0 0 0 0 0 0 0 0 0 0 0 0 11 10 11 12 
14 18 12 18 0 0 0 0 0 0 0 0 0 0 0 0 0 0 0 0 0 0 0 0 0 0 0 0 0 0 0 0 0 0 0 0 0 0 0 0 
0 0 0 0 10 19 19 13 13 13 16 10 0 0 0 0 0 0 0 0 11 13 19 14 15 13 16 15 0 0 0 0 0 0 0 0 0 0 0 0 
0 0 0 0 0 0 0 0 0 0 0 0 14 13 13 19 0 0 0 0 0 0 0 0 0 0 0 0 0 0 0 0 0 0 0 0 0 0 0 0 
0 0 0 0 14 20 12 13 20 13 18 10 11 13 18 16 0 0 0 0 11 17 19 19 20 12 17 20 0 0 0 0 15 10 19 19 0 0 0 0 
0 0 0 0 0 0 0 0 0 0 0 0 0 0 0 0 0 0 0 0 0 0 0 0 0 0 0 0 0 0 0 0 0 0 0 0 13 17 10 14 
13 13 19 15 0 0 0 0 0 0 0 0 0 0 0 0 0 0 0 0 0 0 0 0 0 0 0 0 0 0 0 0 0 0 0 0 0 0 0 0 
0 0 0 0 0 0 0 0 13 12 12 17 12 16 10 17 15 16 17 20 17 16 14 17 13 14 18 11 0 0 0 0 0 0 0 0 0 0 0 0 
0 0 0 0 12 11 16 12 0 0 0 0 10 14 12 10 16 12 10 17 12 19 20 13 0 0 0 0 0 0 0 0 0 0 0 0 0 0 0 0 
0 0 0 0 0 0 0 0 0 0 0 0 0 0 0 0 0 0 0 0 13 13 16 20 0 0 0 0 0 0 0 0 0 0 0 0 0 0 0 0 
0 0 0 0 0 0 0 0 0 0 0 0 0 0 0 0 0 0 0 0 0 0 0 0 0 0 0 0 0 0 0 0 0 0 0 0 13 16 11 16 
19 12 11 20 0 0 0 0 0 0 0 0 0 0 0 0 0 0 0 0 0 0 0 0 0 0 0 0 0 0 0 0 0 0 0 0 0 0 0 0 
0 0 0 0 18 20 15 12 13 18 16 15 12 14 16 11 0 0 0 0 14 20 19 20 0 0 0 0 14 13 19 14 11 18 18 11 0 0 0 0 
0 0 0 0 12 19 12 12 18 12 10 11 0 0 0 0 12 17 18 14 10 15 13 17 20 16 18 13 15 12 14 10 0 0 0 0 0 0 0 0 
0 0 0 0 12 17 18 11 0 0 0 0 10 20 16 18 0 0 0 0 11 17 17 12 0 0 0 0 0 0 0 0 0 0 0 0 0 0 0 0 
0 0 0 0 0 0 0 0 0 0 0 0 0 0 0 0 0 0 0 0 0 0 0 0 0 0 0 0 0 0 0 0 0 0 0 0 19 15 17 18 
17 12 18 16 0 0 0 0 0 0 0 0 0 0 0 0 0 0 0 0 0 0 0 0 0 0 0 0 0 0 0 0 0 0 0 0 0 0 0 0 
0 0 0 0 11 12 10 16 0 0 0 0 0 0 0 0 0 0 0 0 0 0 0 0 0 0 0 0 0 0 0 0 0 0 0 0 0 0 0 0 
0 0 0 0 0 0 0 0 13 12 11 16 0 0 0 0 12 16 17 14 15 11 19 16 0 0 0 0 17 13 12 14 0 0 0 0 0 0 0 0 
0 0 0 0 14 17 14 10 14 19 14 14 11 10 18 11 13 12 13 15 17 19 15 16 16 14 20 12 0 0 0 0 17 16 10 16 0 0 0 0 
0 0 0 0 0 0 0 0 0 0 0 0 0 0 0 0 0 0 0 0 0 0 0 0 0 0 0 0 0 0 0 0 0 0 0 0 20 18 20 16 
14 18 10 12 0 0 0 0 0 0 0 0 0 0 0 0 0 0 0 0 0 0 0 0 0 0 0 0 0 0 0 0 0 0 0 0 0 0 0 0 
0 0 0 0 0 0 0 0 18 20 19 14 14 12 14 18 17 19 20 17 0 0 0 0 0 0 0 0 14 20 11 19 20 13 20 13 0 0 0 0 
0 0 0 0 20 19 18 10 0 0 0 0 0 0 0 0 16 15 10 10 12 17 14 15 0 0 0 0 11 16 14 19 20 12 15 16 0 0 0 0 
0 0 0 0 0 0 0 0 19 15 15 18 13 17 10 11 20 17 16 11 0 0 0 0 20 16 16 14 18 11 15 10 11 11 19 11 0 0 0 0 
0 0 0 0 0 0 0 0 0 0 0 0 0 0 0 0 0 0 0 0 0 0 0 0 0 0 0 0 0 0 0 0 0 0 0 0 16 10 16 10 
20 20 19 18 0 0 0 0 0 0 0 0 0 0 0 0 0 0 0 0 0 0 0 0 0 0 0 0 0 0 0 0 0 0 0 0 0 0 0 0 
0 0 0 0 0 0 0 0 17 11 10 13 14 14 12 15 0 0 0 0 14 12 20 19 0 0 0 0 0 0 0 0 0 0 0 0 0 0 0 0 
0 0 0 0 0 0 0 0 0 0 0 0 13 14 16 20 16 13 11 13 10 11 20 20 0 0 0 0 18 11 17 11 0 0 0 0 0 0 0 0 
0 0 0 0 17 16 11 14 19 13 17 15 14 18 11 10 0 0 0 0 10 20 17 11 10 15 20 19 0 0 0 0 12 16 19 11 0 0 0 0 
0 0 0 0 0 0 0 0 0 0 0 0 0 0 0 0 0 0 0 0 0 0 0 0 0 0 0 0 0 0 0 0 0 0 0 0 10 13 18 12 
17 13 13 17 0 0 0 0 0 0 0 0 0 0 0 0 0 0 0 0 0 0 0 0 0 0 0 0 0 0 0 0 0 0 0 0 0 0 0 0 
0 0 0 0 14 10 12 16 17 19 10 17 15 11 10 20 19 10 11 13 11 14 11 17 11 14 14 15 12 11 15 15 11 10 17 11 0 0 0 0 
0 0 0 0 0 0 0 0 10 15 11 14 0 0 0 0 16 19 19 15 19 19 16 17 12 15 12 10 0 0 0 0 12 19 20 12 0 0 0 0 
0 0 0 0 0 0 0 0 11 18 11 16 0 0 0 0 15 20 15 14 18 14 17 18 20 14 12 11 14 16 11 11 12 12 11 14 0 0 0 0 
0 0 0 0 0 0 0 0 0 0 0 0 0 0 0 0 0 0 0 0 0 0 0 0 0 0 0 0 0 0 0 0 0 0 0 0 16 17 11 14 
17 14 15 11 0 0 0 0 0 0 0 0 0 0 0 0 0 0 0 0 0 0 0 0 0 0 0 0 0 0 0 0 0 0 0 0 0 0 0 0 
0 0 0 0 17 13 16 16 19 20 19 11 11 12 12 18 17 17 11 20 16 12 17 14 16 15 18 14 20 19 13 19 14 14 19 13 0 0 0 0 
0 0 0 0 10 14 10 19 0 0 0 0 12 12 15 19 14 10 17 12 18 12 16 19 0 0 0 0 0 0 0 0 0 0 0 0 0 0 0 0 
0 0 0 0 17 17 19 14 17 10 15 15 17 18 19 12 13 19 12 13 15 16 17 16 13 17 19 16 0 0 0 0 16 18 11 11 0 0 0 0 
0 0 0 0 0 0 0 0 0 0 0 0 0 0 0 0 0 0 0 0 0 0 0 0 0 0 0 0 0 0 0 0 0 0 0 0 15 10 10 15 
17 13 20 17 0 0 0 0 0 0 0 0 0 0 0 0 0 0 0 0 0 0 0 0 0 0 0 0 0 0 0 0 0 0 0 0 0 0 0 0 
0 0 0 0 13 17 15 15 0 0 0 0 0 0 0 0 0 0 0 0 0 0 0 0 0 0 0 0 0 0 0 0 0 0 0 0 0 0 0 0 
0 0 0 0 16 12 19 15 14 10 19 16 20 18 16 10 0 0 0 0 17 15 17 11 11 20 12 17 19 13 12 14 0 0 0 0 0 0 0 0 
0 0 0 0 14 18 10 12 0 0 0 0 13 13 19 19 0 0 0 0 15 20 17 13 16 17 15 15 0 0 0 0 14 13 18 12 0 0 0 0 
0 0 0 0 0 0 0 0 0 0 0 0 0 0 0 0 0 0 0 0 0 0 0 0 0 0 0 0 0 0 0 0 0 0 0 0 14 19 16 11 
16 10 20 11 0 0 0 0 0 0 0 0 0 0 0 0 0 0 0 0 0 0 0 0 0 0 0 0 0 0 0 0 0 0 0 0 0 0 0 0 
0 0 0 0 13 11 20 14 17 17 13 15 0 0 0 0 0 0 0 0 15 15 11 18 12 12 13 18 0 0 0 0 17 16 14 16 0 0 0 0 
0 0 0 0 17 19 18 18 14 15 14 11 20 15 15 13 15 13 15 13 0 0 0 0 20 18 14 11 11 17 15 10 10 13 13 13 0 0 0 0 
0 0 0 0 0 0 0 0 0 0 0 0 0 0 0 0 0 0 0 0 0 0 0 0 13 10 14 17 0 0 0 0 0 0 0 0 0 0 0 0 
0 0 0 0 0 0 0 0 0 0 0 0 0 0 0 0 0 0 0 0 0 0 0 0 0 0 0 0 0 0 0 0 0 0 0 0 20 20 14 10 
15 16 12 19 0 0 0 0 0 0 0 0 0 0 0 0 0 0 0 0 0 0 0 0 0 0 0 0 0 0 0 0 0 0 0 0 0 0 0 0 
0 0 0 0 19 17 13 12 16 11 20 13 0 0 0 0 10 19 12 12 0 0 0 0 19 10 19 17 12 11 18 17 17 10 19 10 0 0 0 0 
0 0 0 0 0 0 0 0 10 17 17 20 0 0 0 0 0 0 0 0 0 0 0 0 13 18 15 19 0 0 0 0 0 0 0 0 0 0 0 0 
0 0 0 0 16 10 18 16 18 16 13 15 13 19 15 11 10 19 10 15 12 17 15 17 15 18 16 14 10 19 13 13 16 11 10 10 0 0 0 0 
0 0 0 0 0 0 0 0 0 0 0 0 0 0 0 0 0 0 0 0 0 0 0 0 0 0 0 0 0 0 0 0 0 0 0 0 16 13 10 16 
18 11 18 15 0 0 0 0 0 0 0 0 0 0 0 0 0 0 0 0 0 0 0 0 0 0 0 0 0 0 0 0 0 0 0 0 0 0 0 0 
0 0 0 0 11 10 15 16 10 20 15 15 15 17 20 15 19 19 19 17 20 16 15 17 10 13 18 18 10 16 15 14 13 18 14 10 0 0 0 0 
0 0 0 0 0 0 0 0 18 20 17 18 0 0 0 0 11 12 15 20 17 10 17 14 17 16 13 20 0 0 0 0 0 0 0 0 0 0 0 0 
0 0 0 0 14 10 18 16 17 10 20 18 12 16 16 12 18 12 14 20 18 15 11 16 14 15 14 17 14 20 18 16 16 12 18 13 0 0 0 0 
0 0 0 0 0 0 0 0 0 0 0 0 0 0 0 0 0 0 0 0 0 0 0 0 0 0 0 0 0 0 0 0 0 0 0 0 12 16 17 10 
15 10 19 10 0 0 0 0 0 0 0 0 0 0 0 0 0 0 0 0 0 0 0 0 0 0 0 0 0 0 0 0 0 0 0 0 0 0 0 0 
0 0 0 0 0 0 0 0 12 12 14 13 13 12 14 10 16 10 18 20 0 0 0 0 0 0 0 0 14 14 11 19 0 0 0 0 0 0 0 0 
0 0 0 0 16 13 13 17 10 20 16 12 19 18 20 20 15 13 14 19 19 13 12 15 14 20 12 13 19 20 16 14 19 20 12 12 0 0 0 0 
0 0 0 0 0 0 0 0 0 0 0 0 11 13 16 18 0 0 0 0 0 0 0 0 10 12 18 16 16 17 16 19 19 19 16 13 0 0 0 0 
0 0 0 0 0 0 0 0 0 0 0 0 0 0 0 0 0 0 0 0 0 0 0 0 0 0 0 0 0 0 0 0 0 0 0 0 11 12 19 17 
17 12 20 12 0 0 0 0 0 0 0 0 0 0 0 0 0 0 0 0 0 0 0 0 0 0 0 0 0 0 0 0 0 0 0 0 0 0 0 0 
0 0 0 0 18 19 12 12 13 10 18 15 14 20 13 14 10 14 14 13 10 15 19 13 14 13 18 17 16 10 10 16 0 0 0 0 0 0 0 0 
0 0 0 0 0 0 0 0 17 16 13 12 0 0 0 0 0 0 0 0 16 15 20 15 0 0 0 0 0 0 0 0 0 0 0 0 0 0 0 0 
0 0 0 0 10 18 15 13 0 0 0 0 13 12 14 10 0 0 0 0 0 0 0 0 0 0 0 0 0 0 0 0 0 0 0 0 0 0 0 0 
0 0 0 0 0 0 0 0 0 0 0 0 0 0 0 0 0 0 0 0 0 0 0 0 0 0 0 0 0 0 0 0 0 0 0 0 13 15 20 18 
20 18 13 13 0 0 0 0 0 0 0 0 0 0 0 0 0 0 0 0 0 0 0 0 0 0 0 0 0 0 0 0 0 0 0 0 0 0 0 0 
0 0 0 0 13 18 14 13 0 0 0 0 20 10 13 13 19 15 10 17 14 10 13 11 17 11 12 19 11 19 14 11 0 0 0 0 0 0 0 0 
0 0 0 0 0 0 0 0 14 13 18 20 14 18 19 16 12 18 12 13 18 17 10 14 0 0 0 0 11 18 11 10 13 14 14 13 0 0 0 0 
0 0 0 0 0 0 0 0 0 0 0 0 13 17 11 13 0 0 0 0 0 0 0 0 18 12 10 12 0 0 0 0 0 0 0 0 0 0 0 0 
0 0 0 0 0 0 0 0 0 0 0 0 0 0 0 0 0 0 0 0 0 0 0 0 0 0 0 0 0 0 0 0 0 0 0 0 16 17 10 12 
19 11 14 10 0 0 0 0 0 0 0 0 0 0 0 0 0 0 0 0 0 0 0 0 0 0 0 0 0 0 0 0 0 0 0 0 0 0 0 0 
0 0 0 0 20 12 19 16 14 18 19 13 13 19 12 20 13 16 15 14 12 12 17 15 20 19 19 13 13 20 13 13 13 16 17 17 0 0 0 0 
0 0 0 0 16 16 11 17 17 17 12 17 16 13 14 14 0 0 0 0 0 0 0 0 0 0 0 0 19 20 13 19 0 0 0 0 0 0 0 0 
0 0 0 0 0 0 0 0 0 0 0 0 15 12 10 10 0 0 0 0 0 0 0 0 0 0 0 0 0 0 0 0 0 0 0 0 0 0 0 0 
0 0 0 0 0 0 0 0 0 0 0 0 0 0 0 0 0 0 0 0 0 0 0 0 0 0 0 0 0 0 0 0 0 0 0 0 11 18 19 13 
19 11 17 20 0 0 0 0 0 0 0 0 0 0 0 0 0 0 0 0 0 0 0 0 0 0 0 0 0 0 0 0 0 0 0 0 0 0 0 0 
0 0 0 0 0 0 0 0 0 0 0 0 17 13 18 11 18 19 14 20 16 18 13 13 0 0 0 0 0 0 0 0 0 0 0 0 0 0 0 0 
0 0 0 0 16 19 12 18 17 11 20 20 19 16 16 14 17 20 14 19 17 15 10 10 16 20 20 10 19 10 19 18 18 13 14 12 0 0 0 0 
0 0 0 0 0 0 0 0 0 0 0 0 0 0 0 0 0 0 0 0 0 0 0 0 12 10 14 17 0 0 0 0 0 0 0 0 0 0 0 0 
0 0 0 0 0 0 0 0 0 0 0 0 0 0 0 0 0 0 0 0 0 0 0 0 0 0 0 0 0 0 0 0 0 0 0 0 17 15 17 16 
14 13 14 15 0 0 0 0 0 0 0 0 0 0 0 0 0 0 0 0 0 0 0 0 0 0 0 0 0 0 0 0 0 0 0 0 0 0 0 0 
0 0 0 0 12 20 14 14 14 14 11 19 0 0 0 0 0 0 0 0 10 12 17 12 13 18 18 10 19 19 10 14 18 20 12 10 0 0 0 0 
0 0 0 0 0 0 0 0 0 0 0 0 0 0 0 0 19 13 16 20 0 0 0 0 0 0 0 0 15 12 19 12 0 0 0 0 0 0 0 0 
0 0 0 0 19 17 16 10 15 13 11 19 0 0 0 0 20 14 20 20 0 0 0 0 0 0 0 0 0 0 0 0 16 20 13 14 0 0 0 0 
0 0 0 0 0 0 0 0 0 0 0 0 0 0 0 0 0 0 0 0 0 0 0 0 0 0 0 0 0 0 0 0 0 0 0 0 13 14 12 17 
14 17 15 15 0 0 0 0 0 0 0 0 0 0 0 0 0 0 0 0 0 0 0 0 0 0 0 0 0 0 0 0 0 0 0 0 0 0 0 0 
0 0 0 0 14 15 18 17 0 0 0 0 0 0 0 0 0 0 0 0 0 0 0 0 14 17 18 20 0 0 0 0 0 0 0 0 0 0 0 0 
0 0 0 0 20 12 11 20 19 11 20 12 17 15 13 10 0 0 0 0 0 0 0 0 11 10 20 12 10 19 19 14 17 10 14 15 0 0 0 0 
0 0 0 0 0 0 0 0 0 0 0 0 0 0 0 0 0 0 0 0 0 0 0 0 11 14 13 14 12 20 15 11 0 0 0 0 0 0 0 0 
0 0 0 0 0 0 0 0 0 0 0 0 0 0 0 0 0 0 0 0 0 0 0 0 0 0 0 0 0 0 0 0 0 0 0 0 13 16 13 18 
20 11 16 20 0 0 0 0 0 0 0 0 0 0 0 0 0 0 0 0 0 0 0 0 0 0 0 0 0 0 0 0 0 0 0 0 0 0 0 0 
0 0 0 0 16 12 15 10 14 16 18 15 19 17 13 17 16 17 16 11 20 20 14 16 0 0 0 0 12 11 13 18 15 15 13 19 0 0 0 0 
0 0 0 0 10 17 19 19 11 11 13 10 11 20 20 19 10 18 10 18 12 14 13 13 12 11 11 13 18 19 10 20 15 10 12 13 0 0 0 0 
0 0 0 0 0 0 0 0 0 0 0 0 0 0 0 0 0 0 0 0 17 16 17 12 16 19 16 19 0 0 0 0 17 17 20 16 0 0 0 0 
0 0 0 0 0 0 0 0 0 0 0 0 0 0 0 0 0 0 0 0 0 0 0 0 0 0 0 0 0 0 0 0 0 0 0 0 16 20 19 11 
20 14 11 15 0 0 0 0 0 0 0 0 0 0 0 0 0 0 0 0 0 0 0 0 0 0 0 0 0 0 0 0 0 0 0 0 0 0 0 0 
0 0 0 0 18 19 14 15 0 0 0 0 0 0 0 0 0 0 0 0 12 15 13 17 16 10 10 10 13 12 12 12 0 0 0 0 0 0 0 0 
0 0 0 0 0 0 0 0 15 14 17 12 0 0 0 0 0 0 0 0 0 0 0 0 0 0 0 0 0 0 0 0 0 0 0 0 0 0 0 0 
0 0 0 0 10 15 11 19 0 0 0 0 15 17 18 18 0 0 0 0 0 0 0 0 0 0 0 0 0 0 0 0 12 19 16 18 0 0 0 0 
0 0 0 0 0 0 0 0 0 0 0 0 0 0 0 0 0 0 0 0 0 0 0 0 0 0 0 0 0 0 0 0 0 0 0 0 14 20 18 12 
17 14 20 20 0 0 0 0 0 0 0 0 0 0 0 0 0 0 0 0 0 0 0 0 0 0 0 0 0 0 0 0 0 0 0 0 0 0 0 0 
0 0 0 0 15 12 19 10 15 19 13 13 11 12 20 15 0 0 0 0 17 19 16 13 16 16 16 10 13 13 11 19 0 0 0 0 0 0 0 0 
0 0 0 0 17 10 13 15 0 0 0 0 19 19 18 16 0 0 0 0 11 15 18 12 13 16 10 19 15 18 17 12 17 20 10 13 0 0 0 0 
0 0 0 0 0 0 0 0 11 13 12 12 0 0 0 0 0 0 0 0 0 0 0 0 0 0 0 0 0 0 0 0 0 0 0 0 0 0 0 0 
0 0 0 0 0 0 0 0 0 0 0 0 0 0 0 0 0 0 0 0 0 0 0 0 0 0 0 0 0 0 0 0 0 0 0 0 18 12 17 18 
12 14 17 19 0 0 0 0 0 0 0 0 0 0 0 0 0 0 0 0 0 0 0 0 0 0 0 0 0 0 0 0 0 0 0 0 0 0 0 0 
0 0 0 0 17 14 11 19 15 17 12 16 13 19 10 17 12 12 13 17 17 14 14 17 18 19 12 10 13 12 11 15 12 15 14 14 0 0 0 0 
0 0 0 0 10 14 18 18 0 0 0 0 0 0 0 0 0 0 0 0 16 20 12 20 0 0 0 0 0 0 0 0 0 0 0 0 0 0 0 0 
0 0 0 0 0 0 0 0 0 0 0 0 11 11 18 10 0 0 0 0 0 0 0 0 0 0 0 0 19 11 16 11 0 0 0 0 0 0 0 0 
0 0 0 0 0 0 0 0 0 0 0 0 0 0 0 0 0 0 0 0 0 0 0 0 0 0 0 0 0 0 0 0 0 0 0 0 20 10 19 17 
15 19 15 14 0 0 0 0 0 0 0 0 0 0 0 0 0 0 0 0 0 0 0 0 0 0 0 0 0 0 0 0 0 0 0 0 0 0 0 0 
0 0 0 0 0 0 0 0 0 0 0 0 19 12 10 11 11 16 12 17 11 11 17 17 14 10 20 16 0 0 0 0 0 0 0 0 0 0 0 0 
0 0 0 0 11 20 11 13 0 0 0 0 0 0 0 0 0 0 0 0 0 0 0 0 0 0 0 0 19 11 20 14 0 0 0 0 0 0 0 0 
0 0 0 0 17 20 11 10 10 11 17 19 18 14 16 20 15 18 15 13 20 12 19 16 18 20 12 14 11 14 12 16 0 0 0 0 0 0 0 0 
0 0 0 0 0 0 0 0 0 0 0 0 0 0 0 0 0 0 0 0 0 0 0 0 0 0 0 0 0 0 0 0 0 0 0 0 17 10 19 12 
16 17 14 14 0 0 0 0 0 0 0 0 0 0 0 0 0 0 0 0 0 0 0 0 0 0 0 0 0 0 0 0 0 0 0 0 0 0 0 0 
0 0 0 0 16 20 12 16 13 16 13 18 15 15 19 16 10 17 17 11 0 0 0 0 10 17 17 14 18 10 20 17 18 13 17 17 0 0 0 0 
0 0 0 0 11 15 12 20 14 19 14 20 18 15 15 12 13 11 15 15 19 10 12 16 17 11 15 18 14 19 11 10 10 14 17 16 0 0 0 0 
0 0 0 0 0 0 0 0 11 20 16 13 16 20 13 20 0 0 0 0 0 0 0 0 15 12 17 13 0 0 0 0 0 0 0 0 0 0 0 0 
0 0 0 0 0 0 0 0 0 0 0 0 0 0 0 0 0 0 0 0 0 0 0 0 0 0 0 0 0 0 0 0 0 0 0 0 17 18 18 20 
11 19 16 16 0 0 0 0 0 0 0 0 0 0 0 0 0 0 0 0 0 0 0 0 0 0 0 0 0 0 0 0 0 0 0 0 0 0 0 0 
0 0 0 0 0 0 0 0 0 0 0 0 0 0 0 0 0 0 0 0 14 10 12 12 13 10 13 14 0 0 0 0 20 16 12 20 0 0 0 0 
0 0 0 0 0 0 0 0 0 0 0 0 0 0 0 0 13 17 14 20 14 18 18 10 15 13 10 16 20 16 19 14 11 15 13 19 0 0 0 0 
0 0 0 0 0 0 0 0 0 0 0 0 0 0 0 0 0 0 0 0 0 0 0 0 0 0 0 0 20 13 15 12 0 0 0 0 0 0 0 0 
0 0 0 0 0 0 0 0 0 0 0 0 0 0 0 0 0 0 0 0 0 0 0 0 0 0 0 0 0 0 0 0 0 0 0 0 11 20 16 12 
12 11 17 16 0 0 0 0 0 0 0 0 0 0 0 0 0 0 0 0 0 0 0 0 0 0 0 0 0 0 0 0 0 0 0 0 0 0 0 0 
0 0 0 0 20 13 10 17 0 0 0 0 0 0 0 0 0 0 0 0 0 0 0 0 0 0 0 0 0 0 0 0 14 15 16 17 0 0 0 0 
0 0 0 0 0 0 0 0 0 0 0 0 20 14 17 18 0 0 0 0 0 0 0 0 0 0 0 0 19 17 14 12 0 0 0 0 0 0 0 0 
0 0 0 0 0 0 0 0 0 0 0 0 0 0 0 0 14 18 11 14 0 0 0 0 0 0 0 0 17 10 16 10 0 0 0 0 0 0 0 0 
0 0 0 0 0 0 0 0 0 0 0 0 0 0 0 0 0 0 0 0 0 0 0 0 0 0 0 0 0 0 0 0 0 0 0 0 20 10 13 13 
14 10 12 18 0 0 0 0 0 0 0 0 0 0 0 0 0 0 0 0 0 0 0 0 0 0 0 0 0 0 0 0 0 0 0 0 0 0 0 0 
0 0 0 0 0 0 0 0 0 0 0 0 14 11 11 13 17 19 15 18 15 19 19 14 0 0 0 0 13 19 11 13 0 0 0 0 0 0 0 0 
0 0 0 0 0 0 0 0 11 10 17 13 0 0 0 0 0 0 0 0 12 14 12 14 0 0 0 0 16 17 11 12 10 11 11 15 0 0 0 0 
0 0 0 0 0 0 0 0 20 15 18 13 0 0 0 0 18 10 10 19 15 17 10 13 20 18 20 11 13 17 14 16 0 0 0 0 0 0 0 0 
0 0 0 0 0 0 0 0 0 0 0 0 0 0 0 0 0 0 0 0 0 0 0 0 0 0 0 0 0 0 0 0 0 0 0 0 20 10 14 13 
16 10 13 19 0 0 0 0 0 0 0 0 0 0 0 0 0 0 0 0 0 0 0 0 0 0 0 0 0 0 0 0 0 0 0 0 0 0 0 0 
0 0 0 0 19 15 14 17 0 0 0 0 0 0 0 0 0 0 0 0 0 0 0 0 0 0 0 0 0 0 0 0 0 0 0 0 0 0 0 0 
0 0 0 0 16 20 10 14 0 0 0 0 15 12 18 17 18 10 14 11 0 0 0 0 12 12 16 15 19 18 20 10 20 10 11 19 0 0 0 0 
0 0 0 0 12 18 18 15 0 0 0 0 16 15 11 19 14 11 20 16 14 16 11 11 0 0 0 0 11 18 12 12 0 0 0 0 0 0 0 0 
0 0 0 0 0 0 0 0 0 0 0 0 0 0 0 0 0 0 0 0 0 0 0 0 0 0 0 0 0 0 0 0 0 0 0 0 15 10 15 18 
18 17 11 16 0 0 0 0 0 0 0 0 0 0 0 0 0 0 0 0 0 0 0 0 0 0 0 0 0 0 0 0 0 0 0 0 0 0 0 0 
0 0 0 0 17 15 13 13 20 20 15 11 16 17 16 20 0 0 0 0 14 15 14 16 17 13 12 13 16 15 16 16 16 14 15 14 0 0 0 0 
0 0 0 0 0 0 0 0 15 18 20 13 13 11 10 19 0 0 0 0 0 0 0 0 12 12 13 20 16 14 20 16 0 0 0 0 0 0 0 0 
0 0 0 0 0 0 0 0 0 0 0 0 0 0 0 0 0 0 0 0 0 0 0 0 20 16 17 10 0 0 0 0 0 0 0 0 0 0 0 0 
0 0 0 0 0 0 0 0 0 0 0 0 0 0 0 0 0 0 0 0 0 0 0 0 0 0 0 0 0 0 0 0 0 0 0 0 15 15 10 18 
16 16 13 17 0 0 0 0 0 0 0 0 0 0 0 0 0 0 0 0 0 0 0 0 0 0 0 0 0 0 0 0 0 0 0 0 0 0 0 0 
0 0 0 0 15 19 14 19 11 14 15 16 11 20 19 10 20 20 20 20 13 16 10 18 16 15 13 19 17 15 10 13 20 15 14 17 0 0 0 0 
0 0 0 0 18 18 20 16 0 0 0 0 20 13 18 18 0 0 0 0 0 0 0 0 0 0 0 0 19 11 11 17 0 0 0 0 0 0 0 0 
0 0 0 0 0 0 0 0 0 0 0 0 19 12 13 17 20 11 12 20 0 0 0 0 0 0 0 0 0 0 0 0 0 0 0 0 0 0 0 0 
0 0 0 0 0 0 0 0 0 0 0 0 0 0 0 0 0 0 0 0 0 0 0 0 0 0 0 0 0 0 0 0 0 0 0 0 14 18 20 12 
10 10 15 14 0 0 0 0 0 0 0 0 0 0 0 0 0 0 0 0 0 0 0 0 0 0 0 0 0 0 0 0 0 0 0 0 0 0 0 0 
0 0 0 0 0 0 0 0 13 17 18 15 15 19 11 17 0 0 0 0 17 12 19 18 12 15 11 16 0 0 0 0 11 11 14 18 0 0 0 0 
0 0 0 0 10 14 17 20 18 10 18 15 17 15 16 17 0 0 0 0 14 17 10 16 0 0 0 0 15 18 17 13 17 19 14 11 0 0 0 0 
0 0 0 0 12 15 12 14 13 19 11 12 14 20 18 15 15 12 16 19 17 12 16 18 0 0 0 0 16 15 10 19 17 16 12 11 0 0 0 0 
0 0 0 0 0 0 0 0 0 0 0 0 0 0 0 0 0 0 0 0 0 0 0 0 0 0 0 0 0 0 0 0 0 0 0 0 19 17 20 18 
15 20 15 17 0 0 0 0 0 0 0 0 0 0 0 0 0 0 0 0 0 0 0 0 0 0 0 0 0 0 0 0 0 0 0 0 0 0 0 0 
0 0 0 0 0 0 0 0 0 0 0 0 14 13 17 14 20 16 15 11 0 0 0 0 0 0 0 0 0 0 0 0 0 0 0 0 0 0 0 0 
0 0 0 0 0 0 0 0 17 10 13 10 0 0 0 0 16 11 12 17 0 0 0 0 0 0 0 0 0 0 0 0 0 0 0 0 0 0 0 0 
0 0 0 0 18 20 18 19 17 19 14 19 16 19 10 15 14 12 12 10 0 0 0 0 0 0 0 0 19 19 19 14 20 18 15 10 0 0 0 0 
0 0 0 0 0 0 0 0 0 0 0 0 0 0 0 0 0 0 0 0 0 0 0 0 0 0 0 0 0 0 0 0 0 0 0 0 16 15 12 11 
20 20 13 13 0 0 0 0 0 0 0 0 0 0 0 0 0 0 0 0 0 0 0 0 0 0 0 0 0 0 0 0 0 0 0 0 0 0 0 0 
0 0 0 0 0 0 0 0 0 0 0 0 15 13 15 11 20 20 17 17 0 0 0 0 20 10 10 20 20 10 13 17 0 0 0 0 0 0 0 0 
0 0 0 0 10 15 17 20 19 13 12 12 0 0 0 0 13 11 10 15 11 16 11 10 17 16 10 17 0 0 0 0 0 0 0 0 0 0 0 0 
0 0 0 0 17 11 11 18 0 0 0 0 0 0 0 0 16 16 14 16 15 17 12 14 17 11 11 19 20 20 19 11 0 0 0 0 0 0 0 0 
0 0 0 0 0 0 0 0 0 0 0 0 0 0 0 0 0 0 0 0 0 0 0 0 0 0 0 0 0 0 0 0 0 0 0 0 16 10 19 13 
12 12 10 10 0 0 0 0 0 0 0 0 0 0 0 0 0 0 0 0 0 0 0 0 0 0 0 0 0 0 0 0 0 0 0 0 0 0 0 0 
0 0 0 0 0 0 0 0 18 15 11 12 0 0 0 0 0 0 0 0 17 13 15 14 0 0 0 0 11 15 16 13 0 0 0 0 0 0 0 0 
0 0 0 0 0 0 0 0 13 14 10 10 20 18 15 20 16 15 11 15 16 13 20 14 0 0 0 0 0 0 0 0 0 0 0 0 0 0 0 0 
0 0 0 0 0 0 0 0 0 0 0 0 10 12 18 13 19 17 16 20 0 0 0 0 14 15 19 15 0 0 0 0 18 14 10 17 0 0 0 0 
0 0 0 0 0 0 0 0 0 0 0 0 0 0 0 0 0 0 0 0 0 0 0 0 0 0 0 0 0 0 0 0 0 0 0 0 10 19 10 16 
20 18 11 14 0 0 0 0 0 0 0 0 0 0 0 0 0 0 0 0 0 0 0 0 0 0 0 0 0 0 0 0 0 0 0 0 0 0 0 0 
0 0 0 0 0 0 0 0 0 0 0 0 0 0 0 0 0 0 0 0 0 0 0 0 0 0 0 0 13 11 16 19 0 0 0 0 0 0 0 0 
0 0 0 0 19 15 15 16 11 12 20 16 16 16 18 19 11 18 10 19 18 11 12 10 15 17 15 15 10 10 15 11 19 17 17 11 0 0 0 0 
0 0 0 0 17 16 13 18 0 0 0 0 18 16 18 18 0 0 0 0 0 0 0 0 0 0 0 0 0 0 0 0 0 0 0 0 0 0 0 0 
0 0 0 0 0 0 0 0 0 0 0 0 0 0 0 0 0 0 0 0 0 0 0 0 0 0 0 0 0 0 0 0 0 0 0 0 19 19 16 12 
10 11 11 10 0 0 0 0 0 0 0 0 0 0 0 0 0 0 0 0 0 0 0 0 0 0 0 0 0 0 0 0 0 0 0 0 0 0 0 0 
0 0 0 0 14 19 16 17 15 17 15 17 14 10 15 10 14 12 20 13 14 10 17 12 17 10 11 11 20 14 16 20 18 14 17 10 0 0 0 0 
0 0 0 0 12 10 14 11 13 13 18 15 13 20 19 13 17 12 12 20 0 0 0 0 0 0 0 0 14 12 11 12 10 11 14 14 0 0 0 0 
0 0 0 0 0 0 0 0 10 15 16 11 0 0 0 0 16 18 16 20 19 17 20 18 0 0 0 0 13 10 11 19 10 10 12 18 0 0 0 0 
0 0 0 0 0 0 0 0 0 0 0 0 0 0 0 0 0 0 0 0 0 0 0 0 0 0 0 0 0 0 0 0 0 0 0 0 16 14 19 20 
18 16 20 15 0 0 0 0 0 0 0 0 0 0 0 0 0 0 0 0 0 0 0 0 0 0 0 0 0 0 0 0 0 0 0 0 0 0 0 0 
0 0 0 0 0 0 0 0 18 20 12 19 0 0 0 0 12 15 10 14 0 0 0 0 0 0 0 0 17 14 13 17 0 0 0 0 0 0 0 0 
0 0 0 0 12 18 13 16 13 14 13 11 13 13 16 17 20 12 14 13 0 0 0 0 18 10 18 16 16 16 17 19 0 0 0 0 0 0 0 0 
0 0 0 0 20 11 11 10 10 10 20 14 11 19 13 10 0 0 0 0 20 12 16 14 0 0 0 0 16 10 19 16 20 10 13 12 0 0 0 0 
0 0 0 0 0 0 0 0 0 0 0 0 0 0 0 0 0 0 0 0 0 0 0 0 0 0 0 0 0 0 0 0 0 0 0 0 20 20 18 14 
14 13 14 15 0 0 0 0 0 0 0 0 0 0 0 0 0 0 0 0 0 0 0 0 0 0 0 0 0 0 0 0 0 0 0 0 0 0 0 0 
0 0 0 0 15 15 19 20 0 0 0 0 10 15 14 18 0 0 0 0 12 14 10 17 0 0 0 0 14 16 20 20 0 0 0 0 0 0 0 0 
0 0 0 0 12 18 14 16 11 18 11 10 12 18 16 20 14 18 13 12 12 12 17 20 0 0 0 0 10 13 17 10 19 16 18 12 0 0 0 0 
0 0 0 0 11 19 13 14 10 14 18 13 20 18 10 19 14 15 13 14 13 14 13 17 18 10 13 14 0 0 0 0 20 15 12 10 0 0 0 0 
0 0 0 0 0 0 0 0 0 0 0 0 0 0 0 0 0 0 0 0 0 0 0 0 0 0 0 0 0 0 0 0 0 0 0 0 15 17 19 17 
20 14 15 19 0 0 0 0 0 0 0 0 0 0 0 0 0 0 0 0 0 0 0 0 0 0 0 0 0 0 0 0 0 0 0 0 0 0 0 0 
0 0 0 0 19 13 19 14 0 0 0 0 0 0 0 0 0 0 0 0 0 0 0 0 0 0 0 0 0 0 0 0 19 10 10 16 0 0 0 0 
0 0 0 0 17 19 13 13 0 0 0 0 0 0 0 0 20 17 11 17 20 10 12 13 14 10 13 20 19 12 17 17 0 0 0 0 0 0 0 0 
0 0 0 0 11 10 10 16 0 0 0 0 14 10 16 17 0 0 0 0 0 0 0 0 0 0 0 0 0 0 0 0 16 20 16 13 0 0 0 0 
0 0 0 0 0 0 0 0 0 0 0 0 0 0 0 0 0 0 0 0 0 0 0 0 0 0 0 0 0 0 0 0 0 0 0 0 10 16 12 18 
15 19 18 19 0 0 0 0 0 0 0 0 0 0 0 0 0 0 0 0 0 0 0 0 0 0 0 0 0 0 0 0 0 0 0 0 0 0 0 0 
0 0 0 0 14 16 11 10 13 13 20 16 0 0 0 0 0 0 0 0 12 12 15 11 12 13 19 11 13 11 18 19 0 0 0 0 0 0 0 0 
0 0 0 0 15 16 16 16 10 18 16 20 10 12 18 10 0 0 0 0 18 19 16 18 14 10 18 20 18 18 18 13 19 20 15 20 0 0 0 0 
0 0 0 0 11 13 12 11 14 12 20 20 14 11 20 18 12 16 10 15 19 16 11 15 14 19 17 15 14 14 14 20 13 15 13 20 0 0 0 0 
0 0 0 0 0 0 0 0 0 0 0 0 0 0 0 0 0 0 0 0 0 0 0 0 0 0 0 0 0 0 0 0 0 0 0 0 20 13 12 13 
18 16 13 11 0 0 0 0 0 0 0 0 0 0 0 0 0 0 0 0 0 0 0 0 0 0 0 0 0 0 0 0 0 0 0 0 0 0 0 0 
0 0 0 0 15 10 18 12 18 16 19 13 10 20 14 14 11 20 19 20 15 20 11 18 0 0 0 0 15 17 13 16 0 0 0 0 0 0 0 0 
0 0 0 0 0 0 0 0 0 0 0 0 0 0 0 0 0 0 0 0 0 0 0 0 0 0 0 0 16 13 19 20 0 0 0 0 0 0 0 0 
0 0 0 0 0 0 0 0 0 0 0 0 0 0 0 0 17 19 14 10 19 13 12 11 0 0 0 0 0 0 0 0 0 0 0 0 0 0 0 0 
0 0 0 0 0 0 0 0 0 0 0 0 0 0 0 0 0 0 0 0 0 0 0 0 0 0 0 0 0 0 0 0 0 0 0 0 12 17 14 16 
15 17 11 20 0 0 0 0 0 0 0 0 0 0 0 0 0 0 0 0 0 0 0 0 0 0 0 0 0 0 0 0 0 0 0 0 0 0 0 0 
0 0 0 0 15 15 15 16 0 0 0 0 19 16 17 17 15 10 14 19 15 16 18 16 12 19 19 14 19 20 11 19 16 17 19 17 0 0 0 0 
0 0 0 0 19 17 19 10 13 11 19 12 11 13 11 13 0 0 0 0 15 20 20 12 16 12 16 12 16 18 14 12 19 11 17 15 0 0 0 0 
0 0 0 0 0 0 0 0 15 17 15 13 0 0 0 0 16 16 10 10 10 19 19 18 0 0 0 0 0 0 0 0 0 0 0 0 0 0 0 0 
0 0 0 0 0 0 0 0 0 0 0 0 0 0 0 0 0 0 0 0 0 0 0 0 0 0 0 0 0 0 0 0 0 0 0 0 18 15 11 16 
12 12 10 12 0 0 0 0 0 0 0 0 0 0 0 0 0 0 0 0 0 0 0 0 0 0 0 0 0 0 0 0 0 0 0 0 0 0 0 0 
0 0 0 0 0 0 0 0 0 0 0 0 0 0 0 0 18 20 17 16 15 13 18 14 0 0 0 0 15 15 14 19 0 0 0 0 0 0 0 0 
0 0 0 0 17 13 20 19 11 11 16 13 12 18 14 14 11 15 18 17 18 15 16 13 12 16 16 15 10 14 20 14 14 13 14 11 0 0 0 0 
0 0 0 0 12 19 17 15 17 15 16 17 17 10 17 10 0 0 0 0 18 18 11 10 0 0 0 0 0 0 0 0 12 10 15 19 0 0 0 0 
0 0 0 0 0 0 0 0 0 0 0 0 0 0 0 0 0 0 0 0 0 0 0 0 0 0 0 0 0 0 0 0 0 0 0 0 14 19 17 18 
20 19 19 19 0 0 0 0 0 0 0 0 0 0 0 0 0 0 0 0 0 0 0 0 0 0 0 0 0 0 0 0 0 0 0 0 0 0 0 0 
0 0 0 0 0 0 0 0 0 0 0 0 0 0 0 0 12 13 14 20 0 0 0 0 0 0 0 0 0 0 0 0 0 0 0 0 0 0 0 0 
0 0 0 0 0 0 0 0 0 0 0 0 0 0 0 0 0 0 0 0 0 0 0 0 0 0 0 0 0 0 0 0 14 13 18 11 0 0 0 0 
0 0 0 0 11 16 16 19 0 0 0 0 0 0 0 0 0 0 0 0 0 0 0 0 14 13 16 19 0 0 0 0 11 14 13 16 0 0 0 0 
0 0 0 0 0 0 0 0 0 0 0 0 0 0 0 0 0 0 0 0 0 0 0 0 0 0 0 0 0 0 0 0 0 0 0 0 16 14 20 14 
17 19 19 12 0 0 0 0 0 0 0 0 0 0 0 0 0 0 0 0 0 0 0 0 0 0 0 0 0 0 0 0 0 0 0 0 0 0 0 0 
0 0 0 0 15 12 15 16 10 19 18 11 12 13 18 17 18 18 13 19 11 18 12 14 19 20 20 15 10 15 15 18 10 19 13 20 0 0 0 0 
0 0 0 0 10 18 19 16 18 12 20 20 0 0 0 0 15 16 14 20 11 16 20 17 0 0 0 0 11 14 18 14 19 19 12 15 0 0 0 0 
0 0 0 0 0 0 0 0 0 0 0 0 15 17 17 10 0 0 0 0 20 19 11 17 0 0 0 0 14 14 20 16 0 0 0 0 0 0 0 0 
0 0 0 0 0 0 0 0 0 0 0 0 0 0 0 0 0 0 0 0 0 0 0 0 0 0 0 0 0 0 0 0 0 0 0 0 14 15 15 20 
13 16 17 20 0 0 0 0 0 0 0 0 0 0 0 0 0 0 0 0 0 0 0 0 0 0 0 0 0 0 0 0 0 0 0 0 0 0 0 0 
0 0 0 0 0 0 0 0 16 18 14 19 0 0 0 0 0 0 0 0 0 0 0 0 0 0 0 0 0 0 0 0 0 0 0 0 0 0 0 0 
0 0 0 0 10 15 15 13 0 0 0 0 0 0 0 0 0 0 0 0 0 0 0 0 0 0 0 0 17 11 16 18 19 18 20 17 0 0 0 0 
0 0 0 0 0 0 0 0 16 11 14 11 0 0 0 0 0 0 0 0 11 12 13 12 19 19 11 11 19 14 12 12 18 17 19 17 0 0 0 0 
0 0 0 0 0 0 0 0 0 0 0 0 0 0 0 0 0 0 0 0 0 0 0 0 0 0 0 0 0 0 0 0 0 0 0 0 14 13 17 19 
10 12 11 13 0 0 0 0 0 0 0 0 0 0 0 0 0 0 0 0 0 0 0 0 0 0 0 0 0 0 0 0 0 0 0 0 0 0 0 0 
0 0 0 0 0 0 0 0 0 0 0 0 0 0 0 0 0 0 0 0 0 0 0 0 17 10 15 14 0 0 0 0 16 19 19 20 0 0 0 0 
0 0 0 0 0 0 0 0 0 0 0 0 0 0 0 0 17 12 11 11 0 0 0 0 0 0 0 0 0 0 0 0 0 0 0 0 0 0 0 0 
0 0 0 0 0 0 0 0 15 12 20 15 0 0 0 0 13 17 18 14 0 0 0 0 0 0 0 0 18 16 14 16 0 0 0 0 0 0 0 0 
0 0 0 0 0 0 0 0 0 0 0 0 0 0 0 0 0 0 0 0 0 0 0 0 0 0 0 0 0 0 0 0 0 0 0 0 18 15 16 16 
11 19 20 19 0 0 0 0 0 0 0 0 0 0 0 0 0 0 0 0 0 0 0 0 0 0 0 0 0 0 0 0 0 0 0 0 0 0 0 0 
0 0 0 0 0 0 0 0 0 0 0 0 0 0 0 0 0 0 0 0 0 0 0 0 0 0 0 0 0 0 0 0 17 17 11 20 0 0 0 0 
0 0 0 0 0 0 0 0 0 0 0 0 0 0 0 0 0 0 0 0 0 0 0 0 15 12 12 11 0 0 0 0 0 0 0 0 0 0 0 0 
0 0 0 0 0 0 0 0 17 10 17 17 0 0 0 0 0 0 0 0 0 0 0 0 0 0 0 0 0 0 0 0 0 0 0 0 0 0 0 0 
0 0 0 0 0 0 0 0 0 0 0 0 0 0 0 0 0 0 0 0 0 0 0 0 0 0 0 0 0 0 0 0 0 0 0 0 20 12 15 15 
14 14 14 10 0 0 0 0 0 0 0 0 0 0 0 0 0 0 0 0 0 0 0 0 0 0 0 0 0 0 0 0 0 0 0 0 0 0 0 0 
0 0 0 0 17 11 12 16 0 0 0 0 19 16 16 12 18 13 16 20 10 11 13 12 0 0 0 0 0 0 0 0 0 0 0 0 0 0 0 0 
0 0 0 0 18 17 14 17 0 0 0 0 19 13 13 16 0 0 0 0 11 18 14 15 0 0 0 0 0 0 0 0 0 0 0 0 0 0 0 0 
0 0 0 0 0 0 0 0 0 0 0 0 0 0 0 0 0 0 0 0 0 0 0 0 13 19 18 10 0 0 0 0 0 0 0 0 0 0 0 0 
0 0 0 0 0 0 0 0 0 0 0 0 0 0 0 0 0 0 0 0 0 0 0 0 0 0 0 0 0 0 0 0 0 0 0 0 17 10 20 18 
19 19 14 18 0 0 0 0 0 0 0 0 0 0 0 0 0 0 0 0 0 0 0 0 0 0 0 0 0 0 0 0 0 0 0 0 0 0 0 0 
0 0 0 0 0 0 0 0 0 0 0 0 0 0 0 0 0 0 0 0 11 16 16 15 0 0 0 0 0 0 0 0 19 19 16 11 0 0 0 0 
0 0 0 0 0 0 0 0 0 0 0 0 18 20 20 19 18 18 11 16 0 0 0 0 0 0 0 0 20 19 18 11 0 0 0 0 0 0 0 0 
0 0 0 0 0 0 0 0 10 18 13 12 19 17 19 13 11 11 16 18 12 19 11 16 18 14 16 13 17 14 13 13 20 19 10 17 0 0 0 0 
0 0 0 0 0 0 0 0 0 0 0 0 0 0 0 0 0 0 0 0 0 0 0 0 0 0 0 0 0 0 0 0 0 0 0 0 10 11 16 14 
19 12 15 12 0 0 0 0 0 0 0 0 0 0 0 0 0 0 0 0 0 0 0 0 0 0 0 0 0 0 0 0 0 0 0 0 0 0 0 0 
0 0 0 0 10 15 20 14 0 0 0 0 13 13 19 14 19 16 14 14 0 0 0 0 20 11 18 15 13 20 19 16 0 0 0 0 0 0 0 0 
0 0 0 0 10 11 20 13 11 16 11 14 17 19 11 14 12 14 11 10 14 15 12 12 19 11 10 18 17 12 18 10 16 10 18 20 0 0 0 0 
0 0 0 0 11 15 11 10 15 10 18 17 0 0 0 0 19 15 10 17 0 0 0 0 0 0 0 0 13 13 17 18 15 12 13 10 0 0 0 0 
0 0 0 0 0 0 0 0 0 0 0 0 0 0 0 0 0 0 0 0 0 0 0 0 0 0 0 0 0 0 0 0 0 0 0 0 11 13 15 11 
19 10 19 18 0 0 0 0 0 0 0 0 0 0 0 0 0 0 0 0 0 0 0 0 0 0 0 0 0 0 0 0 0 0 0 0 0 0 0 0 
0 0 0 0 0 0 0 0 18 12 10 15 0 0 0 0 0 0 0 0 0 0 0 0 15 10 16 11 19 10 10 15 0 0 0 0 0 0 0 0 
0 0 0 0 0 0 0 0 0 0 0 0 19 18 14 10 12 14 17 15 0 0 0 0 12 15 18 15 0 0 0 0 0 0 0 0 0 0 0 0 
0 0 0 0 0 0 0 0 14 13 16 12 0 0 0 0 0 0 0 0 0 0 0 0 0 0 0 0 0 0 0 0 0 0 0 0 0 0 0 0 
0 0 0 0 0 0 0 0 0 0 0 0 0 0 0 0 0 0 0 0 0 0 0 0 0 0 0 0 0 0 0 0 0 0 0 0 10 17 16 20 
14 13 13 10 0 0 0 0 0 0 0 0 0 0 0 0 0 0 0 0 0 0 0 0 0 0 0 0 0 0 0 0 0 0 0 0 0 0 0 0 
0 0 0 0 12 20 18 17 13 17 16 20 16 12 17 14 16 12 11 19 18 18 14 20 16 14 16 11 14 15 20 19 12 15 11 14 0 0 0 0 
0 0 0 0 0 0 0 0 0 0 0 0 0 0 0 0 12 11 19 14 10 12 18 18 10 20 17 18 17 19 16 17 0 0 0 0 0 0 0 0 
0 0 0 0 11 14 14 10 15 12 17 16 11 17 16 17 0 0 0 0 10 18 10 14 19 11 18 14 16 20 12 19 15 17 10 11 0 0 0 0 
0 0 0 0 0 0 0 0 0 0 0 0 0 0 0 0 0 0 0 0 0 0 0 0 0 0 0 0 0 0 0 0 0 0 0 0 13 13 18 16 
16 10 20 16 0 0 0 0 0 0 0 0 0 0 0 0 0 0 0 0 0 0 0 0 0 0 0 0 0 0 0 0 0 0 0 0 0 0 0 0 
0 0 0 0 11 14 14 14 11 18 13 14 0 0 0 0 0 0 0 0 19 19 14 20 16 20 18 18 0 0 0 0 10 13 10 14 0 0 0 0 
0 0 0 0 0 0 0 0 0 0 0 0 0 0 0 0 19 10 16 10 0 0 0 0 12 15 10 18 11 15 13 19 12 13 10 18 0 0 0 0 
0 0 0 0 10 20 19 16 0 0 0 0 10 18 19 12 18 12 18 15 12 18 13 18 18 18 14 10 12 17 11 11 12 12 16 10 0 0 0 0 
0 0 0 0 0 0 0 0 0 0 0 0 0 0 0 0 0 0 0 0 0 0 0 0 0 0 0 0 0 0 0 0 0 0 0 0 18 20 15 20 
19 14 17 12 0 0 0 0 0 0 0 0 0 0 0 0 0 0 0 0 0 0 0 0 0 0 0 0 0 0 0 0 0 0 0 0 0 0 0 0 
0 0 0 0 10 15 19 10 13 12 11 19 0 0 0 0 13 14 16 18 14 19 12 19 0 0 0 0 0 0 0 0 0 0 0 0 0 0 0 0 
0 0 0 0 0 0 0 0 18 11 15 17 0 0 0 0 11 11 12 16 19 11 14 18 18 12 15 11 10 18 14 18 12 12 20 12 0 0 0 0 
0 0 0 0 14 12 14 17 20 16 15 18 16 18 16 12 0 0 0 0 16 10 13 18 14 19 13 16 10 15 13 12 0 0 0 0 0 0 0 0 
0 0 0 0 0 0 0 0 0 0 0 0 0 0 0 0 0 0 0 0 0 0 0 0 0 0 0 0 0 0 0 0 0 0 0 0 11 18 16 11 
18 12 17 17 0 0 0 0 0 0 0 0 0 0 0 0 0 0 0 0 0 0 0 0 0 0 0 0 0 0 0 0 0 0 0 0 0 0 0 0 
0 0 0 0 14 16 18 11 17 19 12 16 10 15 12 15 12 17 19 18 0 0 0 0 20 12 11 13 12 20 12 13 16 13 12 19 0 0 0 0 
0 0 0 0 0 0 0 0 20 11 20 17 10 20 10 14 11 13 20 11 0 0 0 0 0 0 0 0 0 0 0 0 0 0 0 0 0 0 0 0 
0 0 0 0 0 0 0 0 0 0 0 0 15 19 16 11 15 13 12 20 19 16 19 17 13 16 12 15 19 17 19 19 12 15 15 12 0 0 0 0 
0 0 0 0 0 0 0 0 0 0 0 0 0 0 0 0 0 0 0 0 0 0 0 0 0 0 0 0 0 0 0 0 0 0 0 0 18 12 10 13 
18 15 16 15 0 0 0 0 0 0 0 0 0 0 0 0 0 0 0 0 0 0 0 0 0 0 0 0 0 0 0 0 0 0 0 0 0 0 0 0 
0 0 0 0 17 11 19 14 0 0 0 0 0 0 0 0 0 0 0 0 12 17 16 17 20 14 18 19 11 14 19 13 13 16 14 10 0 0 0 0 
0 0 0 0 0 0 0 0 14 16 13 20 0 0 0 0 0 0 0 0 0 0 0 0 0 0 0 0 0 0 0 0 0 0 0 0 0 0 0 0 
0 0 0 0 0 0 0 0 0 0 0 0 13 19 16 18 0 0 0 0 10 15 17 13 15 20 15 18 0 0 0 0 18 18 14 10 0 0 0 0 
0 0 0 0 0 0 0 0 0 0 0 0 0 0 0 0 0 0 0 0 0 0 0 0 0 0 0 0 0 0 0 0 0 0 0 0 11 10 18 19 
17 19 14 15 0 0 0 0 0 0 0 0 0 0 0 0 0 0 0 0 0 0 0 0 0 0 0 0 0 0 0 0 0 0 0 0 0 0 0 0 
0 0 0 0 0 0 0 0 0 0 0 0 0 0 0 0 0 0 0 0 12 18 13 10 0 0 0 0 0 0 0 0 0 0 0 0 0 0 0 0 
0 0 0 0 15 16 15 17 0 0 0 0 17 11 19 11 17 20 16 12 0 0 0 0 20 18 10 15 20 19 17 14 0 0 0 0 0 0 0 0 
0 0 0 0 0 0 0 0 0 0 0 0 0 0 0 0 0 0 0 0 0 0 0 0 0 0 0 0 0 0 0 0 10 11 12 13 0 0 0 0 
0 0 0 0 0 0 0 0 0 0 0 0 0 0 0 0 0 0 0 0 0 0 0 0 0 0 0 0 0 0 0 0 0 0 0 0 17 17 16 10 
11 15 11 19 0 0 0 0 0 0 0 0 0 0 0 0 0 0 0 0 0 0 0 0 0 0 0 0 0 0 0 0 0 0 0 0 0 0 0 0 
0 0 0 0 16 16 17 14 20 18 14 10 14 16 13 16 18 10 12 15 19 18 15 16 16 16 11 12 15 12 13 15 19 13 19 12 0 0 0 0 
0 0 0 0 10 18 15 16 15 16 20 15 0 0 0 0 17 14 13 20 12 17 10 16 12 12 13 20 12 19 18 13 17 19 19 17 0 0 0 0 
0 0 0 0 13 19 15 17 0 0 0 0 0 0 0 0 0 0 0 0 0 0 0 0 0 0 0 0 0 0 0 0 0 0 0 0 0 0 0 0 
0 0 0 0 0 0 0 0 0 0 0 0 0 0 0 0 0 0 0 0 0 0 0 0 0 0 0 0 0 0 0 0 0 0 0 0 10 14 18 18 
10 10 10 12 0 0 0 0 0 0 0 0 0 0 0 0 0 0 0 0 0 0 0 0 0 0 0 0 0 0 0 0 0 0 0 0 0 0 0 0 
0 0 0 0 13 11 12 17 20 12 12 12 19 18 13 14 17 11 18 11 17 10 19 17 10 10 16 18 19 20 11 13 13 20 14 20 0 0 0 0 
0 0 0 0 0 0 0 0 0 0 0 0 14 16 19 17 11 10 14 13 0 0 0 0 0 0 0 0 0 0 0 0 0 0 0 0 0 0 0 0 
0 0 0 0 13 20 18 14 20 16 15 16 13 17 11 16 11 12 16 18 0 0 0 0 13 15 20 19 11 16 13 20 10 10 15 12 0 0 0 0 
0 0 0 0 0 0 0 0 0 0 0 0 0 0 0 0 0 0 0 0 0 0 0 0 0 0 0 0 0 0 0 0 0 0 0 0 10 11 20 16 
17 18 10 10 0 0 0 0 0 0 0 0 0 0 0 0 0 0 0 0 0 0 0 0 0 0 0 0 0 0 0 0 0 0 0 0 0 0 0 0 
0 0 0 0 0 0 0 0 15 10 17 19 0 0 0 0 17 15 12 19 0 0 0 0 11 18 12 13 0 0 0 0 0 0 0 0 0 0 0 0 
0 0 0 0 0 0 0 0 18 16 14 15 0 0 0 0 10 12 15 10 14 19 16 13 14 20 19 20 0 0 0 0 0 0 0 0 0 0 0 0 
0 0 0 0 18 15 13 20 19 15 14 19 10 18 16 11 15 16 14 16 10 14 18 10 12 14 20 18 0 0 0 0 15 12 13 11 0 0 0 0 
0 0 0 0 0 0 0 0 0 0 0 0 0 0 0 0 0 0 0 0 0 0 0 0 0 0 0 0 0 0 0 0 0 0 0 0 17 20 20 14 
13 17 10 11 0 0 0 0 0 0 0 0 0 0 0 0 0 0 0 0 0 0 0 0 0 0 0 0 0 0 0 0 0 0 0 0 0 0 0 0 
0 0 0 0 18 20 19 17 12 17 19 16 0 0 0 0 13 11 18 14 11 18 11 19 20 17 18 12 0 0 0 0 0 0 0 0 0 0 0 0 
0 0 0 0 0 0 0 0 0 0 0 0 0 0 0 0 0 0 0 0 11 16 13 17 18 10 14 15 19 10 15 18 0 0 0 0 0 0 0 0 
0 0 0 0 0 0 0 0 0 0 0 0 17 17 16 10 0 0 0 0 0 0 0 0 0 0 0 0 10 15 13 13 0 0 0 0 0 0 0 0 
0 0 0 0 0 0 0 0 0 0 0 0 0 0 0 0 0 0 0 0 0 0 0 0 0 0 0 0 0 0 0 0 0 0 0 0 11 17 12 16 
17 14 14 18 0 0 0 0 0 0 0 0 0 0 0 0 0 0 0 0 0 0 0 0 0 0 0 0 0 0 0 0 0 0 0 0 0 0 0 0 
0 0 0 0 19 16 17 20 12 10 15 11 13 16 20 12 11 15 19 12 14 12 18 18 11 20 11 16 12 18 20 10 0 0 0 0 0 0 0 0 
0 0 0 0 19 14 15 19 11 10 15 16 20 16 16 16 10 10 20 11 18 20 15 18 0 0 0 0 11 15 18 19 13 19 18 12 0 0 0 0 
0 0 0 0 19 11 20 14 17 13 17 15 17 18 12 15 15 20 17 20 0 0 0 0 15 18 17 17 19 16 13 15 11 18 15 11 0 0 0 0 
0 0 0 0 0 0 0 0 0 0 0 0 0 0 0 0 0 0 0 0 0 0 0 0 0 0 0 0 0 0 0 0 0 0 0 0 11 19 15 14 
16 15 15 12 0 0 0 0 0 0 0 0 0 0 0 0 0 0 0 0 0 0 0 0 0 0 0 0 0 0 0 0 0 0 0 0 0 0 0 0 
0 0 0 0 20 15 12 17 18 13 17 16 20 10 12 11 13 11 17 20 0 0 0 0 11 16 15 17 10 19 11 15 15 11 18 18 0 0 0 0 
0 0 0 0 0 0 0 0 0 0 0 0 15 16 15 10 0 0 0 0 0 0 0 0 0 0 0 0 0 0 0 0 0 0 0 0 0 0 0 0 
0 0 0 0 13 13 17 12 10 19 13 11 18 12 13 17 19 15 19 13 13 17 13 20 16 18 13 13 16 18 12 11 15 17 13 19 0 0 0 0 
0 0 0 0 0 0 0 0 0 0 0 0 0 0 0 0 0 0 0 0 0 0 0 0 0 0 0 0 0 0 0 0 0 0 0 0 11 18 11 10 
16 12 12 20 0 0 0 0 0 0 0 0 0 0 0 0 0 0 0 0 0 0 0 0 0 0 0 0 0 0 0 0 0 0 0 0 0 0 0 0 
0 0 0 0 0 0 0 0 0 0 0 0 18 10 19 19 17 12 10 20 0 0 0 0 10 16 11 17 10 13 15 13 12 10 13 16 0 0 0 0 
0 0 0 0 20 16 14 19 14 13 19 17 14 14 12 12 0 0 0 0 15 20 11 15 20 11 19 15 14 18 15 14 10 10 14 20 0 0 0 0 
0 0 0 0 0 0 0 0 16 11 15 10 13 15 16 16 0 0 0 0 0 0 0 0 0 0 0 0 13 16 14 10 0 0 0 0 0 0 0 0 
0 0 0 0 0 0 0 0 0 0 0 0 0 0 0 0 0 0 0 0 0 0 0 0 0 0 0 0 0 0 0 0 0 0 0 0 19 10 15 16 
11 12 12 14 0 0 0 0 0 0 0 0 0 0 0 0 0 0 0 0 0 0 0 0 0 0 0 0 0 0 0 0 0 0 0 0 0 0 0 0 
0 0 0 0 0 0 0 0 0 0 0 0 19 10 11 15 0 0 0 0 0 0 0 0 19 14 16 10 0 0 0 0 14 12 16 18 0 0 0 0 
0 0 0 0 12 13 15 17 0 0 0 0 0 0 0 0 0 0 0 0 0 0 0 0 10 12 14 18 20 12 11 15 14 14 13 15 0 0 0 0 
0 0 0 0 0 0 0 0 0 0 0 0 0 0 0 0 11 10 18 15 0 0 0 0 0 0 0 0 19 17 20 12 0 0 0 0 0 0 0 0 
0 0 0 0 0 0 0 0 0 0 0 0 0 0 0 0 0 0 0 0 0 0 0 0 0 0 0 0 0 0 0 0 0 0 0 0 18 11 13 16 
19 18 13 15 0 0 0 0 0 0 0 0 0 0 0 0 0 0 0 0 0 0 0 0 0 0 0 0 0 0 0 0 0 0 0 0 0 0 0 0 
0 0 0 0 18 10 13 18 14 11 13 10 13 19 16 16 17 17 12 15 11 15 18 15 14 14 11 13 11 15 17 16 20 16 19 17 0 0 0 0 
0 0 0 0 0 0 0 0 11 18 12 16 0 0 0 0 0 0 0 0 0 0 0 0 0 0 0 0 0 0 0 0 0 0 0 0 0 0 0 0 
0 0 0 0 0 0 0 0 0 0 0 0 15 12 17 15 0 0 0 0 18 14 14 14 15 19 17 12 0 0 0 0 0 0 0 0 0 0 0 0 
0 0 0 0 0 0 0 0 0 0 0 0 0 0 0 0 0 0 0 0 0 0 0 0 0 0 0 0 0 0 0 0 0 0 0 0 15 14 17 14 
14 10 19 18 0 0 0 0 0 0 0 0 0 0 0 0 0 0 0 0 0 0 0 0 0 0 0 0 0 0 0 0 0 0 0 0 0 0 0 0 
0 0 0 0 0 0 0 0 14 11 17 20 18 13 11 13 0 0 0 0 18 16 20 17 19 16 14 11 19 18 14 17 15 16 18 10 0 0 0 0 
0 0 0 0 0 0 0 0 11 11 10 18 15 20 10 19 0 0 0 0 13 17 15 12 16 10 20 17 19 20 20 10 13 18 19 12 0 0 0 0 
0 0 0 0 0 0 0 0 0 0 0 0 0 0 0 0 0 0 0 0 0 0 0 0 0 0 0 0 19 16 20 10 18 11 15 10 0 0 0 0 
0 0 0 0 0 0 0 0 0 0 0 0 0 0 0 0 0 0 0 0 0 0 0 0 0 0 0 0 0 0 0 0 0 0 0 0 11 14 10 15 
18 16 17 18 0 0 0 0 0 0 0 0 0 0 0 0 0 0 0 0 0 0 0 0 0 0 0 0 0 0 0 0 0 0 0 0 0 0 0 0 
0 0 0 0 13 20 10 16 16 14 17 20 16 10 17 10 14 19 18 10 0 0 0 0 11 11 16 15 13 13 11 13 0 0 0 0 0 0 0 0 
0 0 0 0 10 18 18 20 0 0 0 0 0 0 0 0 11 18 11 11 0 0 0 0 0 0 0 0 17 11 12 18 12 10 20 20 0 0 0 0 
0 0 0 0 19 10 11 20 20 19 19 11 15 11 14 20 13 14 15 19 20 15 17 14 11 20 17 17 17 11 10 10 14 12 12 18 0 0 0 0 
0 0 0 0 0 0 0 0 0 0 0 0 0 0 0 0 0 0 0 0 0 0 0 0 0 0 0 0 0 0 0 0 0 0 0 0 17 16 19 17 
19 12 19 10 0 0 0 0 0 0 0 0 0 0 0 0 0 0 0 0 0 0 0 0 0 0 0 0 0 0 0 0 0 0 0 0 0 0 0 0 
0 0 0 0 20 10 11 10 14 11 16 19 20 18 19 13 18 15 17 15 15 10 15 12 16 14 13 17 20 12 18 13 15 15 12 13 0 0 0 0 
0 0 0 0 18 16 14 11 17 16 14 20 12 16 16 15 11 18 16 12 20 19 20 18 12 16 18 20 15 20 19 11 13 11 12 13 0 0 0 0 
0 0 0 0 0 0 0 0 0 0 0 0 0 0 0 0 0 0 0 0 0 0 0 0 0 0 0 0 20 15 10 16 11 20 20 13 0 0 0 0 
0 0 0 0 0 0 0 0 0 0 0 0 0 0 0 0 0 0 0 0 0 0 0 0 0 0 0 0 0 0 0 0 0 0 0 0 13 12 11 11 
11 13 16 12 0 0 0 0 0 0 0 0 0 0 0 0 0 0 0 0 0 0 0 0 0 0 0 0 0 0 0 0 0 0 0 0 0 0 0 0 
0 0 0 0 14 17 17 17 10 15 18 18 18 19 11 14 20 19 15 13 18 13 12 13 0 0 0 0 0 0 0 0 20 16 20 14 0 0 0 0 
0 0 0 0 0 0 0 0 16 13 14 10 16 15 15 15 15 13 18 13 0 0 0 0 0 0 0 0 0 0 0 0 13 14 11 15 0 0 0 0 
0 0 0 0 0 0 0 0 0 0 0 0 0 0 0 0 0 0 0 0 14 10 10 18 0 0 0 0 0 0 0 0 0 0 0 0 0 0 0 0 
0 0 0 0 0 0 0 0 0 0 0 0 0 0 0 0 0 0 0 0 0 0 0 0 0 0 0 0 0 0 0 0 0 0 0 0 13 11 10 10
---------------------
 
Distance between cells
Rows and Columns: correspond to cell number
0 419 94 55 385 203 196 263 450 359 224 89 77 292 
419 0 142 463 132 258 85 50 56 134 318 396 309 440 
94 142 0 189 500 453 155 59 383 131 384 197 157 289 
55 463 189 0 352 179 203 168 68 474 332 360 356 407 
385 132 500 352 0 321 137 393 127 143 430 329 120 294 
203 258 453 179 321 0 245 403 229 383 388 209 497 453 
196 85 155 203 137 245 0 111 429 233 383 485 303 460 
263 50 59 168 393 403 111 0 311 348 59 248 83 390 
450 56 383 68 127 229 429 311 0 242 223 436 499 476 
359 134 131 474 143 383 233 348 242 0 132 500 68 110 
224 318 384 332 430 388 383 59 223 132 0 280 346 331 
89 396 197 360 329 209 485 248 436 500 280 0 79 249 
77 309 157 356 120 497 303 83 499 68 346 79 0 146 
292 440 289 407 294 453 460 390 476 110 331 249 146 0
---------------------
 
Distribution of machines in cells   (1 -- if machine m is distributed in cell u;0 -- else) 
Rows: correspond to cell number; Columns: correspond to machine number
0 0 1 0 0 0 0 0 0 0 0 1 0 0 0 0 0 1 0 0 0 0 0 0 0 0 0 0 0 0 0 0 0 0 0 0 0 0 0 0 
0 0 0 0 0 0 0 0 0 0 0 0 0 0 0 0 1 0 0 0 1 0 0 1 0 0 0 0 0 0 0 0 0 0 1 0 0 0 0 0 
0 0 0 0 0 0 0 0 0 0 0 0 0 0 0 0 0 0 0 1 0 0 0 0 0 0 0 0 0 0 0 0 0 0 0 0 1 0 0 0 
0 0 0 0 0 0 0 0 0 0 0 0 0 0 0 0 0 0 0 0 0 0 0 0 1 0 0 0 0 0 0 0 0 0 0 1 0 0 0 0 
0 0 0 0 0 0 0 1 0 0 0 0 0 0 0 0 0 0 0 0 0 0 0 0 0 0 0 0 0 0 1 0 1 0 0 0 0 0 0 0 
0 1 0 0 0 0 0 0 0 0 0 0 0 0 0 0 0 0 0 0 0 0 0 0 0 0 1 0 0 0 0 0 0 0 0 0 0 0 0 0 
0 0 0 0 0 0 1 0 0 1 0 0 0 1 0 0 0 0 0 0 0 0 0 0 0 0 0 0 1 0 0 0 0 0 0 0 0 0 0 0 
0 0 0 1 0 0 0 0 0 0 0 0 0 0 0 0 0 0 0 0 0 1 0 0 0 0 0 0 0 0 0 0 0 0 0 0 0 0 0 0 
0 0 0 0 0 0 0 0 0 0 0 0 0 0 0 0 0 0 1 0 0 0 0 0 0 0 0 1 0 0 0 0 0 0 0 0 0 0 0 1 
0 0 0 0 0 0 0 0 0 0 0 0 0 0 1 0 0 0 0 0 0 0 1 0 0 0 0 0 0 0 0 0 0 0 0 0 0 0 0 0 
1 0 0 0 0 1 0 0 0 0 0 0 1 0 0 0 0 0 0 0 0 0 0 0 0 0 0 0 0 0 0 0 0 0 0 0 0 1 0 0 
0 0 0 0 1 0 0 0 0 0 0 0 0 0 0 0 0 0 0 0 0 0 0 0 0 0 0 0 0 0 0 1 0 0 0 0 0 0 1 0 
0 0 0 0 0 0 0 0 1 0 1 0 0 0 0 0 0 0 0 0 0 0 0 0 0 0 0 0 0 0 0 0 0 1 0 0 0 0 0 0 
0 0 0 0 0 0 0 0 0 0 0 0 0 0 0 1 0 0 0 0 0 0 0 0 0 1 0 0 0 1 0 0 0 0 0 0 0 0 0 0
---------------------
 
