Adaption from Behnke40

Number of operations for each part
5 5 5 5 5 5 5 5 5 5 5 5 5 5 5 5 5 5 5 5 5 5 5 5 5 5 5 5 5 5 5 5 5 5 5 5 5 5 5 5 5 5 5 5 5 5 5 5 5 5 5 5 5 5 5 5 5 5 5 5 5 5 5 5 5 5 5 5 5 5 5 5 5 5 5 5 5 5 5 5 5 5 5 5 5 5 5 5 5 5 5 5 5 5 5 5 5 5 5 5
---------------------
 
Processing time   (0 -- non-optional machine)
Rows: sequential for each operation of each part; Columns: correspond to machine number
10 15 12 15 0 0 0 0 0 0 0 0 0 0 0 0 0 0 0 0 0 0 0 0 0 0 0 0 0 0 0 0 0 0 0 0 0 0 0 0 
0 0 0 0 20 20 27 16 26 12 17 20 10 10 15 19 15 26 18 20 30 14 26 25 10 15 21 22 13 28 18 22 25 15 16 24 0 0 0 0 
0 0 0 0 0 0 0 0 28 28 27 20 22 28 20 23 0 0 0 0 0 0 0 0 0 0 0 0 0 0 0 0 0 0 0 0 0 0 0 0 
0 0 0 0 0 0 0 0 0 0 0 0 0 0 0 0 23 30 26 28 0 0 0 0 0 0 0 0 0 0 0 0 0 0 0 0 0 0 0 0 
0 0 0 0 0 0 0 0 0 0 0 0 0 0 0 0 0 0 0 0 0 0 0 0 0 0 0 0 0 0 0 0 0 0 0 0 21 20 24 29 
21 19 29 22 0 0 0 0 0 0 0 0 0 0 0 0 0 0 0 0 0 0 0 0 0 0 0 0 0 0 0 0 0 0 0 0 0 0 0 0 
0 0 0 0 0 0 0 0 0 0 0 0 0 0 0 0 30 16 27 15 0 0 0 0 0 0 0 0 30 25 13 20 0 0 0 0 0 0 0 0 
0 0 0 0 30 13 18 11 28 17 27 17 16 30 12 11 13 27 26 24 0 0 0 0 10 25 28 17 30 23 24 22 0 0 0 0 0 0 0 0 
0 0 0 0 10 26 28 27 0 0 0 0 0 0 0 0 0 0 0 0 0 0 0 0 0 0 0 0 0 0 0 0 0 0 0 0 0 0 0 0 
0 0 0 0 0 0 0 0 0 0 0 0 0 0 0 0 0 0 0 0 0 0 0 0 0 0 0 0 0 0 0 0 0 0 0 0 10 13 13 20 
23 17 13 26 0 0 0 0 0 0 0 0 0 0 0 0 0 0 0 0 0 0 0 0 0 0 0 0 0 0 0 0 0 0 0 0 0 0 0 0 
0 0 0 0 22 20 19 21 13 28 17 29 18 13 20 23 17 12 12 12 13 24 14 20 12 19 26 29 24 15 23 13 27 18 20 26 0 0 0 0 
0 0 0 0 0 0 0 0 17 14 28 14 0 0 0 0 14 13 10 17 15 10 15 16 0 0 0 0 23 25 10 26 0 0 0 0 0 0 0 0 
0 0 0 0 15 19 21 13 28 22 21 17 16 21 10 10 15 21 26 28 0 0 0 0 0 0 0 0 21 14 17 21 27 18 15 30 0 0 0 0 
0 0 0 0 0 0 0 0 0 0 0 0 0 0 0 0 0 0 0 0 0 0 0 0 0 0 0 0 0 0 0 0 0 0 0 0 13 30 14 14 
26 25 28 15 0 0 0 0 0 0 0 0 0 0 0 0 0 0 0 0 0 0 0 0 0 0 0 0 0 0 0 0 0 0 0 0 0 0 0 0 
0 0 0 0 16 24 17 13 0 0 0 0 0 0 0 0 0 0 0 0 27 28 17 14 12 10 21 15 22 23 14 24 27 21 27 10 0 0 0 0 
0 0 0 0 14 24 13 19 20 16 30 10 16 28 25 22 11 30 30 29 27 18 28 10 20 24 15 12 14 21 27 19 27 19 10 19 0 0 0 0 
0 0 0 0 0 0 0 0 0 0 0 0 19 15 25 16 0 0 0 0 0 0 0 0 0 0 0 0 0 0 0 0 0 0 0 0 0 0 0 0 
0 0 0 0 0 0 0 0 0 0 0 0 0 0 0 0 0 0 0 0 0 0 0 0 0 0 0 0 0 0 0 0 0 0 0 0 17 20 11 16 
26 27 13 21 0 0 0 0 0 0 0 0 0 0 0 0 0 0 0 0 0 0 0 0 0 0 0 0 0 0 0 0 0 0 0 0 0 0 0 0 
0 0 0 0 12 19 23 14 25 10 28 13 0 0 0 0 0 0 0 0 19 20 13 27 15 13 21 29 11 30 11 18 27 13 28 22 0 0 0 0 
0 0 0 0 0 0 0 0 0 0 0 0 0 0 0 0 0 0 0 0 0 0 0 0 0 0 0 0 0 0 0 0 21 15 29 12 0 0 0 0 
0 0 0 0 0 0 0 0 26 24 16 21 18 15 11 20 28 10 25 13 15 17 23 11 28 23 25 19 0 0 0 0 18 23 13 28 0 0 0 0 
0 0 0 0 0 0 0 0 0 0 0 0 0 0 0 0 0 0 0 0 0 0 0 0 0 0 0 0 0 0 0 0 0 0 0 0 25 22 17 13 
19 24 27 16 0 0 0 0 0 0 0 0 0 0 0 0 0 0 0 0 0 0 0 0 0 0 0 0 0 0 0 0 0 0 0 0 0 0 0 0 
0 0 0 0 20 14 21 13 10 27 10 30 10 30 21 23 15 21 30 10 0 0 0 0 24 22 22 20 19 10 26 16 20 17 15 19 0 0 0 0 
0 0 0 0 11 14 16 28 10 25 11 10 0 0 0 0 0 0 0 0 15 27 11 25 0 0 0 0 0 0 0 0 16 25 14 10 0 0 0 0 
0 0 0 0 27 17 28 22 23 16 26 16 21 20 26 30 17 18 19 12 23 27 10 26 0 0 0 0 24 27 16 24 16 26 19 21 0 0 0 0 
0 0 0 0 0 0 0 0 0 0 0 0 0 0 0 0 0 0 0 0 0 0 0 0 0 0 0 0 0 0 0 0 0 0 0 0 22 11 27 13 
20 27 17 17 0 0 0 0 0 0 0 0 0 0 0 0 0 0 0 0 0 0 0 0 0 0 0 0 0 0 0 0 0 0 0 0 0 0 0 0 
0 0 0 0 0 0 0 0 10 26 12 16 0 0 0 0 0 0 0 0 0 0 0 0 0 0 0 0 0 0 0 0 0 0 0 0 0 0 0 0 
0 0 0 0 0 0 0 0 0 0 0 0 13 13 12 30 16 13 20 14 0 0 0 0 0 0 0 0 29 29 18 13 20 27 22 22 0 0 0 0 
0 0 0 0 26 27 30 16 29 28 18 13 20 17 23 29 15 13 20 22 28 14 16 14 16 18 23 24 17 15 19 24 11 17 17 14 0 0 0 0 
0 0 0 0 0 0 0 0 0 0 0 0 0 0 0 0 0 0 0 0 0 0 0 0 0 0 0 0 0 0 0 0 0 0 0 0 29 25 25 25 
25 26 22 21 0 0 0 0 0 0 0 0 0 0 0 0 0 0 0 0 0 0 0 0 0 0 0 0 0 0 0 0 0 0 0 0 0 0 0 0 
0 0 0 0 24 15 26 23 28 27 14 19 15 17 12 28 14 22 15 26 28 10 14 28 18 14 22 28 0 0 0 0 12 16 30 18 0 0 0 0 
0 0 0 0 27 23 19 23 27 25 10 20 0 0 0 0 0 0 0 0 0 0 0 0 27 23 30 10 0 0 0 0 22 15 10 26 0 0 0 0 
0 0 0 0 26 16 13 23 0 0 0 0 0 0 0 0 0 0 0 0 24 11 23 17 0 0 0 0 0 0 0 0 24 29 30 12 0 0 0 0 
0 0 0 0 0 0 0 0 0 0 0 0 0 0 0 0 0 0 0 0 0 0 0 0 0 0 0 0 0 0 0 0 0 0 0 0 22 14 21 24 
27 17 10 24 0 0 0 0 0 0 0 0 0 0 0 0 0 0 0 0 0 0 0 0 0 0 0 0 0 0 0 0 0 0 0 0 0 0 0 0 
0 0 0 0 0 0 0 0 0 0 0 0 0 0 0 0 0 0 0 0 26 23 13 29 20 10 20 27 22 28 22 19 28 27 25 24 0 0 0 0 
0 0 0 0 11 14 18 18 0 0 0 0 0 0 0 0 14 22 24 14 17 28 13 10 0 0 0 0 0 0 0 0 11 14 10 19 0 0 0 0 
0 0 0 0 18 15 22 24 10 18 25 10 12 23 12 22 14 25 21 25 24 14 12 28 12 15 17 19 0 0 0 0 17 10 12 22 0 0 0 0 
0 0 0 0 0 0 0 0 0 0 0 0 0 0 0 0 0 0 0 0 0 0 0 0 0 0 0 0 0 0 0 0 0 0 0 0 19 10 12 16 
10 17 19 16 0 0 0 0 0 0 0 0 0 0 0 0 0 0 0 0 0 0 0 0 0 0 0 0 0 0 0 0 0 0 0 0 0 0 0 0 
0 0 0 0 0 0 0 0 0 0 0 0 22 17 12 19 22 13 14 19 18 13 30 14 21 18 25 30 10 10 22 30 0 0 0 0 0 0 0 0 
0 0 0 0 0 0 0 0 16 15 18 25 18 25 29 19 30 10 20 13 22 18 19 24 25 24 28 26 0 0 0 0 0 0 0 0 0 0 0 0 
0 0 0 0 18 11 23 10 14 30 20 18 12 22 23 30 23 11 28 23 20 24 29 22 19 23 12 15 26 28 28 23 19 22 15 18 0 0 0 0 
0 0 0 0 0 0 0 0 0 0 0 0 0 0 0 0 0 0 0 0 0 0 0 0 0 0 0 0 0 0 0 0 0 0 0 0 17 21 20 13 
13 16 14 18 0 0 0 0 0 0 0 0 0 0 0 0 0 0 0 0 0 0 0 0 0 0 0 0 0 0 0 0 0 0 0 0 0 0 0 0 
0 0 0 0 24 24 24 10 23 24 25 22 20 13 18 19 30 17 22 12 0 0 0 0 28 29 16 12 13 21 14 20 16 19 10 29 0 0 0 0 
0 0 0 0 26 24 11 11 18 22 10 22 0 0 0 0 0 0 0 0 24 20 12 10 29 14 20 29 14 10 30 20 0 0 0 0 0 0 0 0 
0 0 0 0 0 0 0 0 0 0 0 0 0 0 0 0 0 0 0 0 16 15 14 18 14 25 13 20 0 0 0 0 0 0 0 0 0 0 0 0 
0 0 0 0 0 0 0 0 0 0 0 0 0 0 0 0 0 0 0 0 0 0 0 0 0 0 0 0 0 0 0 0 0 0 0 0 13 13 12 25 
13 13 11 18 0 0 0 0 0 0 0 0 0 0 0 0 0 0 0 0 0 0 0 0 0 0 0 0 0 0 0 0 0 0 0 0 0 0 0 0 
0 0 0 0 0 0 0 0 11 15 10 17 16 17 24 17 0 0 0 0 0 0 0 0 0 0 0 0 12 13 13 29 0 0 0 0 0 0 0 0 
0 0 0 0 18 28 12 25 0 0 0 0 0 0 0 0 0 0 0 0 19 23 13 18 0 0 0 0 0 0 0 0 0 0 0 0 0 0 0 0 
0 0 0 0 0 0 0 0 20 20 22 28 0 0 0 0 0 0 0 0 0 0 0 0 29 26 26 28 0 0 0 0 0 0 0 0 0 0 0 0 
0 0 0 0 0 0 0 0 0 0 0 0 0 0 0 0 0 0 0 0 0 0 0 0 0 0 0 0 0 0 0 0 0 0 0 0 27 15 17 29 
19 30 26 16 0 0 0 0 0 0 0 0 0 0 0 0 0 0 0 0 0 0 0 0 0 0 0 0 0 0 0 0 0 0 0 0 0 0 0 0 
0 0 0 0 26 26 29 25 0 0 0 0 0 0 0 0 0 0 0 0 24 27 13 11 0 0 0 0 30 29 24 16 0 0 0 0 0 0 0 0 
0 0 0 0 27 14 16 28 19 12 18 10 24 14 30 14 20 22 20 19 14 18 29 21 15 13 23 27 25 14 21 21 14 14 24 15 0 0 0 0 
0 0 0 0 21 13 10 28 0 0 0 0 0 0 0 0 0 0 0 0 0 0 0 0 24 26 22 16 0 0 0 0 20 30 21 15 0 0 0 0 
0 0 0 0 0 0 0 0 0 0 0 0 0 0 0 0 0 0 0 0 0 0 0 0 0 0 0 0 0 0 0 0 0 0 0 0 21 25 15 19 
22 18 24 10 0 0 0 0 0 0 0 0 0 0 0 0 0 0 0 0 0 0 0 0 0 0 0 0 0 0 0 0 0 0 0 0 0 0 0 0 
0 0 0 0 13 18 29 11 13 18 24 18 0 0 0 0 11 29 27 11 21 19 26 28 0 0 0 0 10 23 21 13 13 18 15 18 0 0 0 0 
0 0 0 0 25 11 17 28 0 0 0 0 0 0 0 0 0 0 0 0 0 0 0 0 16 27 12 29 0 0 0 0 0 0 0 0 0 0 0 0 
0 0 0 0 30 18 21 15 27 19 19 17 18 30 13 17 15 22 17 19 0 0 0 0 0 0 0 0 16 23 17 18 19 29 16 14 0 0 0 0 
0 0 0 0 0 0 0 0 0 0 0 0 0 0 0 0 0 0 0 0 0 0 0 0 0 0 0 0 0 0 0 0 0 0 0 0 12 10 23 21 
17 30 13 26 0 0 0 0 0 0 0 0 0 0 0 0 0 0 0 0 0 0 0 0 0 0 0 0 0 0 0 0 0 0 0 0 0 0 0 0 
0 0 0 0 0 0 0 0 30 20 21 14 0 0 0 0 0 0 0 0 21 25 16 25 21 25 11 26 0 0 0 0 0 0 0 0 0 0 0 0 
0 0 0 0 12 29 28 13 0 0 0 0 0 0 0 0 0 0 0 0 0 0 0 0 0 0 0 0 0 0 0 0 0 0 0 0 0 0 0 0 
0 0 0 0 0 0 0 0 0 0 0 0 0 0 0 0 0 0 0 0 0 0 0 0 0 0 0 0 23 20 17 16 15 17 27 26 0 0 0 0 
0 0 0 0 0 0 0 0 0 0 0 0 0 0 0 0 0 0 0 0 0 0 0 0 0 0 0 0 0 0 0 0 0 0 0 0 16 14 15 15 
24 12 23 11 0 0 0 0 0 0 0 0 0 0 0 0 0 0 0 0 0 0 0 0 0 0 0 0 0 0 0 0 0 0 0 0 0 0 0 0 
0 0 0 0 0 0 0 0 0 0 0 0 0 0 0 0 0 0 0 0 0 0 0 0 17 20 20 22 0 0 0 0 0 0 0 0 0 0 0 0 
0 0 0 0 11 14 29 16 30 26 11 20 16 24 19 23 18 10 22 12 24 21 24 14 0 0 0 0 0 0 0 0 16 22 26 14 0 0 0 0 
0 0 0 0 0 0 0 0 0 0 0 0 30 21 19 19 0 0 0 0 0 0 0 0 0 0 0 0 0 0 0 0 0 0 0 0 0 0 0 0 
0 0 0 0 0 0 0 0 0 0 0 0 0 0 0 0 0 0 0 0 0 0 0 0 0 0 0 0 0 0 0 0 0 0 0 0 13 10 20 18 
19 23 12 17 0 0 0 0 0 0 0 0 0 0 0 0 0 0 0 0 0 0 0 0 0 0 0 0 0 0 0 0 0 0 0 0 0 0 0 0 
0 0 0 0 0 0 0 0 0 0 0 0 30 11 29 26 0 0 0 0 27 29 17 16 21 17 20 30 0 0 0 0 21 28 15 20 0 0 0 0 
0 0 0 0 0 0 0 0 13 12 24 30 16 20 17 24 19 23 20 29 14 15 13 18 26 23 18 13 15 30 30 24 14 17 18 11 0 0 0 0 
0 0 0 0 0 0 0 0 0 0 0 0 25 26 12 12 19 19 20 15 0 0 0 0 0 0 0 0 0 0 0 0 22 15 29 12 0 0 0 0 
0 0 0 0 0 0 0 0 0 0 0 0 0 0 0 0 0 0 0 0 0 0 0 0 0 0 0 0 0 0 0 0 0 0 0 0 12 18 17 27 
10 12 30 30 0 0 0 0 0 0 0 0 0 0 0 0 0 0 0 0 0 0 0 0 0 0 0 0 0 0 0 0 0 0 0 0 0 0 0 0 
0 0 0 0 23 20 16 10 0 0 0 0 20 14 14 13 24 18 24 28 15 30 30 24 26 29 11 15 16 14 16 30 29 29 25 15 0 0 0 0 
0 0 0 0 11 26 28 11 11 16 30 12 11 29 27 30 18 17 26 11 23 10 19 23 26 13 22 27 18 18 24 14 12 13 30 10 0 0 0 0 
0 0 0 0 15 11 12 27 19 10 12 26 14 27 24 18 16 26 13 11 30 29 14 19 10 12 17 19 27 18 21 12 28 29 21 30 0 0 0 0 
0 0 0 0 0 0 0 0 0 0 0 0 0 0 0 0 0 0 0 0 0 0 0 0 0 0 0 0 0 0 0 0 0 0 0 0 23 27 26 30 
29 30 28 29 0 0 0 0 0 0 0 0 0 0 0 0 0 0 0 0 0 0 0 0 0 0 0 0 0 0 0 0 0 0 0 0 0 0 0 0 
0 0 0 0 0 0 0 0 17 29 21 15 0 0 0 0 0 0 0 0 0 0 0 0 17 10 28 14 17 22 20 23 0 0 0 0 0 0 0 0 
0 0 0 0 12 16 21 15 24 16 21 22 20 27 16 18 14 27 28 24 29 30 14 19 28 27 20 24 0 0 0 0 14 17 22 28 0 0 0 0 
0 0 0 0 12 23 30 28 0 0 0 0 0 0 0 0 0 0 0 0 0 0 0 0 0 0 0 0 0 0 0 0 0 0 0 0 0 0 0 0 
0 0 0 0 0 0 0 0 0 0 0 0 0 0 0 0 0 0 0 0 0 0 0 0 0 0 0 0 0 0 0 0 0 0 0 0 16 28 21 18 
27 30 12 29 0 0 0 0 0 0 0 0 0 0 0 0 0 0 0 0 0 0 0 0 0 0 0 0 0 0 0 0 0 0 0 0 0 0 0 0 
0 0 0 0 0 0 0 0 0 0 0 0 0 0 0 0 0 0 0 0 16 13 11 19 0 0 0 0 0 0 0 0 16 20 25 30 0 0 0 0 
0 0 0 0 16 16 15 17 0 0 0 0 0 0 0 0 26 26 27 12 30 25 30 22 10 30 20 22 14 21 10 30 11 14 16 12 0 0 0 0 
0 0 0 0 15 12 14 28 21 27 29 19 0 0 0 0 14 23 13 12 24 27 22 26 12 26 22 18 12 17 19 24 10 10 24 22 0 0 0 0 
0 0 0 0 0 0 0 0 0 0 0 0 0 0 0 0 0 0 0 0 0 0 0 0 0 0 0 0 0 0 0 0 0 0 0 0 27 29 22 28 
25 30 10 14 0 0 0 0 0 0 0 0 0 0 0 0 0 0 0 0 0 0 0 0 0 0 0 0 0 0 0 0 0 0 0 0 0 0 0 0 
0 0 0 0 28 12 24 10 18 10 26 18 24 20 22 16 16 11 24 29 0 0 0 0 0 0 0 0 0 0 0 0 0 0 0 0 0 0 0 0 
0 0 0 0 0 0 0 0 20 11 22 27 0 0 0 0 16 21 12 30 22 26 17 27 17 13 29 25 13 20 25 28 24 18 24 30 0 0 0 0 
0 0 0 0 10 23 27 12 0 0 0 0 0 0 0 0 0 0 0 0 26 16 28 23 10 18 24 18 0 0 0 0 26 20 21 24 0 0 0 0 
0 0 0 0 0 0 0 0 0 0 0 0 0 0 0 0 0 0 0 0 0 0 0 0 0 0 0 0 0 0 0 0 0 0 0 0 14 10 15 30 
10 10 20 14 0 0 0 0 0 0 0 0 0 0 0 0 0 0 0 0 0 0 0 0 0 0 0 0 0 0 0 0 0 0 0 0 0 0 0 0 
0 0 0 0 21 28 29 14 27 27 11 12 14 15 18 21 23 22 20 10 0 0 0 0 14 13 21 26 25 29 15 12 19 11 21 19 0 0 0 0 
0 0 0 0 19 13 10 30 22 19 14 14 0 0 0 0 22 23 24 17 20 21 14 28 13 20 10 20 0 0 0 0 30 16 23 12 0 0 0 0 
0 0 0 0 29 19 17 30 17 25 30 14 13 17 18 18 17 27 15 17 16 24 12 12 0 0 0 0 27 18 15 26 24 10 15 28 0 0 0 0 
0 0 0 0 0 0 0 0 0 0 0 0 0 0 0 0 0 0 0 0 0 0 0 0 0 0 0 0 0 0 0 0 0 0 0 0 12 11 26 14 
23 26 26 25 0 0 0 0 0 0 0 0 0 0 0 0 0 0 0 0 0 0 0 0 0 0 0 0 0 0 0 0 0 0 0 0 0 0 0 0 
0 0 0 0 0 0 0 0 0 0 0 0 0 0 0 0 16 13 19 27 0 0 0 0 28 13 29 13 12 29 27 20 19 14 13 21 0 0 0 0 
0 0 0 0 0 0 0 0 28 25 12 14 0 0 0 0 25 18 24 17 0 0 0 0 0 0 0 0 30 16 26 13 0 0 0 0 0 0 0 0 
0 0 0 0 0 0 0 0 26 22 25 18 0 0 0 0 0 0 0 0 0 0 0 0 0 0 0 0 0 0 0 0 0 0 0 0 0 0 0 0 
0 0 0 0 0 0 0 0 0 0 0 0 0 0 0 0 0 0 0 0 0 0 0 0 0 0 0 0 0 0 0 0 0 0 0 0 19 29 20 30 
10 12 13 10 0 0 0 0 0 0 0 0 0 0 0 0 0 0 0 0 0 0 0 0 0 0 0 0 0 0 0 0 0 0 0 0 0 0 0 0 
0 0 0 0 0 0 0 0 0 0 0 0 18 15 13 19 0 0 0 0 0 0 0 0 0 0 0 0 0 0 0 0 0 0 0 0 0 0 0 0 
0 0 0 0 26 29 27 29 30 23 23 18 10 27 17 24 11 26 22 10 29 10 21 15 21 10 19 21 25 28 20 29 10 16 22 10 0 0 0 0 
0 0 0 0 0 0 0 0 0 0 0 0 26 24 25 23 0 0 0 0 23 24 24 25 0 0 0 0 0 0 0 0 0 0 0 0 0 0 0 0 
0 0 0 0 0 0 0 0 0 0 0 0 0 0 0 0 0 0 0 0 0 0 0 0 0 0 0 0 0 0 0 0 0 0 0 0 27 24 10 25 
28 11 12 16 0 0 0 0 0 0 0 0 0 0 0 0 0 0 0 0 0 0 0 0 0 0 0 0 0 0 0 0 0 0 0 0 0 0 0 0 
0 0 0 0 20 27 16 19 21 14 30 15 19 30 24 18 26 14 11 19 11 24 11 25 29 15 12 19 18 23 18 15 14 18 24 12 0 0 0 0 
0 0 0 0 19 16 13 24 0 0 0 0 0 0 0 0 0 0 0 0 11 25 20 10 14 29 21 17 14 11 17 11 0 0 0 0 0 0 0 0 
0 0 0 0 14 11 30 29 0 0 0 0 29 13 15 15 21 10 11 19 0 0 0 0 15 14 17 27 0 0 0 0 25 20 23 26 0 0 0 0 
0 0 0 0 0 0 0 0 0 0 0 0 0 0 0 0 0 0 0 0 0 0 0 0 0 0 0 0 0 0 0 0 0 0 0 0 19 11 15 13 
13 11 24 30 0 0 0 0 0 0 0 0 0 0 0 0 0 0 0 0 0 0 0 0 0 0 0 0 0 0 0 0 0 0 0 0 0 0 0 0 
0 0 0 0 14 18 23 24 23 23 24 16 0 0 0 0 19 15 21 19 19 20 27 13 0 0 0 0 14 17 26 30 0 0 0 0 0 0 0 0 
0 0 0 0 0 0 0 0 15 25 30 27 17 30 10 29 10 19 17 26 23 12 17 15 0 0 0 0 0 0 0 0 27 11 23 28 0 0 0 0 
0 0 0 0 0 0 0 0 0 0 0 0 0 0 0 0 28 27 12 29 0 0 0 0 0 0 0 0 26 15 26 30 0 0 0 0 0 0 0 0 
0 0 0 0 0 0 0 0 0 0 0 0 0 0 0 0 0 0 0 0 0 0 0 0 0 0 0 0 0 0 0 0 0 0 0 0 16 27 15 25 
24 23 25 25 0 0 0 0 0 0 0 0 0 0 0 0 0 0 0 0 0 0 0 0 0 0 0 0 0 0 0 0 0 0 0 0 0 0 0 0 
0 0 0 0 20 20 25 13 0 0 0 0 0 0 0 0 0 0 0 0 0 0 0 0 0 0 0 0 0 0 0 0 0 0 0 0 0 0 0 0 
0 0 0 0 28 18 18 22 18 12 20 27 0 0 0 0 29 11 13 17 16 24 19 24 30 13 16 26 25 22 11 27 29 29 27 24 0 0 0 0 
0 0 0 0 15 23 15 23 16 30 23 11 20 27 27 24 20 28 21 29 20 10 14 14 0 0 0 0 11 13 15 23 18 16 22 16 0 0 0 0 
0 0 0 0 0 0 0 0 0 0 0 0 0 0 0 0 0 0 0 0 0 0 0 0 0 0 0 0 0 0 0 0 0 0 0 0 24 14 19 21 
15 21 24 28 0 0 0 0 0 0 0 0 0 0 0 0 0 0 0 0 0 0 0 0 0 0 0 0 0 0 0 0 0 0 0 0 0 0 0 0 
0 0 0 0 12 15 19 18 22 28 11 24 25 22 16 19 28 14 18 22 0 0 0 0 17 10 25 27 0 0 0 0 30 24 14 11 0 0 0 0 
0 0 0 0 24 12 11 24 27 23 11 22 0 0 0 0 29 16 11 25 20 28 19 11 23 11 16 18 15 25 15 11 28 13 12 19 0 0 0 0 
0 0 0 0 0 0 0 0 0 0 0 0 0 0 0 0 29 24 16 12 0 0 0 0 16 29 17 22 14 13 27 26 0 0 0 0 0 0 0 0 
0 0 0 0 0 0 0 0 0 0 0 0 0 0 0 0 0 0 0 0 0 0 0 0 0 0 0 0 0 0 0 0 0 0 0 0 30 22 23 29 
11 27 14 23 0 0 0 0 0 0 0 0 0 0 0 0 0 0 0 0 0 0 0 0 0 0 0 0 0 0 0 0 0 0 0 0 0 0 0 0 
0 0 0 0 20 12 25 25 0 0 0 0 21 12 25 11 30 23 24 17 27 13 17 18 19 30 15 30 18 11 15 16 28 22 17 21 0 0 0 0 
0 0 0 0 13 15 12 30 0 0 0 0 0 0 0 0 0 0 0 0 0 0 0 0 0 0 0 0 0 0 0 0 0 0 0 0 0 0 0 0 
0 0 0 0 13 29 29 14 0 0 0 0 0 0 0 0 0 0 0 0 0 0 0 0 0 0 0 0 0 0 0 0 0 0 0 0 0 0 0 0 
0 0 0 0 0 0 0 0 0 0 0 0 0 0 0 0 0 0 0 0 0 0 0 0 0 0 0 0 0 0 0 0 0 0 0 0 25 21 17 12 
13 30 24 19 0 0 0 0 0 0 0 0 0 0 0 0 0 0 0 0 0 0 0 0 0 0 0 0 0 0 0 0 0 0 0 0 0 0 0 0 
0 0 0 0 11 17 14 18 0 0 0 0 0 0 0 0 0 0 0 0 0 0 0 0 15 20 17 29 0 0 0 0 0 0 0 0 0 0 0 0 
0 0 0 0 12 16 27 14 25 14 28 29 0 0 0 0 20 25 14 29 28 18 21 21 11 29 12 30 28 21 20 14 30 11 16 17 0 0 0 0 
0 0 0 0 0 0 0 0 0 0 0 0 0 0 0 0 11 30 29 13 27 25 16 26 30 14 19 11 19 15 26 20 0 0 0 0 0 0 0 0 
0 0 0 0 0 0 0 0 0 0 0 0 0 0 0 0 0 0 0 0 0 0 0 0 0 0 0 0 0 0 0 0 0 0 0 0 19 19 11 22 
17 23 19 12 0 0 0 0 0 0 0 0 0 0 0 0 0 0 0 0 0 0 0 0 0 0 0 0 0 0 0 0 0 0 0 0 0 0 0 0 
0 0 0 0 24 30 25 13 0 0 0 0 25 20 24 14 27 21 17 26 17 16 25 12 20 14 22 13 0 0 0 0 14 23 28 27 0 0 0 0 
0 0 0 0 0 0 0 0 0 0 0 0 0 0 0 0 0 0 0 0 0 0 0 0 12 25 28 27 0 0 0 0 19 24 27 29 0 0 0 0 
0 0 0 0 22 18 27 10 11 29 25 14 0 0 0 0 14 22 29 13 16 26 12 30 28 28 10 12 0 0 0 0 19 21 24 30 0 0 0 0 
0 0 0 0 0 0 0 0 0 0 0 0 0 0 0 0 0 0 0 0 0 0 0 0 0 0 0 0 0 0 0 0 0 0 0 0 16 22 23 29 
25 10 26 20 0 0 0 0 0 0 0 0 0 0 0 0 0 0 0 0 0 0 0 0 0 0 0 0 0 0 0 0 0 0 0 0 0 0 0 0 
0 0 0 0 18 19 28 16 0 0 0 0 0 0 0 0 0 0 0 0 0 0 0 0 0 0 0 0 0 0 0 0 28 10 19 16 0 0 0 0 
0 0 0 0 0 0 0 0 27 17 13 20 26 29 13 14 11 27 17 13 25 17 18 18 26 18 11 16 25 24 20 10 22 29 14 14 0 0 0 0 
0 0 0 0 21 14 13 29 23 17 21 20 20 18 18 20 26 11 22 13 23 28 20 17 20 30 19 24 19 19 12 26 14 15 14 18 0 0 0 0 
0 0 0 0 0 0 0 0 0 0 0 0 0 0 0 0 0 0 0 0 0 0 0 0 0 0 0 0 0 0 0 0 0 0 0 0 14 25 18 28 
18 17 24 27 0 0 0 0 0 0 0 0 0 0 0 0 0 0 0 0 0 0 0 0 0 0 0 0 0 0 0 0 0 0 0 0 0 0 0 0 
0 0 0 0 0 0 0 0 0 0 0 0 0 0 0 0 0 0 0 0 17 22 10 19 18 27 10 12 0 0 0 0 0 0 0 0 0 0 0 0 
0 0 0 0 0 0 0 0 29 24 12 18 0 0 0 0 17 29 12 19 10 15 29 14 10 27 27 12 0 0 0 0 26 29 17 30 0 0 0 0 
0 0 0 0 0 0 0 0 0 0 0 0 0 0 0 0 15 15 20 20 0 0 0 0 30 16 13 17 0 0 0 0 0 0 0 0 0 0 0 0 
0 0 0 0 0 0 0 0 0 0 0 0 0 0 0 0 0 0 0 0 0 0 0 0 0 0 0 0 0 0 0 0 0 0 0 0 28 17 18 30 
29 26 16 12 0 0 0 0 0 0 0 0 0 0 0 0 0 0 0 0 0 0 0 0 0 0 0 0 0 0 0 0 0 0 0 0 0 0 0 0 
0 0 0 0 0 0 0 0 15 26 10 15 0 0 0 0 0 0 0 0 0 0 0 0 0 0 0 0 0 0 0 0 12 19 21 11 0 0 0 0 
0 0 0 0 14 10 24 10 0 0 0 0 0 0 0 0 0 0 0 0 21 13 19 21 16 28 28 11 23 22 23 16 0 0 0 0 0 0 0 0 
0 0 0 0 23 30 22 18 25 14 21 26 18 26 14 30 0 0 0 0 0 0 0 0 0 0 0 0 25 24 17 17 0 0 0 0 0 0 0 0 
0 0 0 0 0 0 0 0 0 0 0 0 0 0 0 0 0 0 0 0 0 0 0 0 0 0 0 0 0 0 0 0 0 0 0 0 26 17 18 25 
23 19 19 22 0 0 0 0 0 0 0 0 0 0 0 0 0 0 0 0 0 0 0 0 0 0 0 0 0 0 0 0 0 0 0 0 0 0 0 0 
0 0 0 0 0 0 0 0 0 0 0 0 0 0 0 0 22 24 11 23 0 0 0 0 0 0 0 0 24 26 21 17 0 0 0 0 0 0 0 0 
0 0 0 0 16 30 11 16 0 0 0 0 12 17 22 10 20 20 29 12 0 0 0 0 0 0 0 0 14 24 26 29 0 0 0 0 0 0 0 0 
0 0 0 0 29 20 20 27 0 0 0 0 26 17 20 25 26 29 24 15 30 30 23 29 0 0 0 0 0 0 0 0 30 11 20 22 0 0 0 0 
0 0 0 0 0 0 0 0 0 0 0 0 0 0 0 0 0 0 0 0 0 0 0 0 0 0 0 0 0 0 0 0 0 0 0 0 25 10 23 23 
13 12 20 22 0 0 0 0 0 0 0 0 0 0 0 0 0 0 0 0 0 0 0 0 0 0 0 0 0 0 0 0 0 0 0 0 0 0 0 0 
0 0 0 0 11 18 26 29 0 0 0 0 0 0 0 0 0 0 0 0 28 14 19 19 12 15 27 16 0 0 0 0 0 0 0 0 0 0 0 0 
0 0 0 0 12 23 20 23 19 24 14 23 19 21 15 15 0 0 0 0 0 0 0 0 0 0 0 0 0 0 0 0 10 22 15 15 0 0 0 0 
0 0 0 0 0 0 0 0 0 0 0 0 0 0 0 0 20 15 11 26 25 21 25 16 24 10 26 16 0 0 0 0 23 23 28 24 0 0 0 0 
0 0 0 0 0 0 0 0 0 0 0 0 0 0 0 0 0 0 0 0 0 0 0 0 0 0 0 0 0 0 0 0 0 0 0 0 13 13 18 29 
18 22 27 15 0 0 0 0 0 0 0 0 0 0 0 0 0 0 0 0 0 0 0 0 0 0 0 0 0 0 0 0 0 0 0 0 0 0 0 0 
0 0 0 0 26 22 29 28 29 15 27 20 0 0 0 0 30 18 16 17 26 26 14 30 16 14 30 13 22 17 10 17 24 24 29 26 0 0 0 0 
0 0 0 0 30 16 19 19 0 0 0 0 0 0 0 0 30 15 19 19 0 0 0 0 0 0 0 0 0 0 0 0 0 0 0 0 0 0 0 0 
0 0 0 0 19 10 16 11 0 0 0 0 28 17 24 15 21 19 22 13 20 22 28 10 0 0 0 0 26 25 22 23 0 0 0 0 0 0 0 0 
0 0 0 0 0 0 0 0 0 0 0 0 0 0 0 0 0 0 0 0 0 0 0 0 0 0 0 0 0 0 0 0 0 0 0 0 22 14 21 21 
21 28 14 11 0 0 0 0 0 0 0 0 0 0 0 0 0 0 0 0 0 0 0 0 0 0 0 0 0 0 0 0 0 0 0 0 0 0 0 0 
0 0 0 0 19 21 25 15 0 0 0 0 23 22 22 22 30 11 20 21 0 0 0 0 0 0 0 0 0 0 0 0 21 18 10 13 0 0 0 0 
0 0 0 0 0 0 0 0 0 0 0 0 20 13 22 11 0 0 0 0 0 0 0 0 24 25 21 13 0 0 0 0 21 30 29 20 0 0 0 0 
0 0 0 0 19 27 14 12 30 11 14 14 21 10 21 27 16 12 19 12 0 0 0 0 21 25 17 26 0 0 0 0 30 19 11 26 0 0 0 0 
0 0 0 0 0 0 0 0 0 0 0 0 0 0 0 0 0 0 0 0 0 0 0 0 0 0 0 0 0 0 0 0 0 0 0 0 11 26 27 10 
20 10 27 12 0 0 0 0 0 0 0 0 0 0 0 0 0 0 0 0 0 0 0 0 0 0 0 0 0 0 0 0 0 0 0 0 0 0 0 0 
0 0 0 0 0 0 0 0 0 0 0 0 0 0 0 0 0 0 0 0 11 11 27 16 0 0 0 0 0 0 0 0 0 0 0 0 0 0 0 0 
0 0 0 0 0 0 0 0 0 0 0 0 0 0 0 0 0 0 0 0 0 0 0 0 12 23 10 18 0 0 0 0 0 0 0 0 0 0 0 0 
0 0 0 0 30 19 29 13 30 11 18 28 0 0 0 0 27 25 28 21 13 12 10 21 22 12 29 26 10 10 30 27 0 0 0 0 0 0 0 0 
0 0 0 0 0 0 0 0 0 0 0 0 0 0 0 0 0 0 0 0 0 0 0 0 0 0 0 0 0 0 0 0 0 0 0 0 22 29 29 25 
22 11 16 11 0 0 0 0 0 0 0 0 0 0 0 0 0 0 0 0 0 0 0 0 0 0 0 0 0 0 0 0 0 0 0 0 0 0 0 0 
0 0 0 0 0 0 0 0 25 15 27 21 0 0 0 0 0 0 0 0 0 0 0 0 0 0 0 0 0 0 0 0 0 0 0 0 0 0 0 0 
0 0 0 0 15 15 26 27 16 18 13 28 0 0 0 0 27 20 30 15 0 0 0 0 0 0 0 0 0 0 0 0 17 17 25 21 0 0 0 0 
0 0 0 0 0 0 0 0 19 16 20 20 28 16 11 16 22 30 22 17 17 15 10 20 0 0 0 0 10 29 20 28 20 30 12 13 0 0 0 0 
0 0 0 0 0 0 0 0 0 0 0 0 0 0 0 0 0 0 0 0 0 0 0 0 0 0 0 0 0 0 0 0 0 0 0 0 26 20 12 23 
17 17 27 24 0 0 0 0 0 0 0 0 0 0 0 0 0 0 0 0 0 0 0 0 0 0 0 0 0 0 0 0 0 0 0 0 0 0 0 0 
0 0 0 0 30 28 17 19 10 12 29 10 30 28 14 12 0 0 0 0 0 0 0 0 11 24 24 28 24 11 14 28 0 0 0 0 0 0 0 0 
0 0 0 0 23 10 25 18 14 19 10 17 0 0 0 0 15 22 25 18 0 0 0 0 12 30 17 17 0 0 0 0 11 30 25 24 0 0 0 0 
0 0 0 0 15 25 13 22 17 25 14 16 16 19 12 14 25 30 10 16 23 27 29 15 29 13 13 21 28 21 28 21 11 26 13 26 0 0 0 0 
0 0 0 0 0 0 0 0 0 0 0 0 0 0 0 0 0 0 0 0 0 0 0 0 0 0 0 0 0 0 0 0 0 0 0 0 23 20 27 24 
10 13 15 21 0 0 0 0 0 0 0 0 0 0 0 0 0 0 0 0 0 0 0 0 0 0 0 0 0 0 0 0 0 0 0 0 0 0 0 0 
0 0 0 0 0 0 0 0 28 27 24 10 0 0 0 0 17 11 26 13 0 0 0 0 0 0 0 0 0 0 0 0 0 0 0 0 0 0 0 0 
0 0 0 0 0 0 0 0 0 0 0 0 23 30 19 12 16 15 18 18 16 14 30 25 0 0 0 0 14 19 27 27 24 30 29 10 0 0 0 0 
0 0 0 0 0 0 0 0 0 0 0 0 0 0 0 0 17 17 11 10 18 16 22 26 0 0 0 0 0 0 0 0 0 0 0 0 0 0 0 0 
0 0 0 0 0 0 0 0 0 0 0 0 0 0 0 0 0 0 0 0 0 0 0 0 0 0 0 0 0 0 0 0 0 0 0 0 23 29 23 17 
11 26 11 10 0 0 0 0 0 0 0 0 0 0 0 0 0 0 0 0 0 0 0 0 0 0 0 0 0 0 0 0 0 0 0 0 0 0 0 0 
0 0 0 0 0 0 0 0 25 19 26 28 0 0 0 0 15 24 20 16 0 0 0 0 30 19 15 18 24 10 21 29 0 0 0 0 0 0 0 0 
0 0 0 0 14 27 28 13 20 10 24 18 29 14 26 11 15 25 25 29 25 18 10 26 25 28 30 24 19 14 18 26 18 26 12 14 0 0 0 0 
0 0 0 0 0 0 0 0 0 0 0 0 0 0 0 0 0 0 0 0 16 30 28 19 0 0 0 0 25 25 16 30 0 0 0 0 0 0 0 0 
0 0 0 0 0 0 0 0 0 0 0 0 0 0 0 0 0 0 0 0 0 0 0 0 0 0 0 0 0 0 0 0 0 0 0 0 30 21 22 30 
17 11 22 29 0 0 0 0 0 0 0 0 0 0 0 0 0 0 0 0 0 0 0 0 0 0 0 0 0 0 0 0 0 0 0 0 0 0 0 0 
0 0 0 0 0 0 0 0 0 0 0 0 20 19 24 30 0 0 0 0 0 0 0 0 0 0 0 0 26 20 26 27 24 22 21 10 0 0 0 0 
0 0 0 0 0 0 0 0 0 0 0 0 0 0 0 0 29 13 27 18 0 0 0 0 0 0 0 0 0 0 0 0 0 0 0 0 0 0 0 0 
0 0 0 0 0 0 0 0 0 0 0 0 0 0 0 0 0 0 0 0 0 0 0 0 0 0 0 0 26 11 20 23 0 0 0 0 0 0 0 0 
0 0 0 0 0 0 0 0 0 0 0 0 0 0 0 0 0 0 0 0 0 0 0 0 0 0 0 0 0 0 0 0 0 0 0 0 18 23 11 22 
27 20 12 24 0 0 0 0 0 0 0 0 0 0 0 0 0 0 0 0 0 0 0 0 0 0 0 0 0 0 0 0 0 0 0 0 0 0 0 0 
0 0 0 0 23 24 11 15 0 0 0 0 0 0 0 0 22 23 28 30 0 0 0 0 11 26 28 29 15 28 17 24 13 21 25 16 0 0 0 0 
0 0 0 0 16 12 28 21 11 21 28 21 0 0 0 0 0 0 0 0 11 20 15 30 0 0 0 0 0 0 0 0 14 30 13 22 0 0 0 0 
0 0 0 0 0 0 0 0 0 0 0 0 0 0 0 0 0 0 0 0 0 0 0 0 0 0 0 0 0 0 0 0 29 13 26 17 0 0 0 0 
0 0 0 0 0 0 0 0 0 0 0 0 0 0 0 0 0 0 0 0 0 0 0 0 0 0 0 0 0 0 0 0 0 0 0 0 19 19 20 30 
17 16 13 28 0 0 0 0 0 0 0 0 0 0 0 0 0 0 0 0 0 0 0 0 0 0 0 0 0 0 0 0 0 0 0 0 0 0 0 0 
0 0 0 0 18 15 22 15 0 0 0 0 19 11 26 30 0 0 0 0 0 0 0 0 10 19 16 22 0 0 0 0 25 27 29 29 0 0 0 0 
0 0 0 0 0 0 0 0 28 27 15 25 25 28 11 21 26 21 17 22 30 20 25 12 19 29 15 22 26 17 11 21 25 28 29 14 0 0 0 0 
0 0 0 0 14 14 16 24 12 24 16 11 20 23 11 28 21 30 14 29 13 14 18 27 29 11 27 22 22 11 23 21 27 24 22 29 0 0 0 0 
0 0 0 0 0 0 0 0 0 0 0 0 0 0 0 0 0 0 0 0 0 0 0 0 0 0 0 0 0 0 0 0 0 0 0 0 19 20 22 12 
15 27 13 13 0 0 0 0 0 0 0 0 0 0 0 0 0 0 0 0 0 0 0 0 0 0 0 0 0 0 0 0 0 0 0 0 0 0 0 0 
0 0 0 0 0 0 0 0 0 0 0 0 0 0 0 0 28 22 18 15 28 13 19 30 29 21 21 29 0 0 0 0 0 0 0 0 0 0 0 0 
0 0 0 0 0 0 0 0 17 25 23 22 0 0 0 0 20 25 28 23 17 20 17 19 28 27 16 19 0 0 0 0 19 29 11 20 0 0 0 0 
0 0 0 0 23 16 14 29 0 0 0 0 0 0 0 0 0 0 0 0 0 0 0 0 10 14 20 18 0 0 0 0 0 0 0 0 0 0 0 0 
0 0 0 0 0 0 0 0 0 0 0 0 0 0 0 0 0 0 0 0 0 0 0 0 0 0 0 0 0 0 0 0 0 0 0 0 14 11 20 10 
21 28 16 14 0 0 0 0 0 0 0 0 0 0 0 0 0 0 0 0 0 0 0 0 0 0 0 0 0 0 0 0 0 0 0 0 0 0 0 0 
0 0 0 0 0 0 0 0 0 0 0 0 0 0 0 0 0 0 0 0 0 0 0 0 0 0 0 0 0 0 0 0 26 13 12 26 0 0 0 0 
0 0 0 0 24 26 15 20 30 18 21 21 0 0 0 0 0 0 0 0 29 24 27 10 0 0 0 0 11 21 20 16 19 24 22 27 0 0 0 0 
0 0 0 0 17 21 22 22 17 27 22 26 24 26 24 19 26 15 10 10 0 0 0 0 0 0 0 0 14 12 22 21 0 0 0 0 0 0 0 0 
0 0 0 0 0 0 0 0 0 0 0 0 0 0 0 0 0 0 0 0 0 0 0 0 0 0 0 0 0 0 0 0 0 0 0 0 11 27 18 22 
17 19 18 28 0 0 0 0 0 0 0 0 0 0 0 0 0 0 0 0 0 0 0 0 0 0 0 0 0 0 0 0 0 0 0 0 0 0 0 0 
0 0 0 0 0 0 0 0 0 0 0 0 0 0 0 0 0 0 0 0 21 22 10 18 0 0 0 0 0 0 0 0 0 0 0 0 0 0 0 0 
0 0 0 0 17 24 12 20 28 23 10 28 18 15 11 19 11 13 23 10 0 0 0 0 25 12 21 22 24 30 12 24 10 22 20 21 0 0 0 0 
0 0 0 0 0 0 0 0 15 26 27 25 28 30 22 30 13 23 22 26 0 0 0 0 0 0 0 0 29 22 13 28 23 27 21 22 0 0 0 0 
0 0 0 0 0 0 0 0 0 0 0 0 0 0 0 0 0 0 0 0 0 0 0 0 0 0 0 0 0 0 0 0 0 0 0 0 19 22 21 26 
10 19 17 24 0 0 0 0 0 0 0 0 0 0 0 0 0 0 0 0 0 0 0 0 0 0 0 0 0 0 0 0 0 0 0 0 0 0 0 0 
0 0 0 0 0 0 0 0 23 23 22 16 24 10 20 13 0 0 0 0 14 13 12 12 0 0 0 0 23 23 11 11 14 17 21 17 0 0 0 0 
0 0 0 0 0 0 0 0 12 17 25 26 14 19 24 26 25 28 10 29 0 0 0 0 0 0 0 0 14 29 11 17 0 0 0 0 0 0 0 0 
0 0 0 0 26 12 27 22 26 27 22 23 14 10 11 22 30 18 20 11 14 16 11 27 27 24 21 26 14 10 18 28 22 23 14 17 0 0 0 0 
0 0 0 0 0 0 0 0 0 0 0 0 0 0 0 0 0 0 0 0 0 0 0 0 0 0 0 0 0 0 0 0 0 0 0 0 18 11 24 23 
24 25 26 26 0 0 0 0 0 0 0 0 0 0 0 0 0 0 0 0 0 0 0 0 0 0 0 0 0 0 0 0 0 0 0 0 0 0 0 0 
0 0 0 0 12 24 27 16 13 28 18 25 22 28 15 26 17 18 10 19 28 13 18 17 29 19 13 25 23 21 26 25 23 15 30 23 0 0 0 0 
0 0 0 0 15 10 25 29 0 0 0 0 0 0 0 0 0 0 0 0 0 0 0 0 0 0 0 0 0 0 0 0 0 0 0 0 0 0 0 0 
0 0 0 0 18 11 27 21 13 20 11 26 23 25 19 23 25 11 12 14 27 19 14 17 0 0 0 0 28 26 13 25 23 24 11 21 0 0 0 0 
0 0 0 0 0 0 0 0 0 0 0 0 0 0 0 0 0 0 0 0 0 0 0 0 0 0 0 0 0 0 0 0 0 0 0 0 20 22 24 13 
13 20 11 12 0 0 0 0 0 0 0 0 0 0 0 0 0 0 0 0 0 0 0 0 0 0 0 0 0 0 0 0 0 0 0 0 0 0 0 0 
0 0 0 0 10 12 18 14 18 30 13 10 18 28 20 30 18 21 10 16 10 22 13 23 20 28 28 24 17 26 13 25 30 21 15 11 0 0 0 0 
0 0 0 0 0 0 0 0 16 11 29 16 0 0 0 0 17 13 21 15 0 0 0 0 0 0 0 0 11 25 28 19 0 0 0 0 0 0 0 0 
0 0 0 0 26 16 19 17 24 24 11 30 20 23 28 22 15 20 21 24 14 25 15 24 27 20 10 17 21 14 20 13 29 26 30 16 0 0 0 0 
0 0 0 0 0 0 0 0 0 0 0 0 0 0 0 0 0 0 0 0 0 0 0 0 0 0 0 0 0 0 0 0 0 0 0 0 10 26 29 25 
14 26 16 28 0 0 0 0 0 0 0 0 0 0 0 0 0 0 0 0 0 0 0 0 0 0 0 0 0 0 0 0 0 0 0 0 0 0 0 0 
0 0 0 0 22 29 15 18 0 0 0 0 0 0 0 0 0 0 0 0 0 0 0 0 22 25 26 10 17 22 28 15 22 17 15 10 0 0 0 0 
0 0 0 0 14 15 19 14 10 16 20 13 29 30 27 30 20 28 30 17 0 0 0 0 0 0 0 0 27 25 19 21 0 0 0 0 0 0 0 0 
0 0 0 0 0 0 0 0 0 0 0 0 0 0 0 0 19 22 30 24 20 28 16 19 0 0 0 0 0 0 0 0 0 0 0 0 0 0 0 0 
0 0 0 0 0 0 0 0 0 0 0 0 0 0 0 0 0 0 0 0 0 0 0 0 0 0 0 0 0 0 0 0 0 0 0 0 22 20 30 17 
24 11 13 17 0 0 0 0 0 0 0 0 0 0 0 0 0 0 0 0 0 0 0 0 0 0 0 0 0 0 0 0 0 0 0 0 0 0 0 0 
0 0 0 0 0 0 0 0 0 0 0 0 0 0 0 0 14 23 19 21 0 0 0 0 0 0 0 0 28 16 11 20 0 0 0 0 0 0 0 0 
0 0 0 0 27 17 27 18 29 24 10 13 30 26 28 29 15 27 13 27 18 11 23 17 12 28 12 25 0 0 0 0 16 10 29 17 0 0 0 0 
0 0 0 0 21 28 16 14 30 16 19 14 28 15 26 23 20 24 19 21 16 14 27 15 0 0 0 0 21 11 17 18 18 10 21 12 0 0 0 0 
0 0 0 0 0 0 0 0 0 0 0 0 0 0 0 0 0 0 0 0 0 0 0 0 0 0 0 0 0 0 0 0 0 0 0 0 13 15 17 17 
22 10 10 12 0 0 0 0 0 0 0 0 0 0 0 0 0 0 0 0 0 0 0 0 0 0 0 0 0 0 0 0 0 0 0 0 0 0 0 0 
0 0 0 0 0 0 0 0 12 27 19 13 0 0 0 0 0 0 0 0 0 0 0 0 0 0 0 0 0 0 0 0 0 0 0 0 0 0 0 0 
0 0 0 0 15 15 26 23 0 0 0 0 0 0 0 0 19 29 21 21 21 22 19 30 18 11 17 25 19 30 20 23 20 10 16 10 0 0 0 0 
0 0 0 0 12 21 26 27 25 29 16 23 23 12 19 13 25 21 17 16 12 26 13 15 20 11 10 21 22 15 16 18 29 17 25 29 0 0 0 0 
0 0 0 0 0 0 0 0 0 0 0 0 0 0 0 0 0 0 0 0 0 0 0 0 0 0 0 0 0 0 0 0 0 0 0 0 30 17 25 29 
15 13 19 28 0 0 0 0 0 0 0 0 0 0 0 0 0 0 0 0 0 0 0 0 0 0 0 0 0 0 0 0 0 0 0 0 0 0 0 0 
0 0 0 0 22 16 29 23 0 0 0 0 0 0 0 0 27 12 11 19 13 30 25 22 15 13 20 13 29 10 11 18 10 19 26 20 0 0 0 0 
0 0 0 0 19 12 26 28 25 16 26 29 0 0 0 0 0 0 0 0 27 26 23 29 12 14 25 30 14 25 22 14 0 0 0 0 0 0 0 0 
0 0 0 0 28 20 24 15 28 10 12 25 0 0 0 0 0 0 0 0 0 0 0 0 22 17 29 11 27 13 21 20 0 0 0 0 0 0 0 0 
0 0 0 0 0 0 0 0 0 0 0 0 0 0 0 0 0 0 0 0 0 0 0 0 0 0 0 0 0 0 0 0 0 0 0 0 19 20 21 29 
28 16 25 30 0 0 0 0 0 0 0 0 0 0 0 0 0 0 0 0 0 0 0 0 0 0 0 0 0 0 0 0 0 0 0 0 0 0 0 0 
0 0 0 0 0 0 0 0 28 21 14 23 17 26 15 26 23 19 20 29 22 21 19 19 26 14 18 21 17 27 17 14 21 10 19 28 0 0 0 0 
0 0 0 0 27 14 11 25 17 14 23 26 25 22 27 30 0 0 0 0 23 19 25 14 0 0 0 0 29 28 18 14 25 25 17 15 0 0 0 0 
0 0 0 0 0 0 0 0 0 0 0 0 14 10 23 10 24 28 17 10 0 0 0 0 27 21 15 14 0 0 0 0 0 0 0 0 0 0 0 0 
0 0 0 0 0 0 0 0 0 0 0 0 0 0 0 0 0 0 0 0 0 0 0 0 0 0 0 0 0 0 0 0 0 0 0 0 28 25 27 17 
28 15 14 16 0 0 0 0 0 0 0 0 0 0 0 0 0 0 0 0 0 0 0 0 0 0 0 0 0 0 0 0 0 0 0 0 0 0 0 0 
0 0 0 0 24 16 23 10 12 17 20 22 27 16 16 27 17 10 29 25 11 17 11 17 0 0 0 0 0 0 0 0 0 0 0 0 0 0 0 0 
0 0 0 0 0 0 0 0 0 0 0 0 0 0 0 0 0 0 0 0 16 25 16 16 0 0 0 0 0 0 0 0 0 0 0 0 0 0 0 0 
0 0 0 0 18 18 16 10 21 30 19 29 16 11 25 29 17 26 24 24 12 30 26 19 11 18 28 17 23 12 26 26 28 11 12 11 0 0 0 0 
0 0 0 0 0 0 0 0 0 0 0 0 0 0 0 0 0 0 0 0 0 0 0 0 0 0 0 0 0 0 0 0 0 0 0 0 28 27 30 22 
15 25 14 20 0 0 0 0 0 0 0 0 0 0 0 0 0 0 0 0 0 0 0 0 0 0 0 0 0 0 0 0 0 0 0 0 0 0 0 0 
0 0 0 0 0 0 0 0 0 0 0 0 0 0 0 0 0 0 0 0 0 0 0 0 26 18 30 28 0 0 0 0 0 0 0 0 0 0 0 0 
0 0 0 0 11 12 23 27 0 0 0 0 13 28 11 11 0 0 0 0 0 0 0 0 0 0 0 0 27 11 11 19 0 0 0 0 0 0 0 0 
0 0 0 0 0 0 0 0 0 0 0 0 0 0 0 0 0 0 0 0 0 0 0 0 0 0 0 0 0 0 0 0 29 10 10 20 0 0 0 0 
0 0 0 0 0 0 0 0 0 0 0 0 0 0 0 0 0 0 0 0 0 0 0 0 0 0 0 0 0 0 0 0 0 0 0 0 15 18 28 19 
24 25 20 11 0 0 0 0 0 0 0 0 0 0 0 0 0 0 0 0 0 0 0 0 0 0 0 0 0 0 0 0 0 0 0 0 0 0 0 0 
0 0 0 0 0 0 0 0 0 0 0 0 11 17 10 20 0 0 0 0 0 0 0 0 0 0 0 0 0 0 0 0 13 13 21 15 0 0 0 0 
0 0 0 0 29 26 17 12 11 28 20 18 0 0 0 0 21 18 13 11 15 26 25 18 28 14 23 30 21 15 19 27 25 12 18 15 0 0 0 0 
0 0 0 0 28 27 15 29 0 0 0 0 0 0 0 0 0 0 0 0 19 15 10 12 0 0 0 0 0 0 0 0 29 21 30 24 0 0 0 0 
0 0 0 0 0 0 0 0 0 0 0 0 0 0 0 0 0 0 0 0 0 0 0 0 0 0 0 0 0 0 0 0 0 0 0 0 20 22 22 27 
17 11 16 25 0 0 0 0 0 0 0 0 0 0 0 0 0 0 0 0 0 0 0 0 0 0 0 0 0 0 0 0 0 0 0 0 0 0 0 0 
0 0 0 0 10 23 24 26 24 19 12 13 0 0 0 0 0 0 0 0 0 0 0 0 0 0 0 0 12 16 23 27 0 0 0 0 0 0 0 0 
0 0 0 0 0 0 0 0 0 0 0 0 28 28 14 22 0 0 0 0 0 0 0 0 0 0 0 0 0 0 0 0 0 0 0 0 0 0 0 0 
0 0 0 0 18 16 27 22 18 23 25 13 20 25 15 24 10 12 30 30 16 13 30 16 19 12 23 21 22 18 21 21 15 20 17 13 0 0 0 0 
0 0 0 0 0 0 0 0 0 0 0 0 0 0 0 0 0 0 0 0 0 0 0 0 0 0 0 0 0 0 0 0 0 0 0 0 20 30 21 22 
16 28 29 18 0 0 0 0 0 0 0 0 0 0 0 0 0 0 0 0 0 0 0 0 0 0 0 0 0 0 0 0 0 0 0 0 0 0 0 0 
0 0 0 0 0 0 0 0 0 0 0 0 26 30 11 18 0 0 0 0 18 28 22 20 0 0 0 0 18 17 25 14 0 0 0 0 0 0 0 0 
0 0 0 0 0 0 0 0 0 0 0 0 0 0 0 0 10 22 20 19 0 0 0 0 23 29 22 20 17 13 21 13 0 0 0 0 0 0 0 0 
0 0 0 0 29 10 19 23 22 25 17 29 15 18 23 18 27 20 27 23 23 25 20 25 21 21 27 30 16 28 11 17 29 30 18 11 0 0 0 0 
0 0 0 0 0 0 0 0 0 0 0 0 0 0 0 0 0 0 0 0 0 0 0 0 0 0 0 0 0 0 0 0 0 0 0 0 19 26 15 19 
23 12 28 25 0 0 0 0 0 0 0 0 0 0 0 0 0 0 0 0 0 0 0 0 0 0 0 0 0 0 0 0 0 0 0 0 0 0 0 0 
0 0 0 0 0 0 0 0 20 21 12 30 0 0 0 0 26 10 11 30 12 14 20 15 15 23 13 12 15 21 28 30 15 22 11 28 0 0 0 0 
0 0 0 0 11 21 20 20 11 22 19 19 10 25 15 23 12 23 17 14 0 0 0 0 21 24 25 30 10 14 30 21 24 23 19 13 0 0 0 0 
0 0 0 0 16 23 11 21 0 0 0 0 12 11 29 17 0 0 0 0 10 12 17 11 0 0 0 0 0 0 0 0 0 0 0 0 0 0 0 0 
0 0 0 0 0 0 0 0 0 0 0 0 0 0 0 0 0 0 0 0 0 0 0 0 0 0 0 0 0 0 0 0 0 0 0 0 27 19 26 21 
21 10 15 10 0 0 0 0 0 0 0 0 0 0 0 0 0 0 0 0 0 0 0 0 0 0 0 0 0 0 0 0 0 0 0 0 0 0 0 0 
0 0 0 0 28 10 28 19 27 10 22 28 16 21 14 18 0 0 0 0 0 0 0 0 0 0 0 0 0 0 0 0 0 0 0 0 0 0 0 0 
0 0 0 0 27 24 19 22 10 29 12 10 13 14 30 13 16 28 25 27 12 20 13 11 0 0 0 0 0 0 0 0 0 0 0 0 0 0 0 0 
0 0 0 0 26 12 22 18 18 16 14 15 0 0 0 0 20 21 17 26 28 21 27 12 0 0 0 0 29 10 13 13 0 0 0 0 0 0 0 0 
0 0 0 0 0 0 0 0 0 0 0 0 0 0 0 0 0 0 0 0 0 0 0 0 0 0 0 0 0 0 0 0 0 0 0 0 19 25 25 24 
29 12 10 27 0 0 0 0 0 0 0 0 0 0 0 0 0 0 0 0 0 0 0 0 0 0 0 0 0 0 0 0 0 0 0 0 0 0 0 0 
0 0 0 0 14 22 12 11 0 0 0 0 29 17 25 14 20 19 15 15 0 0 0 0 0 0 0 0 22 16 29 17 29 16 24 21 0 0 0 0 
0 0 0 0 13 27 11 23 18 21 16 18 29 18 23 25 20 22 30 25 17 17 19 25 0 0 0 0 0 0 0 0 16 16 29 10 0 0 0 0 
0 0 0 0 19 23 12 24 0 0 0 0 0 0 0 0 0 0 0 0 0 0 0 0 19 14 28 26 0 0 0 0 13 21 26 30 0 0 0 0 
0 0 0 0 0 0 0 0 0 0 0 0 0 0 0 0 0 0 0 0 0 0 0 0 0 0 0 0 0 0 0 0 0 0 0 0 28 23 29 26 
15 18 24 22 0 0 0 0 0 0 0 0 0 0 0 0 0 0 0 0 0 0 0 0 0 0 0 0 0 0 0 0 0 0 0 0 0 0 0 0 
0 0 0 0 21 24 10 11 21 30 23 30 0 0 0 0 0 0 0 0 18 16 26 13 28 21 21 21 24 26 26 17 11 28 19 12 0 0 0 0 
0 0 0 0 0 0 0 0 11 21 12 15 15 29 15 11 25 14 27 21 21 19 19 15 28 13 14 25 0 0 0 0 17 24 17 27 0 0 0 0 
0 0 0 0 0 0 0 0 0 0 0 0 18 21 17 14 0 0 0 0 0 0 0 0 0 0 0 0 0 0 0 0 0 0 0 0 0 0 0 0 
0 0 0 0 0 0 0 0 0 0 0 0 0 0 0 0 0 0 0 0 0 0 0 0 0 0 0 0 0 0 0 0 0 0 0 0 25 18 18 28 
11 29 12 27 0 0 0 0 0 0 0 0 0 0 0 0 0 0 0 0 0 0 0 0 0 0 0 0 0 0 0 0 0 0 0 0 0 0 0 0 
0 0 0 0 24 16 12 11 22 11 24 10 0 0 0 0 0 0 0 0 0 0 0 0 21 13 30 29 0 0 0 0 0 0 0 0 0 0 0 0 
0 0 0 0 0 0 0 0 0 0 0 0 0 0 0 0 0 0 0 0 0 0 0 0 0 0 0 0 20 14 29 14 21 28 10 18 0 0 0 0 
0 0 0 0 0 0 0 0 27 13 30 19 0 0 0 0 0 0 0 0 0 0 0 0 12 30 14 18 0 0 0 0 0 0 0 0 0 0 0 0 
0 0 0 0 0 0 0 0 0 0 0 0 0 0 0 0 0 0 0 0 0 0 0 0 0 0 0 0 0 0 0 0 0 0 0 0 28 29 12 19 
23 25 15 27 0 0 0 0 0 0 0 0 0 0 0 0 0 0 0 0 0 0 0 0 0 0 0 0 0 0 0 0 0 0 0 0 0 0 0 0 
0 0 0 0 26 14 10 10 0 0 0 0 30 24 20 25 29 26 28 20 0 0 0 0 30 23 29 12 13 14 30 22 11 28 18 21 0 0 0 0 
0 0 0 0 22 22 30 23 0 0 0 0 20 25 11 26 0 0 0 0 0 0 0 0 0 0 0 0 22 23 29 29 20 16 29 10 0 0 0 0 
0 0 0 0 0 0 0 0 0 0 0 0 0 0 0 0 0 0 0 0 15 25 29 11 0 0 0 0 28 17 17 26 0 0 0 0 0 0 0 0 
0 0 0 0 0 0 0 0 0 0 0 0 0 0 0 0 0 0 0 0 0 0 0 0 0 0 0 0 0 0 0 0 0 0 0 0 20 23 26 23 
29 28 15 19 0 0 0 0 0 0 0 0 0 0 0 0 0 0 0 0 0 0 0 0 0 0 0 0 0 0 0 0 0 0 0 0 0 0 0 0 
0 0 0 0 14 10 17 29 0 0 0 0 30 28 12 13 16 14 25 16 20 14 21 30 20 11 14 11 14 26 26 16 0 0 0 0 0 0 0 0 
0 0 0 0 0 0 0 0 13 24 14 12 30 25 12 27 0 0 0 0 0 0 0 0 0 0 0 0 0 0 0 0 11 20 13 10 0 0 0 0 
0 0 0 0 19 16 10 11 0 0 0 0 26 17 14 11 20 13 18 11 17 13 23 15 12 14 10 11 0 0 0 0 0 0 0 0 0 0 0 0 
0 0 0 0 0 0 0 0 0 0 0 0 0 0 0 0 0 0 0 0 0 0 0 0 0 0 0 0 0 0 0 0 0 0 0 0 14 19 26 10 
12 24 25 25 0 0 0 0 0 0 0 0 0 0 0 0 0 0 0 0 0 0 0 0 0 0 0 0 0 0 0 0 0 0 0 0 0 0 0 0 
0 0 0 0 21 24 23 27 25 11 24 10 28 16 10 15 10 10 12 24 0 0 0 0 22 10 15 13 27 20 28 22 0 0 0 0 0 0 0 0 
0 0 0 0 10 26 26 10 11 13 23 11 28 16 16 23 10 13 15 19 29 17 17 25 30 21 15 29 17 27 29 13 18 13 22 19 0 0 0 0 
0 0 0 0 20 23 26 24 0 0 0 0 13 17 10 22 0 0 0 0 0 0 0 0 0 0 0 0 10 14 29 15 0 0 0 0 0 0 0 0 
0 0 0 0 0 0 0 0 0 0 0 0 0 0 0 0 0 0 0 0 0 0 0 0 0 0 0 0 0 0 0 0 0 0 0 0 20 29 30 11 
18 21 14 20 0 0 0 0 0 0 0 0 0 0 0 0 0 0 0 0 0 0 0 0 0 0 0 0 0 0 0 0 0 0 0 0 0 0 0 0 
0 0 0 0 0 0 0 0 0 0 0 0 0 0 0 0 0 0 0 0 11 11 26 20 0 0 0 0 0 0 0 0 26 16 18 17 0 0 0 0 
0 0 0 0 29 30 27 30 0 0 0 0 0 0 0 0 27 20 20 17 0 0 0 0 0 0 0 0 16 20 28 26 0 0 0 0 0 0 0 0 
0 0 0 0 20 30 29 17 20 16 13 25 0 0 0 0 11 13 22 21 0 0 0 0 24 26 24 22 24 22 10 19 0 0 0 0 0 0 0 0 
0 0 0 0 0 0 0 0 0 0 0 0 0 0 0 0 0 0 0 0 0 0 0 0 0 0 0 0 0 0 0 0 0 0 0 0 21 13 10 21 
11 18 17 30 0 0 0 0 0 0 0 0 0 0 0 0 0 0 0 0 0 0 0 0 0 0 0 0 0 0 0 0 0 0 0 0 0 0 0 0 
0 0 0 0 26 19 15 17 24 21 30 23 21 30 28 25 18 13 20 20 26 16 26 10 28 18 14 24 19 17 14 26 28 29 16 23 0 0 0 0 
0 0 0 0 0 0 0 0 22 19 25 29 0 0 0 0 0 0 0 0 0 0 0 0 0 0 0 0 0 0 0 0 15 11 14 29 0 0 0 0 
0 0 0 0 27 17 15 12 11 15 17 29 11 16 28 30 20 14 23 18 24 17 23 28 17 16 20 25 28 20 25 21 11 15 28 23 0 0 0 0 
0 0 0 0 0 0 0 0 0 0 0 0 0 0 0 0 0 0 0 0 0 0 0 0 0 0 0 0 0 0 0 0 0 0 0 0 14 26 14 17 
15 16 28 25 0 0 0 0 0 0 0 0 0 0 0 0 0 0 0 0 0 0 0 0 0 0 0 0 0 0 0 0 0 0 0 0 0 0 0 0 
0 0 0 0 19 21 27 22 29 18 12 11 13 15 10 15 30 28 21 30 18 14 24 10 15 18 22 23 12 13 29 18 18 13 18 23 0 0 0 0 
0 0 0 0 0 0 0 0 0 0 0 0 0 0 0 0 17 13 20 21 24 10 28 26 0 0 0 0 0 0 0 0 0 0 0 0 0 0 0 0 
0 0 0 0 0 0 0 0 0 0 0 0 0 0 0 0 0 0 0 0 0 0 0 0 0 0 0 0 0 0 0 0 20 26 27 18 0 0 0 0 
0 0 0 0 0 0 0 0 0 0 0 0 0 0 0 0 0 0 0 0 0 0 0 0 0 0 0 0 0 0 0 0 0 0 0 0 14 16 18 30 
16 14 23 28 0 0 0 0 0 0 0 0 0 0 0 0 0 0 0 0 0 0 0 0 0 0 0 0 0 0 0 0 0 0 0 0 0 0 0 0 
0 0 0 0 10 28 27 10 0 0 0 0 18 18 21 22 30 13 25 17 0 0 0 0 17 10 27 21 0 0 0 0 18 24 10 13 0 0 0 0 
0 0 0 0 0 0 0 0 0 0 0 0 26 12 27 30 11 29 15 13 29 18 28 25 17 30 29 13 11 18 21 22 0 0 0 0 0 0 0 0 
0 0 0 0 17 10 21 15 10 14 19 30 0 0 0 0 22 23 28 24 15 12 12 30 16 27 25 19 28 28 14 30 17 19 23 12 0 0 0 0 
0 0 0 0 0 0 0 0 0 0 0 0 0 0 0 0 0 0 0 0 0 0 0 0 0 0 0 0 0 0 0 0 0 0 0 0 29 22 22 14 
18 25 21 20 0 0 0 0 0 0 0 0 0 0 0 0 0 0 0 0 0 0 0 0 0 0 0 0 0 0 0 0 0 0 0 0 0 0 0 0 
0 0 0 0 30 15 16 19 12 27 14 16 16 14 28 26 15 23 23 30 17 30 26 17 27 19 13 16 20 28 17 14 22 23 14 19 0 0 0 0 
0 0 0 0 0 0 0 0 0 0 0 0 0 0 0 0 0 0 0 0 0 0 0 0 0 0 0 0 25 16 18 17 27 24 21 19 0 0 0 0 
0 0 0 0 0 0 0 0 0 0 0 0 27 24 15 19 0 0 0 0 14 22 25 30 0 0 0 0 0 0 0 0 0 0 0 0 0 0 0 0 
0 0 0 0 0 0 0 0 0 0 0 0 0 0 0 0 0 0 0 0 0 0 0 0 0 0 0 0 0 0 0 0 0 0 0 0 30 16 29 21 
21 24 18 13 0 0 0 0 0 0 0 0 0 0 0 0 0 0 0 0 0 0 0 0 0 0 0 0 0 0 0 0 0 0 0 0 0 0 0 0 
0 0 0 0 0 0 0 0 25 26 17 19 10 22 27 16 0 0 0 0 24 27 22 27 12 17 11 30 19 20 11 20 29 10 20 26 0 0 0 0 
0 0 0 0 29 28 22 25 19 30 21 23 0 0 0 0 0 0 0 0 29 19 20 28 0 0 0 0 0 0 0 0 0 0 0 0 0 0 0 0 
0 0 0 0 0 0 0 0 21 17 28 13 10 30 16 14 0 0 0 0 0 0 0 0 0 0 0 0 10 15 10 24 17 18 11 10 0 0 0 0 
0 0 0 0 0 0 0 0 0 0 0 0 0 0 0 0 0 0 0 0 0 0 0 0 0 0 0 0 0 0 0 0 0 0 0 0 27 28 20 23 
20 10 26 16 0 0 0 0 0 0 0 0 0 0 0 0 0 0 0 0 0 0 0 0 0 0 0 0 0 0 0 0 0 0 0 0 0 0 0 0 
0 0 0 0 24 26 20 18 0 0 0 0 11 22 10 29 26 13 20 14 0 0 0 0 18 16 15 21 20 29 29 17 25 24 14 20 0 0 0 0 
0 0 0 0 17 25 21 14 30 11 18 21 22 15 24 16 29 16 15 11 12 28 21 23 13 16 20 11 27 20 19 24 29 25 19 24 0 0 0 0 
0 0 0 0 0 0 0 0 0 0 0 0 0 0 0 0 30 29 17 20 0 0 0 0 0 0 0 0 0 0 0 0 0 0 0 0 0 0 0 0 
0 0 0 0 0 0 0 0 0 0 0 0 0 0 0 0 0 0 0 0 0 0 0 0 0 0 0 0 0 0 0 0 0 0 0 0 30 26 28 26 
20 18 30 17 0 0 0 0 0 0 0 0 0 0 0 0 0 0 0 0 0 0 0 0 0 0 0 0 0 0 0 0 0 0 0 0 0 0 0 0 
0 0 0 0 11 19 24 27 10 19 14 29 0 0 0 0 0 0 0 0 30 11 22 18 13 30 14 15 27 21 25 28 0 0 0 0 0 0 0 0 
0 0 0 0 0 0 0 0 17 16 30 23 20 20 14 16 15 16 18 17 16 30 24 23 16 28 29 22 0 0 0 0 29 26 29 20 0 0 0 0 
0 0 0 0 18 29 12 22 0 0 0 0 0 0 0 0 0 0 0 0 0 0 0 0 0 0 0 0 0 0 0 0 13 22 26 30 0 0 0 0 
0 0 0 0 0 0 0 0 0 0 0 0 0 0 0 0 0 0 0 0 0 0 0 0 0 0 0 0 0 0 0 0 0 0 0 0 12 17 17 13 
14 17 20 25 0 0 0 0 0 0 0 0 0 0 0 0 0 0 0 0 0 0 0 0 0 0 0 0 0 0 0 0 0 0 0 0 0 0 0 0 
0 0 0 0 27 14 28 27 15 12 10 15 0 0 0 0 0 0 0 0 0 0 0 0 0 0 0 0 16 21 26 18 0 0 0 0 0 0 0 0 
0 0 0 0 17 11 25 21 0 0 0 0 0 0 0 0 0 0 0 0 0 0 0 0 0 0 0 0 0 0 0 0 17 12 11 22 0 0 0 0 
0 0 0 0 0 0 0 0 28 14 12 13 0 0 0 0 21 10 28 30 0 0 0 0 0 0 0 0 13 29 29 20 0 0 0 0 0 0 0 0 
0 0 0 0 0 0 0 0 0 0 0 0 0 0 0 0 0 0 0 0 0 0 0 0 0 0 0 0 0 0 0 0 0 0 0 0 12 27 23 23 
20 28 10 12 0 0 0 0 0 0 0 0 0 0 0 0 0 0 0 0 0 0 0 0 0 0 0 0 0 0 0 0 0 0 0 0 0 0 0 0 
0 0 0 0 0 0 0 0 0 0 0 0 0 0 0 0 13 25 20 30 0 0 0 0 0 0 0 0 0 0 0 0 0 0 0 0 0 0 0 0 
0 0 0 0 0 0 0 0 0 0 0 0 0 0 0 0 0 0 0 0 0 0 0 0 27 30 11 10 16 28 14 28 0 0 0 0 0 0 0 0 
0 0 0 0 0 0 0 0 20 21 22 21 22 27 12 25 19 29 14 27 0 0 0 0 0 0 0 0 0 0 0 0 0 0 0 0 0 0 0 0 
0 0 0 0 0 0 0 0 0 0 0 0 0 0 0 0 0 0 0 0 0 0 0 0 0 0 0 0 0 0 0 0 0 0 0 0 15 15 10 19 
11 28 23 16 0 0 0 0 0 0 0 0 0 0 0 0 0 0 0 0 0 0 0 0 0 0 0 0 0 0 0 0 0 0 0 0 0 0 0 0 
0 0 0 0 28 26 13 18 15 15 12 30 0 0 0 0 29 15 14 16 28 26 26 17 27 28 14 23 0 0 0 0 0 0 0 0 0 0 0 0 
0 0 0 0 0 0 0 0 0 0 0 0 0 0 0 0 0 0 0 0 0 0 0 0 25 11 20 22 0 0 0 0 19 19 15 28 0 0 0 0 
0 0 0 0 28 18 11 13 27 28 18 18 24 29 18 14 22 24 10 27 21 25 19 11 28 25 30 18 23 25 21 18 28 27 24 25 0 0 0 0 
0 0 0 0 0 0 0 0 0 0 0 0 0 0 0 0 0 0 0 0 0 0 0 0 0 0 0 0 0 0 0 0 0 0 0 0 14 15 26 29 
28 14 12 30 0 0 0 0 0 0 0 0 0 0 0 0 0 0 0 0 0 0 0 0 0 0 0 0 0 0 0 0 0 0 0 0 0 0 0 0 
0 0 0 0 0 0 0 0 0 0 0 0 12 10 27 24 0 0 0 0 0 0 0 0 14 22 25 10 16 10 10 30 0 0 0 0 0 0 0 0 
0 0 0 0 0 0 0 0 21 23 12 19 0 0 0 0 28 18 11 21 0 0 0 0 28 21 27 14 25 30 24 16 0 0 0 0 0 0 0 0 
0 0 0 0 26 12 24 19 0 0 0 0 19 23 27 21 12 12 27 30 11 16 20 27 14 11 17 15 26 24 16 29 12 26 15 26 0 0 0 0 
0 0 0 0 0 0 0 0 0 0 0 0 0 0 0 0 0 0 0 0 0 0 0 0 0 0 0 0 0 0 0 0 0 0 0 0 15 14 23 28 
13 18 27 14 0 0 0 0 0 0 0 0 0 0 0 0 0 0 0 0 0 0 0 0 0 0 0 0 0 0 0 0 0 0 0 0 0 0 0 0 
0 0 0 0 15 20 23 20 21 23 10 20 28 18 19 13 21 28 22 11 28 12 23 29 0 0 0 0 0 0 0 0 13 22 16 22 0 0 0 0 
0 0 0 0 17 11 23 21 0 0 0 0 0 0 0 0 0 0 0 0 22 19 17 13 15 21 17 18 16 28 30 16 22 18 14 22 0 0 0 0 
0 0 0 0 0 0 0 0 0 0 0 0 0 0 0 0 10 16 12 11 24 18 29 25 0 0 0 0 0 0 0 0 0 0 0 0 0 0 0 0 
0 0 0 0 0 0 0 0 0 0 0 0 0 0 0 0 0 0 0 0 0 0 0 0 0 0 0 0 0 0 0 0 0 0 0 0 21 23 24 17 
21 21 24 11 0 0 0 0 0 0 0 0 0 0 0 0 0 0 0 0 0 0 0 0 0 0 0 0 0 0 0 0 0 0 0 0 0 0 0 0 
0 0 0 0 0 0 0 0 22 20 15 25 16 22 22 17 24 26 24 25 22 16 15 18 17 23 12 15 14 24 22 15 22 17 15 17 0 0 0 0 
0 0 0 0 12 22 29 16 0 0 0 0 25 26 16 18 22 13 11 10 25 14 28 17 21 30 15 12 14 19 23 12 11 27 14 25 0 0 0 0 
0 0 0 0 0 0 0 0 16 15 18 29 27 15 15 16 13 29 21 26 0 0 0 0 0 0 0 0 0 0 0 0 0 0 0 0 0 0 0 0 
0 0 0 0 0 0 0 0 0 0 0 0 0 0 0 0 0 0 0 0 0 0 0 0 0 0 0 0 0 0 0 0 0 0 0 0 25 26 28 18 
20 17 26 25 0 0 0 0 0 0 0 0 0 0 0 0 0 0 0 0 0 0 0 0 0 0 0 0 0 0 0 0 0 0 0 0 0 0 0 0 
0 0 0 0 0 0 0 0 0 0 0 0 0 0 0 0 0 0 0 0 0 0 0 0 0 0 0 0 13 10 14 27 0 0 0 0 0 0 0 0 
0 0 0 0 19 23 16 24 0 0 0 0 0 0 0 0 0 0 0 0 0 0 0 0 0 0 0 0 0 0 0 0 25 26 13 25 0 0 0 0 
0 0 0 0 0 0 0 0 28 16 23 30 0 0 0 0 21 29 20 27 12 27 30 30 0 0 0 0 0 0 0 0 0 0 0 0 0 0 0 0 
0 0 0 0 0 0 0 0 0 0 0 0 0 0 0 0 0 0 0 0 0 0 0 0 0 0 0 0 0 0 0 0 0 0 0 0 24 27 14 19 
30 12 22 14 0 0 0 0 0 0 0 0 0 0 0 0 0 0 0 0 0 0 0 0 0 0 0 0 0 0 0 0 0 0 0 0 0 0 0 0 
0 0 0 0 13 16 25 27 0 0 0 0 0 0 0 0 14 27 15 28 25 28 25 10 0 0 0 0 18 13 25 21 30 17 30 24 0 0 0 0 
0 0 0 0 0 0 0 0 15 29 13 16 16 20 27 30 26 21 24 24 15 26 16 30 22 10 23 29 22 11 21 15 0 0 0 0 0 0 0 0 
0 0 0 0 0 0 0 0 26 21 10 20 0 0 0 0 0 0 0 0 0 0 0 0 0 0 0 0 0 0 0 0 0 0 0 0 0 0 0 0 
0 0 0 0 0 0 0 0 0 0 0 0 0 0 0 0 0 0 0 0 0 0 0 0 0 0 0 0 0 0 0 0 0 0 0 0 16 15 23 20 
30 21 17 18 0 0 0 0 0 0 0 0 0 0 0 0 0 0 0 0 0 0 0 0 0 0 0 0 0 0 0 0 0 0 0 0 0 0 0 0 
0 0 0 0 17 29 14 19 19 11 10 24 0 0 0 0 30 27 27 12 19 23 17 10 0 0 0 0 27 28 16 13 30 14 28 20 0 0 0 0 
0 0 0 0 20 30 20 10 0 0 0 0 0 0 0 0 0 0 0 0 23 29 27 30 0 0 0 0 14 22 18 30 30 15 11 21 0 0 0 0 
0 0 0 0 24 24 10 10 10 23 21 27 21 16 13 18 20 30 13 12 12 17 18 13 27 12 29 25 0 0 0 0 0 0 0 0 0 0 0 0 
0 0 0 0 0 0 0 0 0 0 0 0 0 0 0 0 0 0 0 0 0 0 0 0 0 0 0 0 0 0 0 0 0 0 0 0 18 23 10 10 
17 27 28 12 0 0 0 0 0 0 0 0 0 0 0 0 0 0 0 0 0 0 0 0 0 0 0 0 0 0 0 0 0 0 0 0 0 0 0 0 
0 0 0 0 0 0 0 0 22 13 18 29 24 20 24 22 12 18 26 29 16 14 17 24 0 0 0 0 24 24 30 19 28 15 13 24 0 0 0 0 
0 0 0 0 30 22 10 20 25 22 17 25 27 20 27 19 16 28 29 10 26 10 20 16 16 22 28 20 27 25 14 27 28 15 24 16 0 0 0 0 
0 0 0 0 10 13 22 18 22 14 29 11 0 0 0 0 11 10 15 18 10 17 18 14 0 0 0 0 22 20 15 21 29 11 10 12 0 0 0 0 
0 0 0 0 0 0 0 0 0 0 0 0 0 0 0 0 0 0 0 0 0 0 0 0 0 0 0 0 0 0 0 0 0 0 0 0 23 26 16 29 
19 30 16 23 0 0 0 0 0 0 0 0 0 0 0 0 0 0 0 0 0 0 0 0 0 0 0 0 0 0 0 0 0 0 0 0 0 0 0 0 
0 0 0 0 15 28 30 30 0 0 0 0 0 0 0 0 0 0 0 0 0 0 0 0 0 0 0 0 0 0 0 0 0 0 0 0 0 0 0 0 
0 0 0 0 0 0 0 0 12 27 25 12 30 28 30 22 11 19 23 15 15 15 14 21 0 0 0 0 15 22 24 16 23 29 14 10 0 0 0 0 
0 0 0 0 0 0 0 0 0 0 0 0 26 13 10 16 0 0 0 0 0 0 0 0 0 0 0 0 0 0 0 0 0 0 0 0 0 0 0 0 
0 0 0 0 0 0 0 0 0 0 0 0 0 0 0 0 0 0 0 0 0 0 0 0 0 0 0 0 0 0 0 0 0 0 0 0 29 13 29 18 
14 16 12 29 0 0 0 0 0 0 0 0 0 0 0 0 0 0 0 0 0 0 0 0 0 0 0 0 0 0 0 0 0 0 0 0 0 0 0 0 
0 0 0 0 21 20 14 10 11 10 22 10 29 24 17 29 14 24 29 24 24 11 25 23 20 30 14 30 11 19 26 21 25 15 19 12 0 0 0 0 
0 0 0 0 0 0 0 0 29 29 18 28 21 25 27 21 0 0 0 0 0 0 0 0 0 0 0 0 0 0 0 0 0 0 0 0 0 0 0 0 
0 0 0 0 0 0 0 0 0 0 0 0 0 0 0 0 0 0 0 0 28 24 29 12 0 0 0 0 0 0 0 0 0 0 0 0 0 0 0 0 
0 0 0 0 0 0 0 0 0 0 0 0 0 0 0 0 0 0 0 0 0 0 0 0 0 0 0 0 0 0 0 0 0 0 0 0 28 25 17 15 
11 17 24 24 0 0 0 0 0 0 0 0 0 0 0 0 0 0 0 0 0 0 0 0 0 0 0 0 0 0 0 0 0 0 0 0 0 0 0 0 
0 0 0 0 0 0 0 0 0 0 0 0 0 0 0 0 0 0 0 0 0 0 0 0 0 0 0 0 12 15 16 11 0 0 0 0 0 0 0 0 
0 0 0 0 19 28 25 30 20 11 13 23 0 0 0 0 12 26 26 11 12 30 15 28 0 0 0 0 17 23 14 23 26 24 22 12 0 0 0 0 
0 0 0 0 14 10 18 11 0 0 0 0 15 14 24 19 0 0 0 0 0 0 0 0 14 21 27 17 0 0 0 0 20 27 19 12 0 0 0 0 
0 0 0 0 0 0 0 0 0 0 0 0 0 0 0 0 0 0 0 0 0 0 0 0 0 0 0 0 0 0 0 0 0 0 0 0 26 12 20 14 
23 18 22 14 0 0 0 0 0 0 0 0 0 0 0 0 0 0 0 0 0 0 0 0 0 0 0 0 0 0 0 0 0 0 0 0 0 0 0 0 
0 0 0 0 0 0 0 0 0 0 0 0 0 0 0 0 18 24 22 11 12 11 15 29 0 0 0 0 0 0 0 0 27 30 17 28 0 0 0 0 
0 0 0 0 0 0 0 0 0 0 0 0 0 0 0 0 0 0 0 0 0 0 0 0 0 0 0 0 0 0 0 0 18 22 15 19 0 0 0 0 
0 0 0 0 0 0 0 0 0 0 0 0 10 11 18 27 24 12 28 12 0 0 0 0 0 0 0 0 0 0 0 0 0 0 0 0 0 0 0 0 
0 0 0 0 0 0 0 0 0 0 0 0 0 0 0 0 0 0 0 0 0 0 0 0 0 0 0 0 0 0 0 0 0 0 0 0 17 14 16 17 
18 10 25 13 0 0 0 0 0 0 0 0 0 0 0 0 0 0 0 0 0 0 0 0 0 0 0 0 0 0 0 0 0 0 0 0 0 0 0 0 
0 0 0 0 18 23 21 21 0 0 0 0 12 27 19 21 19 23 26 20 0 0 0 0 23 16 12 25 0 0 0 0 0 0 0 0 0 0 0 0 
0 0 0 0 19 28 25 22 0 0 0 0 0 0 0 0 0 0 0 0 0 0 0 0 0 0 0 0 0 0 0 0 0 0 0 0 0 0 0 0 
0 0 0 0 23 18 17 11 25 11 24 25 20 18 18 27 0 0 0 0 22 10 27 17 26 27 17 16 22 13 19 12 16 27 18 27 0 0 0 0 
0 0 0 0 0 0 0 0 0 0 0 0 0 0 0 0 0 0 0 0 0 0 0 0 0 0 0 0 0 0 0 0 0 0 0 0 16 26 27 21 
21 27 22 18 0 0 0 0 0 0 0 0 0 0 0 0 0 0 0 0 0 0 0 0 0 0 0 0 0 0 0 0 0 0 0 0 0 0 0 0 
0 0 0 0 30 15 18 25 0 0 0 0 19 10 21 30 18 12 21 18 14 30 21 10 28 29 10 25 0 0 0 0 13 21 11 13 0 0 0 0 
0 0 0 0 0 0 0 0 22 10 30 22 20 11 22 17 0 0 0 0 29 11 16 27 13 11 10 19 23 16 16 22 0 0 0 0 0 0 0 0 
0 0 0 0 21 28 15 20 25 20 26 28 26 12 21 26 13 16 18 19 11 12 22 12 26 19 16 26 13 25 20 19 0 0 0 0 0 0 0 0 
0 0 0 0 0 0 0 0 0 0 0 0 0 0 0 0 0 0 0 0 0 0 0 0 0 0 0 0 0 0 0 0 0 0 0 0 19 19 18 13 
10 22 14 18 0 0 0 0 0 0 0 0 0 0 0 0 0 0 0 0 0 0 0 0 0 0 0 0 0 0 0 0 0 0 0 0 0 0 0 0 
0 0 0 0 0 0 0 0 0 0 0 0 0 0 0 0 23 18 14 27 0 0 0 0 0 0 0 0 21 27 28 14 0 0 0 0 0 0 0 0 
0 0 0 0 0 0 0 0 0 0 0 0 0 0 0 0 0 0 0 0 21 13 16 28 21 16 25 15 10 24 26 12 19 10 24 16 0 0 0 0 
0 0 0 0 0 0 0 0 19 20 27 12 15 21 16 24 0 0 0 0 0 0 0 0 0 0 0 0 0 0 0 0 0 0 0 0 0 0 0 0 
0 0 0 0 0 0 0 0 0 0 0 0 0 0 0 0 0 0 0 0 0 0 0 0 0 0 0 0 0 0 0 0 0 0 0 0 18 20 18 27 
16 14 12 27 0 0 0 0 0 0 0 0 0 0 0 0 0 0 0 0 0 0 0 0 0 0 0 0 0 0 0 0 0 0 0 0 0 0 0 0 
0 0 0 0 0 0 0 0 15 23 23 30 0 0 0 0 26 10 27 16 0 0 0 0 10 28 13 15 0 0 0 0 0 0 0 0 0 0 0 0 
0 0 0 0 0 0 0 0 0 0 0 0 0 0 0 0 0 0 0 0 11 11 28 11 0 0 0 0 0 0 0 0 0 0 0 0 0 0 0 0 
0 0 0 0 16 15 29 17 29 23 17 24 21 10 23 25 23 19 28 10 17 11 28 24 27 10 22 19 12 27 15 20 27 21 12 24 0 0 0 0 
0 0 0 0 0 0 0 0 0 0 0 0 0 0 0 0 0 0 0 0 0 0 0 0 0 0 0 0 0 0 0 0 0 0 0 0 25 17 11 23 
29 18 21 13 0 0 0 0 0 0 0 0 0 0 0 0 0 0 0 0 0 0 0 0 0 0 0 0 0 0 0 0 0 0 0 0 0 0 0 0 
0 0 0 0 20 10 24 10 23 19 18 17 13 12 26 15 11 13 16 16 15 11 13 13 16 26 24 11 30 16 22 29 23 17 19 18 0 0 0 0 
0 0 0 0 24 16 30 11 0 0 0 0 30 28 24 15 0 0 0 0 0 0 0 0 21 16 19 22 23 19 22 13 22 28 28 27 0 0 0 0 
0 0 0 0 16 16 16 16 0 0 0 0 17 17 23 12 30 25 12 14 0 0 0 0 21 17 23 28 0 0 0 0 21 12 21 13 0 0 0 0 
0 0 0 0 0 0 0 0 0 0 0 0 0 0 0 0 0 0 0 0 0 0 0 0 0 0 0 0 0 0 0 0 0 0 0 0 29 17 24 15 
17 22 26 16 0 0 0 0 0 0 0 0 0 0 0 0 0 0 0 0 0 0 0 0 0 0 0 0 0 0 0 0 0 0 0 0 0 0 0 0 
0 0 0 0 0 0 0 0 0 0 0 0 0 0 0 0 15 17 25 18 0 0 0 0 0 0 0 0 0 0 0 0 0 0 0 0 0 0 0 0 
0 0 0 0 10 12 28 13 12 27 26 13 30 26 16 22 29 22 19 30 22 22 30 16 20 16 12 19 10 14 22 10 11 18 15 26 0 0 0 0 
0 0 0 0 22 16 16 15 24 27 19 29 23 28 17 22 0 0 0 0 11 12 22 19 27 25 14 22 0 0 0 0 0 0 0 0 0 0 0 0 
0 0 0 0 0 0 0 0 0 0 0 0 0 0 0 0 0 0 0 0 0 0 0 0 0 0 0 0 0 0 0 0 0 0 0 0 24 21 27 15 
20 28 25 24 0 0 0 0 0 0 0 0 0 0 0 0 0 0 0 0 0 0 0 0 0 0 0 0 0 0 0 0 0 0 0 0 0 0 0 0 
0 0 0 0 12 11 14 30 25 16 28 15 10 20 19 21 21 16 18 15 27 29 28 16 22 24 29 29 20 29 26 13 17 15 27 14 0 0 0 0 
0 0 0 0 0 0 0 0 13 15 11 25 0 0 0 0 0 0 0 0 11 24 18 23 10 29 21 24 0 0 0 0 0 0 0 0 0 0 0 0 
0 0 0 0 11 24 20 30 0 0 0 0 24 14 16 30 26 28 14 20 21 18 23 23 16 24 27 17 30 10 17 11 28 28 18 14 0 0 0 0 
0 0 0 0 0 0 0 0 0 0 0 0 0 0 0 0 0 0 0 0 0 0 0 0 0 0 0 0 0 0 0 0 0 0 0 0 16 25 17 27 
15 12 15 21 0 0 0 0 0 0 0 0 0 0 0 0 0 0 0 0 0 0 0 0 0 0 0 0 0 0 0 0 0 0 0 0 0 0 0 0 
0 0 0 0 0 0 0 0 21 27 19 26 0 0 0 0 12 10 24 15 14 28 18 11 25 28 14 25 18 29 15 19 11 21 22 20 0 0 0 0 
0 0 0 0 30 15 27 24 0 0 0 0 0 0 0 0 15 16 15 28 14 17 22 20 0 0 0 0 0 0 0 0 0 0 0 0 0 0 0 0 
0 0 0 0 0 0 0 0 17 25 19 11 24 11 15 16 0 0 0 0 21 11 11 10 0 0 0 0 14 25 21 27 10 13 11 30 0 0 0 0 
0 0 0 0 0 0 0 0 0 0 0 0 0 0 0 0 0 0 0 0 0 0 0 0 0 0 0 0 0 0 0 0 0 0 0 0 17 21 15 30
---------------------
 
Processing cost   (0 -- non-optional machine)
Rows: sequential for each operation of each part; Columns: correspond to machine number
14 17 11 18 0 0 0 0 0 0 0 0 0 0 0 0 0 0 0 0 0 0 0 0 0 0 0 0 0 0 0 0 0 0 0 0 0 0 0 0 
0 0 0 0 10 14 11 20 14 16 17 14 12 18 14 16 15 16 13 13 15 15 13 10 18 16 10 10 15 17 10 13 15 11 12 19 0 0 0 0 
0 0 0 0 0 0 0 0 11 15 16 19 13 17 18 10 0 0 0 0 0 0 0 0 0 0 0 0 0 0 0 0 0 0 0 0 0 0 0 0 
0 0 0 0 0 0 0 0 0 0 0 0 0 0 0 0 13 19 13 15 0 0 0 0 0 0 0 0 0 0 0 0 0 0 0 0 0 0 0 0 
0 0 0 0 0 0 0 0 0 0 0 0 0 0 0 0 0 0 0 0 0 0 0 0 0 0 0 0 0 0 0 0 0 0 0 0 12 16 14 17 
13 20 10 18 0 0 0 0 0 0 0 0 0 0 0 0 0 0 0 0 0 0 0 0 0 0 0 0 0 0 0 0 0 0 0 0 0 0 0 0 
0 0 0 0 0 0 0 0 0 0 0 0 0 0 0 0 14 12 15 12 0 0 0 0 0 0 0 0 16 19 13 20 0 0 0 0 0 0 0 0 
0 0 0 0 16 16 18 11 18 12 17 15 20 17 13 13 10 17 13 15 0 0 0 0 18 16 16 20 15 10 12 10 0 0 0 0 0 0 0 0 
0 0 0 0 18 13 13 14 0 0 0 0 0 0 0 0 0 0 0 0 0 0 0 0 0 0 0 0 0 0 0 0 0 0 0 0 0 0 0 0 
0 0 0 0 0 0 0 0 0 0 0 0 0 0 0 0 0 0 0 0 0 0 0 0 0 0 0 0 0 0 0 0 0 0 0 0 11 16 11 12 
12 16 14 16 0 0 0 0 0 0 0 0 0 0 0 0 0 0 0 0 0 0 0 0 0 0 0 0 0 0 0 0 0 0 0 0 0 0 0 0 
0 0 0 0 18 14 15 15 17 15 19 15 10 14 14 14 14 17 12 16 10 18 16 17 18 13 10 15 14 10 15 16 10 12 16 10 0 0 0 0 
0 0 0 0 0 0 0 0 19 17 19 15 0 0 0 0 20 19 20 20 11 14 15 17 0 0 0 0 15 10 18 10 0 0 0 0 0 0 0 0 
0 0 0 0 14 17 18 14 15 14 17 10 19 13 15 12 15 10 19 16 0 0 0 0 0 0 0 0 16 19 18 13 20 18 18 12 0 0 0 0 
0 0 0 0 0 0 0 0 0 0 0 0 0 0 0 0 0 0 0 0 0 0 0 0 0 0 0 0 0 0 0 0 0 0 0 0 20 17 12 19 
12 20 17 17 0 0 0 0 0 0 0 0 0 0 0 0 0 0 0 0 0 0 0 0 0 0 0 0 0 0 0 0 0 0 0 0 0 0 0 0 
0 0 0 0 20 13 15 15 0 0 0 0 0 0 0 0 0 0 0 0 14 14 18 12 17 20 14 10 18 13 11 11 10 15 19 16 0 0 0 0 
0 0 0 0 15 17 19 19 10 17 13 19 12 15 12 10 18 14 12 17 19 10 12 12 13 13 19 20 17 16 19 15 14 14 10 13 0 0 0 0 
0 0 0 0 0 0 0 0 0 0 0 0 15 19 14 17 0 0 0 0 0 0 0 0 0 0 0 0 0 0 0 0 0 0 0 0 0 0 0 0 
0 0 0 0 0 0 0 0 0 0 0 0 0 0 0 0 0 0 0 0 0 0 0 0 0 0 0 0 0 0 0 0 0 0 0 0 10 16 17 15 
19 17 13 17 0 0 0 0 0 0 0 0 0 0 0 0 0 0 0 0 0 0 0 0 0 0 0 0 0 0 0 0 0 0 0 0 0 0 0 0 
0 0 0 0 13 10 20 16 18 11 12 12 0 0 0 0 0 0 0 0 20 11 10 14 12 20 18 17 18 11 18 16 14 17 17 15 0 0 0 0 
0 0 0 0 0 0 0 0 0 0 0 0 0 0 0 0 0 0 0 0 0 0 0 0 0 0 0 0 0 0 0 0 12 13 13 12 0 0 0 0 
0 0 0 0 0 0 0 0 16 15 10 10 11 18 17 15 20 14 12 11 15 19 18 19 11 12 10 18 0 0 0 0 11 11 15 19 0 0 0 0 
0 0 0 0 0 0 0 0 0 0 0 0 0 0 0 0 0 0 0 0 0 0 0 0 0 0 0 0 0 0 0 0 0 0 0 0 19 17 20 20 
18 11 18 10 0 0 0 0 0 0 0 0 0 0 0 0 0 0 0 0 0 0 0 0 0 0 0 0 0 0 0 0 0 0 0 0 0 0 0 0 
0 0 0 0 19 17 14 20 16 12 14 18 17 11 18 16 11 13 13 19 0 0 0 0 19 11 16 19 17 13 18 14 10 17 11 17 0 0 0 0 
0 0 0 0 19 19 14 11 16 13 11 13 0 0 0 0 0 0 0 0 19 15 14 13 0 0 0 0 0 0 0 0 20 12 18 11 0 0 0 0 
0 0 0 0 12 10 14 20 19 18 10 18 12 19 16 20 12 17 17 17 20 19 19 20 0 0 0 0 14 18 16 16 20 15 14 17 0 0 0 0 
0 0 0 0 0 0 0 0 0 0 0 0 0 0 0 0 0 0 0 0 0 0 0 0 0 0 0 0 0 0 0 0 0 0 0 0 20 12 12 13 
18 15 17 11 0 0 0 0 0 0 0 0 0 0 0 0 0 0 0 0 0 0 0 0 0 0 0 0 0 0 0 0 0 0 0 0 0 0 0 0 
0 0 0 0 0 0 0 0 17 10 13 14 0 0 0 0 0 0 0 0 0 0 0 0 0 0 0 0 0 0 0 0 0 0 0 0 0 0 0 0 
0 0 0 0 0 0 0 0 0 0 0 0 17 17 12 15 18 17 17 20 0 0 0 0 0 0 0 0 16 14 20 12 15 19 11 14 0 0 0 0 
0 0 0 0 12 14 17 16 11 12 13 13 13 18 18 19 20 10 18 16 11 14 12 17 11 19 17 18 16 11 20 11 10 17 11 20 0 0 0 0 
0 0 0 0 0 0 0 0 0 0 0 0 0 0 0 0 0 0 0 0 0 0 0 0 0 0 0 0 0 0 0 0 0 0 0 0 11 17 11 20 
19 15 17 13 0 0 0 0 0 0 0 0 0 0 0 0 0 0 0 0 0 0 0 0 0 0 0 0 0 0 0 0 0 0 0 0 0 0 0 0 
0 0 0 0 11 11 20 10 12 13 11 15 10 19 20 13 20 20 20 15 13 12 16 17 18 10 14 10 0 0 0 0 19 17 18 13 0 0 0 0 
0 0 0 0 11 14 18 20 20 18 12 20 0 0 0 0 0 0 0 0 0 0 0 0 17 15 16 16 0 0 0 0 20 14 13 20 0 0 0 0 
0 0 0 0 14 15 11 10 0 0 0 0 0 0 0 0 0 0 0 0 20 12 19 11 0 0 0 0 0 0 0 0 18 16 19 13 0 0 0 0 
0 0 0 0 0 0 0 0 0 0 0 0 0 0 0 0 0 0 0 0 0 0 0 0 0 0 0 0 0 0 0 0 0 0 0 0 11 10 20 12 
17 12 14 18 0 0 0 0 0 0 0 0 0 0 0 0 0 0 0 0 0 0 0 0 0 0 0 0 0 0 0 0 0 0 0 0 0 0 0 0 
0 0 0 0 0 0 0 0 0 0 0 0 0 0 0 0 0 0 0 0 12 13 11 18 15 20 12 11 15 13 11 19 18 15 14 20 0 0 0 0 
0 0 0 0 12 16 12 13 0 0 0 0 0 0 0 0 13 19 12 19 17 10 12 16 0 0 0 0 0 0 0 0 16 20 16 15 0 0 0 0 
0 0 0 0 19 18 19 20 11 16 11 11 20 18 20 19 13 16 10 11 13 15 18 12 16 18 17 13 0 0 0 0 20 20 14 18 0 0 0 0 
0 0 0 0 0 0 0 0 0 0 0 0 0 0 0 0 0 0 0 0 0 0 0 0 0 0 0 0 0 0 0 0 0 0 0 0 19 11 19 16 
10 16 11 15 0 0 0 0 0 0 0 0 0 0 0 0 0 0 0 0 0 0 0 0 0 0 0 0 0 0 0 0 0 0 0 0 0 0 0 0 
0 0 0 0 0 0 0 0 0 0 0 0 19 12 19 16 17 11 19 19 12 16 12 10 12 17 11 20 19 18 12 20 0 0 0 0 0 0 0 0 
0 0 0 0 0 0 0 0 13 11 10 15 14 17 17 15 20 17 17 10 14 11 13 18 17 17 13 15 0 0 0 0 0 0 0 0 0 0 0 0 
0 0 0 0 13 16 15 20 19 14 16 17 18 17 13 12 20 13 12 14 20 19 18 13 20 11 16 14 10 12 15 13 19 14 13 14 0 0 0 0 
0 0 0 0 0 0 0 0 0 0 0 0 0 0 0 0 0 0 0 0 0 0 0 0 0 0 0 0 0 0 0 0 0 0 0 0 14 19 18 13 
19 12 18 19 0 0 0 0 0 0 0 0 0 0 0 0 0 0 0 0 0 0 0 0 0 0 0 0 0 0 0 0 0 0 0 0 0 0 0 0 
0 0 0 0 18 18 16 15 18 16 10 16 14 18 11 20 12 12 19 20 0 0 0 0 15 14 12 17 12 12 11 14 14 10 19 13 0 0 0 0 
0 0 0 0 14 15 12 16 17 11 13 20 0 0 0 0 0 0 0 0 10 20 18 18 13 17 10 20 15 14 15 19 0 0 0 0 0 0 0 0 
0 0 0 0 0 0 0 0 0 0 0 0 0 0 0 0 0 0 0 0 19 10 19 14 13 18 20 16 0 0 0 0 0 0 0 0 0 0 0 0 
0 0 0 0 0 0 0 0 0 0 0 0 0 0 0 0 0 0 0 0 0 0 0 0 0 0 0 0 0 0 0 0 0 0 0 0 20 17 18 13 
10 19 13 17 0 0 0 0 0 0 0 0 0 0 0 0 0 0 0 0 0 0 0 0 0 0 0 0 0 0 0 0 0 0 0 0 0 0 0 0 
0 0 0 0 0 0 0 0 10 20 15 12 18 14 10 16 0 0 0 0 0 0 0 0 0 0 0 0 10 15 18 10 0 0 0 0 0 0 0 0 
0 0 0 0 20 20 19 18 0 0 0 0 0 0 0 0 0 0 0 0 11 11 20 16 0 0 0 0 0 0 0 0 0 0 0 0 0 0 0 0 
0 0 0 0 0 0 0 0 15 19 12 10 0 0 0 0 0 0 0 0 0 0 0 0 12 20 15 15 0 0 0 0 0 0 0 0 0 0 0 0 
0 0 0 0 0 0 0 0 0 0 0 0 0 0 0 0 0 0 0 0 0 0 0 0 0 0 0 0 0 0 0 0 0 0 0 0 10 19 13 19 
18 13 10 19 0 0 0 0 0 0 0 0 0 0 0 0 0 0 0 0 0 0 0 0 0 0 0 0 0 0 0 0 0 0 0 0 0 0 0 0 
0 0 0 0 11 13 11 19 0 0 0 0 0 0 0 0 0 0 0 0 10 16 18 18 0 0 0 0 11 11 14 18 0 0 0 0 0 0 0 0 
0 0 0 0 11 14 13 17 10 17 17 16 15 10 12 11 10 19 18 13 17 10 18 15 13 10 17 11 17 20 19 18 19 10 10 11 0 0 0 0 
0 0 0 0 14 18 20 19 0 0 0 0 0 0 0 0 0 0 0 0 0 0 0 0 10 17 19 12 0 0 0 0 15 20 16 18 0 0 0 0 
0 0 0 0 0 0 0 0 0 0 0 0 0 0 0 0 0 0 0 0 0 0 0 0 0 0 0 0 0 0 0 0 0 0 0 0 18 17 19 14 
17 18 17 18 0 0 0 0 0 0 0 0 0 0 0 0 0 0 0 0 0 0 0 0 0 0 0 0 0 0 0 0 0 0 0 0 0 0 0 0 
0 0 0 0 20 12 18 20 17 13 11 12 0 0 0 0 16 15 17 17 10 13 14 16 0 0 0 0 10 18 15 16 18 16 13 10 0 0 0 0 
0 0 0 0 19 15 18 13 0 0 0 0 0 0 0 0 0 0 0 0 0 0 0 0 12 17 18 11 0 0 0 0 0 0 0 0 0 0 0 0 
0 0 0 0 17 20 14 20 16 10 15 19 20 18 18 14 16 11 16 18 0 0 0 0 0 0 0 0 10 14 14 16 17 18 11 19 0 0 0 0 
0 0 0 0 0 0 0 0 0 0 0 0 0 0 0 0 0 0 0 0 0 0 0 0 0 0 0 0 0 0 0 0 0 0 0 0 16 10 10 11 
14 17 15 16 0 0 0 0 0 0 0 0 0 0 0 0 0 0 0 0 0 0 0 0 0 0 0 0 0 0 0 0 0 0 0 0 0 0 0 0 
0 0 0 0 0 0 0 0 19 15 15 17 0 0 0 0 0 0 0 0 20 14 14 10 19 13 12 15 0 0 0 0 0 0 0 0 0 0 0 0 
0 0 0 0 15 10 16 20 0 0 0 0 0 0 0 0 0 0 0 0 0 0 0 0 0 0 0 0 0 0 0 0 0 0 0 0 0 0 0 0 
0 0 0 0 0 0 0 0 0 0 0 0 0 0 0 0 0 0 0 0 0 0 0 0 0 0 0 0 20 16 19 15 20 17 16 18 0 0 0 0 
0 0 0 0 0 0 0 0 0 0 0 0 0 0 0 0 0 0 0 0 0 0 0 0 0 0 0 0 0 0 0 0 0 0 0 0 14 19 14 17 
10 10 16 20 0 0 0 0 0 0 0 0 0 0 0 0 0 0 0 0 0 0 0 0 0 0 0 0 0 0 0 0 0 0 0 0 0 0 0 0 
0 0 0 0 0 0 0 0 0 0 0 0 0 0 0 0 0 0 0 0 0 0 0 0 11 20 13 19 0 0 0 0 0 0 0 0 0 0 0 0 
0 0 0 0 10 18 12 16 20 16 12 15 12 20 12 11 12 11 15 12 14 10 19 15 0 0 0 0 0 0 0 0 18 18 17 17 0 0 0 0 
0 0 0 0 0 0 0 0 0 0 0 0 12 18 17 13 0 0 0 0 0 0 0 0 0 0 0 0 0 0 0 0 0 0 0 0 0 0 0 0 
0 0 0 0 0 0 0 0 0 0 0 0 0 0 0 0 0 0 0 0 0 0 0 0 0 0 0 0 0 0 0 0 0 0 0 0 10 15 12 10 
17 10 13 18 0 0 0 0 0 0 0 0 0 0 0 0 0 0 0 0 0 0 0 0 0 0 0 0 0 0 0 0 0 0 0 0 0 0 0 0 
0 0 0 0 0 0 0 0 0 0 0 0 10 13 20 18 0 0 0 0 12 17 17 19 13 14 16 16 0 0 0 0 10 19 11 10 0 0 0 0 
0 0 0 0 0 0 0 0 13 13 19 10 12 13 13 20 15 12 20 15 12 18 20 15 19 11 12 18 11 18 14 12 17 10 20 14 0 0 0 0 
0 0 0 0 0 0 0 0 0 0 0 0 17 11 11 14 13 20 19 13 0 0 0 0 0 0 0 0 0 0 0 0 16 11 18 12 0 0 0 0 
0 0 0 0 0 0 0 0 0 0 0 0 0 0 0 0 0 0 0 0 0 0 0 0 0 0 0 0 0 0 0 0 0 0 0 0 18 15 15 15 
20 15 20 12 0 0 0 0 0 0 0 0 0 0 0 0 0 0 0 0 0 0 0 0 0 0 0 0 0 0 0 0 0 0 0 0 0 0 0 0 
0 0 0 0 11 20 18 14 0 0 0 0 13 13 17 18 19 11 15 10 11 14 20 10 13 15 17 15 12 14 17 13 18 17 18 19 0 0 0 0 
0 0 0 0 19 18 13 14 17 11 17 10 19 10 18 12 13 17 17 12 15 16 18 19 14 14 13 14 19 15 20 13 10 13 17 19 0 0 0 0 
0 0 0 0 14 14 16 18 12 14 15 20 16 10 10 10 10 18 19 17 10 12 12 18 20 17 12 11 18 20 12 13 19 10 16 17 0 0 0 0 
0 0 0 0 0 0 0 0 0 0 0 0 0 0 0 0 0 0 0 0 0 0 0 0 0 0 0 0 0 0 0 0 0 0 0 0 10 14 18 19 
17 18 16 20 0 0 0 0 0 0 0 0 0 0 0 0 0 0 0 0 0 0 0 0 0 0 0 0 0 0 0 0 0 0 0 0 0 0 0 0 
0 0 0 0 0 0 0 0 16 20 20 19 0 0 0 0 0 0 0 0 0 0 0 0 20 20 17 18 13 16 11 19 0 0 0 0 0 0 0 0 
0 0 0 0 10 15 18 10 20 16 14 13 12 13 11 18 10 14 12 15 20 19 13 16 19 11 15 19 0 0 0 0 16 10 11 10 0 0 0 0 
0 0 0 0 19 14 19 20 0 0 0 0 0 0 0 0 0 0 0 0 0 0 0 0 0 0 0 0 0 0 0 0 0 0 0 0 0 0 0 0 
0 0 0 0 0 0 0 0 0 0 0 0 0 0 0 0 0 0 0 0 0 0 0 0 0 0 0 0 0 0 0 0 0 0 0 0 18 10 18 15 
16 18 11 18 0 0 0 0 0 0 0 0 0 0 0 0 0 0 0 0 0 0 0 0 0 0 0 0 0 0 0 0 0 0 0 0 0 0 0 0 
0 0 0 0 0 0 0 0 0 0 0 0 0 0 0 0 0 0 0 0 18 14 10 16 0 0 0 0 0 0 0 0 11 16 15 13 0 0 0 0 
0 0 0 0 13 13 13 10 0 0 0 0 0 0 0 0 14 12 13 20 10 12 10 18 11 20 16 13 20 15 12 13 14 11 13 16 0 0 0 0 
0 0 0 0 11 15 20 14 13 17 18 18 0 0 0 0 15 18 20 14 14 17 15 12 15 14 14 15 13 19 11 15 16 14 11 18 0 0 0 0 
0 0 0 0 0 0 0 0 0 0 0 0 0 0 0 0 0 0 0 0 0 0 0 0 0 0 0 0 0 0 0 0 0 0 0 0 19 19 20 19 
17 17 15 15 0 0 0 0 0 0 0 0 0 0 0 0 0 0 0 0 0 0 0 0 0 0 0 0 0 0 0 0 0 0 0 0 0 0 0 0 
0 0 0 0 11 10 16 16 18 17 19 16 17 16 20 11 20 11 12 20 0 0 0 0 0 0 0 0 0 0 0 0 0 0 0 0 0 0 0 0 
0 0 0 0 0 0 0 0 15 16 12 17 0 0 0 0 11 14 17 16 12 13 17 14 19 16 19 11 16 18 13 17 13 10 16 16 0 0 0 0 
0 0 0 0 12 12 18 14 0 0 0 0 0 0 0 0 0 0 0 0 11 12 13 11 11 12 19 16 0 0 0 0 12 14 10 10 0 0 0 0 
0 0 0 0 0 0 0 0 0 0 0 0 0 0 0 0 0 0 0 0 0 0 0 0 0 0 0 0 0 0 0 0 0 0 0 0 13 18 16 11 
13 11 14 16 0 0 0 0 0 0 0 0 0 0 0 0 0 0 0 0 0 0 0 0 0 0 0 0 0 0 0 0 0 0 0 0 0 0 0 0 
0 0 0 0 19 18 15 19 14 19 12 15 15 13 14 20 17 10 20 12 0 0 0 0 18 17 13 11 15 13 10 14 14 10 19 18 0 0 0 0 
0 0 0 0 12 18 15 13 19 11 14 14 0 0 0 0 19 16 16 17 20 13 14 10 13 19 19 19 0 0 0 0 20 18 16 13 0 0 0 0 
0 0 0 0 13 10 17 19 10 17 14 19 10 16 18 16 11 11 14 13 11 19 11 13 0 0 0 0 16 16 13 12 20 14 12 16 0 0 0 0 
0 0 0 0 0 0 0 0 0 0 0 0 0 0 0 0 0 0 0 0 0 0 0 0 0 0 0 0 0 0 0 0 0 0 0 0 14 11 15 18 
20 20 17 12 0 0 0 0 0 0 0 0 0 0 0 0 0 0 0 0 0 0 0 0 0 0 0 0 0 0 0 0 0 0 0 0 0 0 0 0 
0 0 0 0 0 0 0 0 0 0 0 0 0 0 0 0 14 12 20 16 0 0 0 0 10 13 13 10 13 11 18 15 11 14 12 10 0 0 0 0 
0 0 0 0 0 0 0 0 15 13 12 14 0 0 0 0 14 17 10 12 0 0 0 0 0 0 0 0 16 15 17 16 0 0 0 0 0 0 0 0 
0 0 0 0 0 0 0 0 11 19 13 16 0 0 0 0 0 0 0 0 0 0 0 0 0 0 0 0 0 0 0 0 0 0 0 0 0 0 0 0 
0 0 0 0 0 0 0 0 0 0 0 0 0 0 0 0 0 0 0 0 0 0 0 0 0 0 0 0 0 0 0 0 0 0 0 0 18 15 16 20 
10 18 11 17 0 0 0 0 0 0 0 0 0 0 0 0 0 0 0 0 0 0 0 0 0 0 0 0 0 0 0 0 0 0 0 0 0 0 0 0 
0 0 0 0 0 0 0 0 0 0 0 0 10 20 12 13 0 0 0 0 0 0 0 0 0 0 0 0 0 0 0 0 0 0 0 0 0 0 0 0 
0 0 0 0 12 15 11 14 14 19 20 18 16 11 14 14 11 18 15 20 17 18 13 14 13 11 13 11 20 11 19 11 17 16 20 17 0 0 0 0 
0 0 0 0 0 0 0 0 0 0 0 0 12 10 20 14 0 0 0 0 20 19 18 20 0 0 0 0 0 0 0 0 0 0 0 0 0 0 0 0 
0 0 0 0 0 0 0 0 0 0 0 0 0 0 0 0 0 0 0 0 0 0 0 0 0 0 0 0 0 0 0 0 0 0 0 0 15 11 11 11 
19 18 14 10 0 0 0 0 0 0 0 0 0 0 0 0 0 0 0 0 0 0 0 0 0 0 0 0 0 0 0 0 0 0 0 0 0 0 0 0 
0 0 0 0 15 18 19 14 14 20 10 11 18 19 11 15 12 16 20 16 18 17 18 15 14 13 14 10 16 10 14 12 12 16 18 11 0 0 0 0 
0 0 0 0 20 13 19 19 0 0 0 0 0 0 0 0 0 0 0 0 18 14 16 10 13 17 16 10 10 20 19 13 0 0 0 0 0 0 0 0 
0 0 0 0 11 19 16 13 0 0 0 0 20 19 17 15 16 12 12 11 0 0 0 0 16 20 20 19 0 0 0 0 14 17 16 17 0 0 0 0 
0 0 0 0 0 0 0 0 0 0 0 0 0 0 0 0 0 0 0 0 0 0 0 0 0 0 0 0 0 0 0 0 0 0 0 0 14 13 13 10 
12 18 14 19 0 0 0 0 0 0 0 0 0 0 0 0 0 0 0 0 0 0 0 0 0 0 0 0 0 0 0 0 0 0 0 0 0 0 0 0 
0 0 0 0 10 13 16 16 20 10 19 16 0 0 0 0 16 11 19 20 15 10 17 15 0 0 0 0 16 16 16 13 0 0 0 0 0 0 0 0 
0 0 0 0 0 0 0 0 11 10 19 15 12 15 11 16 12 12 15 14 10 14 19 19 0 0 0 0 0 0 0 0 20 17 13 16 0 0 0 0 
0 0 0 0 0 0 0 0 0 0 0 0 0 0 0 0 10 13 20 14 0 0 0 0 0 0 0 0 15 12 19 18 0 0 0 0 0 0 0 0 
0 0 0 0 0 0 0 0 0 0 0 0 0 0 0 0 0 0 0 0 0 0 0 0 0 0 0 0 0 0 0 0 0 0 0 0 12 10 12 10 
13 14 18 12 0 0 0 0 0 0 0 0 0 0 0 0 0 0 0 0 0 0 0 0 0 0 0 0 0 0 0 0 0 0 0 0 0 0 0 0 
0 0 0 0 17 10 10 12 0 0 0 0 0 0 0 0 0 0 0 0 0 0 0 0 0 0 0 0 0 0 0 0 0 0 0 0 0 0 0 0 
0 0 0 0 13 14 15 19 15 15 17 17 0 0 0 0 18 16 17 12 11 11 20 15 20 19 15 11 12 12 15 13 14 19 11 17 0 0 0 0 
0 0 0 0 11 14 13 12 17 20 14 16 20 13 11 14 15 16 11 20 18 20 13 20 0 0 0 0 16 14 17 18 11 11 19 20 0 0 0 0 
0 0 0 0 0 0 0 0 0 0 0 0 0 0 0 0 0 0 0 0 0 0 0 0 0 0 0 0 0 0 0 0 0 0 0 0 13 20 12 18 
20 19 13 18 0 0 0 0 0 0 0 0 0 0 0 0 0 0 0 0 0 0 0 0 0 0 0 0 0 0 0 0 0 0 0 0 0 0 0 0 
0 0 0 0 17 17 13 16 18 14 15 18 18 15 13 15 11 18 12 15 0 0 0 0 13 13 15 14 0 0 0 0 10 10 15 11 0 0 0 0 
0 0 0 0 13 10 13 16 18 18 18 19 0 0 0 0 11 19 19 12 16 20 14 11 15 16 18 10 14 17 15 11 12 20 13 10 0 0 0 0 
0 0 0 0 0 0 0 0 0 0 0 0 0 0 0 0 14 20 10 17 0 0 0 0 18 18 16 12 12 14 14 12 0 0 0 0 0 0 0 0 
0 0 0 0 0 0 0 0 0 0 0 0 0 0 0 0 0 0 0 0 0 0 0 0 0 0 0 0 0 0 0 0 0 0 0 0 14 16 16 12 
18 11 20 10 0 0 0 0 0 0 0 0 0 0 0 0 0 0 0 0 0 0 0 0 0 0 0 0 0 0 0 0 0 0 0 0 0 0 0 0 
0 0 0 0 14 12 12 13 0 0 0 0 10 15 16 11 13 18 16 18 17 19 18 17 13 12 19 11 18 15 15 16 18 19 10 17 0 0 0 0 
0 0 0 0 19 11 18 15 0 0 0 0 0 0 0 0 0 0 0 0 0 0 0 0 0 0 0 0 0 0 0 0 0 0 0 0 0 0 0 0 
0 0 0 0 17 20 20 17 0 0 0 0 0 0 0 0 0 0 0 0 0 0 0 0 0 0 0 0 0 0 0 0 0 0 0 0 0 0 0 0 
0 0 0 0 0 0 0 0 0 0 0 0 0 0 0 0 0 0 0 0 0 0 0 0 0 0 0 0 0 0 0 0 0 0 0 0 12 14 16 19 
10 11 12 12 0 0 0 0 0 0 0 0 0 0 0 0 0 0 0 0 0 0 0 0 0 0 0 0 0 0 0 0 0 0 0 0 0 0 0 0 
0 0 0 0 17 10 13 19 0 0 0 0 0 0 0 0 0 0 0 0 0 0 0 0 10 20 11 20 0 0 0 0 0 0 0 0 0 0 0 0 
0 0 0 0 12 15 17 14 20 18 11 12 0 0 0 0 11 17 19 10 15 10 13 11 12 19 10 17 18 11 14 10 15 17 10 11 0 0 0 0 
0 0 0 0 0 0 0 0 0 0 0 0 0 0 0 0 15 19 15 20 13 20 15 20 11 13 17 15 12 15 11 11 0 0 0 0 0 0 0 0 
0 0 0 0 0 0 0 0 0 0 0 0 0 0 0 0 0 0 0 0 0 0 0 0 0 0 0 0 0 0 0 0 0 0 0 0 17 14 18 19 
15 10 11 16 0 0 0 0 0 0 0 0 0 0 0 0 0 0 0 0 0 0 0 0 0 0 0 0 0 0 0 0 0 0 0 0 0 0 0 0 
0 0 0 0 16 16 10 17 0 0 0 0 17 17 20 18 19 19 13 13 14 14 18 17 18 14 20 14 0 0 0 0 18 16 15 15 0 0 0 0 
0 0 0 0 0 0 0 0 0 0 0 0 0 0 0 0 0 0 0 0 0 0 0 0 17 11 16 16 0 0 0 0 15 18 18 17 0 0 0 0 
0 0 0 0 20 19 11 19 15 14 20 17 0 0 0 0 10 19 16 17 12 20 20 17 16 12 13 10 0 0 0 0 13 16 15 17 0 0 0 0 
0 0 0 0 0 0 0 0 0 0 0 0 0 0 0 0 0 0 0 0 0 0 0 0 0 0 0 0 0 0 0 0 0 0 0 0 17 14 16 14 
16 20 17 15 0 0 0 0 0 0 0 0 0 0 0 0 0 0 0 0 0 0 0 0 0 0 0 0 0 0 0 0 0 0 0 0 0 0 0 0 
0 0 0 0 12 16 14 14 0 0 0 0 0 0 0 0 0 0 0 0 0 0 0 0 0 0 0 0 0 0 0 0 17 13 15 12 0 0 0 0 
0 0 0 0 0 0 0 0 16 20 13 14 14 16 11 17 16 20 10 15 10 18 20 11 10 20 13 13 13 17 17 11 15 12 17 20 0 0 0 0 
0 0 0 0 20 18 13 13 15 17 12 19 15 11 10 15 13 17 13 19 19 20 10 10 15 17 20 15 16 14 14 11 12 16 20 17 0 0 0 0 
0 0 0 0 0 0 0 0 0 0 0 0 0 0 0 0 0 0 0 0 0 0 0 0 0 0 0 0 0 0 0 0 0 0 0 0 20 18 10 20 
19 15 19 16 0 0 0 0 0 0 0 0 0 0 0 0 0 0 0 0 0 0 0 0 0 0 0 0 0 0 0 0 0 0 0 0 0 0 0 0 
0 0 0 0 0 0 0 0 0 0 0 0 0 0 0 0 0 0 0 0 16 12 13 15 20 11 15 12 0 0 0 0 0 0 0 0 0 0 0 0 
0 0 0 0 0 0 0 0 14 15 20 13 0 0 0 0 11 13 19 11 12 14 11 11 13 16 11 15 0 0 0 0 11 13 16 13 0 0 0 0 
0 0 0 0 0 0 0 0 0 0 0 0 0 0 0 0 20 13 18 15 0 0 0 0 11 18 11 19 0 0 0 0 0 0 0 0 0 0 0 0 
0 0 0 0 0 0 0 0 0 0 0 0 0 0 0 0 0 0 0 0 0 0 0 0 0 0 0 0 0 0 0 0 0 0 0 0 14 19 20 18 
16 12 12 14 0 0 0 0 0 0 0 0 0 0 0 0 0 0 0 0 0 0 0 0 0 0 0 0 0 0 0 0 0 0 0 0 0 0 0 0 
0 0 0 0 0 0 0 0 18 18 20 15 0 0 0 0 0 0 0 0 0 0 0 0 0 0 0 0 0 0 0 0 10 11 20 12 0 0 0 0 
0 0 0 0 11 15 14 10 0 0 0 0 0 0 0 0 0 0 0 0 10 13 12 14 20 11 20 19 14 15 13 10 0 0 0 0 0 0 0 0 
0 0 0 0 13 12 17 14 13 19 10 13 16 15 11 13 0 0 0 0 0 0 0 0 0 0 0 0 17 12 14 19 0 0 0 0 0 0 0 0 
0 0 0 0 0 0 0 0 0 0 0 0 0 0 0 0 0 0 0 0 0 0 0 0 0 0 0 0 0 0 0 0 0 0 0 0 16 16 18 12 
17 15 17 17 0 0 0 0 0 0 0 0 0 0 0 0 0 0 0 0 0 0 0 0 0 0 0 0 0 0 0 0 0 0 0 0 0 0 0 0 
0 0 0 0 0 0 0 0 0 0 0 0 0 0 0 0 18 19 14 14 0 0 0 0 0 0 0 0 19 20 18 20 0 0 0 0 0 0 0 0 
0 0 0 0 15 13 13 19 0 0 0 0 20 14 10 19 11 17 16 13 0 0 0 0 0 0 0 0 14 13 20 18 0 0 0 0 0 0 0 0 
0 0 0 0 15 14 14 12 0 0 0 0 11 10 10 10 13 11 19 13 10 19 19 10 0 0 0 0 0 0 0 0 10 19 17 10 0 0 0 0 
0 0 0 0 0 0 0 0 0 0 0 0 0 0 0 0 0 0 0 0 0 0 0 0 0 0 0 0 0 0 0 0 0 0 0 0 20 13 10 19 
18 14 13 15 0 0 0 0 0 0 0 0 0 0 0 0 0 0 0 0 0 0 0 0 0 0 0 0 0 0 0 0 0 0 0 0 0 0 0 0 
0 0 0 0 16 11 18 12 0 0 0 0 0 0 0 0 0 0 0 0 16 13 16 16 11 12 12 11 0 0 0 0 0 0 0 0 0 0 0 0 
0 0 0 0 20 15 11 20 14 11 19 15 10 20 19 12 0 0 0 0 0 0 0 0 0 0 0 0 0 0 0 0 14 18 10 16 0 0 0 0 
0 0 0 0 0 0 0 0 0 0 0 0 0 0 0 0 18 12 13 20 14 20 16 12 11 11 20 17 0 0 0 0 16 17 10 13 0 0 0 0 
0 0 0 0 0 0 0 0 0 0 0 0 0 0 0 0 0 0 0 0 0 0 0 0 0 0 0 0 0 0 0 0 0 0 0 0 13 12 11 14 
17 15 19 12 0 0 0 0 0 0 0 0 0 0 0 0 0 0 0 0 0 0 0 0 0 0 0 0 0 0 0 0 0 0 0 0 0 0 0 0 
0 0 0 0 18 10 18 12 11 16 19 16 0 0 0 0 16 10 10 11 12 16 20 20 20 14 14 19 11 16 15 19 19 12 10 14 0 0 0 0 
0 0 0 0 14 13 16 12 0 0 0 0 0 0 0 0 18 14 14 14 0 0 0 0 0 0 0 0 0 0 0 0 0 0 0 0 0 0 0 0 
0 0 0 0 18 13 13 17 0 0 0 0 20 18 14 14 19 10 18 16 10 20 17 12 0 0 0 0 16 20 13 18 0 0 0 0 0 0 0 0 
0 0 0 0 0 0 0 0 0 0 0 0 0 0 0 0 0 0 0 0 0 0 0 0 0 0 0 0 0 0 0 0 0 0 0 0 20 19 10 10 
10 19 20 13 0 0 0 0 0 0 0 0 0 0 0 0 0 0 0 0 0 0 0 0 0 0 0 0 0 0 0 0 0 0 0 0 0 0 0 0 
0 0 0 0 11 16 17 19 0 0 0 0 15 11 14 14 14 12 15 14 0 0 0 0 0 0 0 0 0 0 0 0 10 12 18 11 0 0 0 0 
0 0 0 0 0 0 0 0 0 0 0 0 16 13 13 14 0 0 0 0 0 0 0 0 15 16 18 20 0 0 0 0 12 16 13 15 0 0 0 0 
0 0 0 0 20 14 10 17 16 16 12 20 12 15 20 18 10 10 16 15 0 0 0 0 17 18 12 12 0 0 0 0 11 17 11 13 0 0 0 0 
0 0 0 0 0 0 0 0 0 0 0 0 0 0 0 0 0 0 0 0 0 0 0 0 0 0 0 0 0 0 0 0 0 0 0 0 13 15 10 20 
20 17 12 20 0 0 0 0 0 0 0 0 0 0 0 0 0 0 0 0 0 0 0 0 0 0 0 0 0 0 0 0 0 0 0 0 0 0 0 0 
0 0 0 0 0 0 0 0 0 0 0 0 0 0 0 0 0 0 0 0 10 11 10 13 0 0 0 0 0 0 0 0 0 0 0 0 0 0 0 0 
0 0 0 0 0 0 0 0 0 0 0 0 0 0 0 0 0 0 0 0 0 0 0 0 20 18 11 16 0 0 0 0 0 0 0 0 0 0 0 0 
0 0 0 0 20 17 12 14 18 18 17 13 0 0 0 0 10 19 11 15 17 10 18 16 10 20 17 16 11 14 20 13 0 0 0 0 0 0 0 0 
0 0 0 0 0 0 0 0 0 0 0 0 0 0 0 0 0 0 0 0 0 0 0 0 0 0 0 0 0 0 0 0 0 0 0 0 17 19 18 13 
16 11 17 17 0 0 0 0 0 0 0 0 0 0 0 0 0 0 0 0 0 0 0 0 0 0 0 0 0 0 0 0 0 0 0 0 0 0 0 0 
0 0 0 0 0 0 0 0 20 11 18 11 0 0 0 0 0 0 0 0 0 0 0 0 0 0 0 0 0 0 0 0 0 0 0 0 0 0 0 0 
0 0 0 0 13 18 13 18 11 13 11 15 0 0 0 0 13 13 11 16 0 0 0 0 0 0 0 0 0 0 0 0 19 11 20 20 0 0 0 0 
0 0 0 0 0 0 0 0 10 19 11 18 14 15 15 17 14 19 19 10 20 17 12 10 0 0 0 0 15 16 13 14 15 10 10 16 0 0 0 0 
0 0 0 0 0 0 0 0 0 0 0 0 0 0 0 0 0 0 0 0 0 0 0 0 0 0 0 0 0 0 0 0 0 0 0 0 12 18 15 17 
11 15 14 10 0 0 0 0 0 0 0 0 0 0 0 0 0 0 0 0 0 0 0 0 0 0 0 0 0 0 0 0 0 0 0 0 0 0 0 0 
0 0 0 0 16 17 10 10 16 18 17 18 17 17 18 17 0 0 0 0 0 0 0 0 14 20 11 19 14 19 13 18 0 0 0 0 0 0 0 0 
0 0 0 0 17 19 13 10 20 12 10 17 0 0 0 0 14 12 11 14 0 0 0 0 18 16 16 17 0 0 0 0 12 11 11 16 0 0 0 0 
0 0 0 0 14 14 17 12 13 19 11 14 13 11 11 20 18 12 14 19 16 20 10 10 18 19 18 20 14 15 15 18 15 18 15 20 0 0 0 0 
0 0 0 0 0 0 0 0 0 0 0 0 0 0 0 0 0 0 0 0 0 0 0 0 0 0 0 0 0 0 0 0 0 0 0 0 17 15 14 18 
18 19 16 12 0 0 0 0 0 0 0 0 0 0 0 0 0 0 0 0 0 0 0 0 0 0 0 0 0 0 0 0 0 0 0 0 0 0 0 0 
0 0 0 0 0 0 0 0 20 20 20 10 0 0 0 0 19 10 18 10 0 0 0 0 0 0 0 0 0 0 0 0 0 0 0 0 0 0 0 0 
0 0 0 0 0 0 0 0 0 0 0 0 12 12 18 18 11 15 13 11 10 16 12 13 0 0 0 0 17 16 17 18 17 14 12 15 0 0 0 0 
0 0 0 0 0 0 0 0 0 0 0 0 0 0 0 0 14 19 20 12 11 19 10 15 0 0 0 0 0 0 0 0 0 0 0 0 0 0 0 0 
0 0 0 0 0 0 0 0 0 0 0 0 0 0 0 0 0 0 0 0 0 0 0 0 0 0 0 0 0 0 0 0 0 0 0 0 15 12 11 17 
20 10 12 18 0 0 0 0 0 0 0 0 0 0 0 0 0 0 0 0 0 0 0 0 0 0 0 0 0 0 0 0 0 0 0 0 0 0 0 0 
0 0 0 0 0 0 0 0 11 12 15 12 0 0 0 0 20 20 11 13 0 0 0 0 18 19 13 14 10 10 14 18 0 0 0 0 0 0 0 0 
0 0 0 0 20 13 20 14 10 14 11 12 19 20 13 11 12 15 10 10 15 17 17 15 17 19 11 18 11 15 11 10 12 20 10 14 0 0 0 0 
0 0 0 0 0 0 0 0 0 0 0 0 0 0 0 0 0 0 0 0 15 17 13 15 0 0 0 0 19 13 19 13 0 0 0 0 0 0 0 0 
0 0 0 0 0 0 0 0 0 0 0 0 0 0 0 0 0 0 0 0 0 0 0 0 0 0 0 0 0 0 0 0 0 0 0 0 17 14 10 13 
10 10 17 17 0 0 0 0 0 0 0 0 0 0 0 0 0 0 0 0 0 0 0 0 0 0 0 0 0 0 0 0 0 0 0 0 0 0 0 0 
0 0 0 0 0 0 0 0 0 0 0 0 13 11 13 11 0 0 0 0 0 0 0 0 0 0 0 0 12 11 17 12 10 18 18 10 0 0 0 0 
0 0 0 0 0 0 0 0 0 0 0 0 0 0 0 0 12 17 20 12 0 0 0 0 0 0 0 0 0 0 0 0 0 0 0 0 0 0 0 0 
0 0 0 0 0 0 0 0 0 0 0 0 0 0 0 0 0 0 0 0 0 0 0 0 0 0 0 0 19 15 12 11 0 0 0 0 0 0 0 0 
0 0 0 0 0 0 0 0 0 0 0 0 0 0 0 0 0 0 0 0 0 0 0 0 0 0 0 0 0 0 0 0 0 0 0 0 13 20 19 18 
20 14 20 12 0 0 0 0 0 0 0 0 0 0 0 0 0 0 0 0 0 0 0 0 0 0 0 0 0 0 0 0 0 0 0 0 0 0 0 0 
0 0 0 0 17 15 15 10 0 0 0 0 0 0 0 0 16 17 12 19 0 0 0 0 14 14 13 15 15 17 18 11 16 17 16 19 0 0 0 0 
0 0 0 0 17 10 13 20 15 15 13 10 0 0 0 0 0 0 0 0 15 18 11 12 0 0 0 0 0 0 0 0 13 16 17 19 0 0 0 0 
0 0 0 0 0 0 0 0 0 0 0 0 0 0 0 0 0 0 0 0 0 0 0 0 0 0 0 0 0 0 0 0 17 13 12 15 0 0 0 0 
0 0 0 0 0 0 0 0 0 0 0 0 0 0 0 0 0 0 0 0 0 0 0 0 0 0 0 0 0 0 0 0 0 0 0 0 20 12 17 17 
19 15 10 11 0 0 0 0 0 0 0 0 0 0 0 0 0 0 0 0 0 0 0 0 0 0 0 0 0 0 0 0 0 0 0 0 0 0 0 0 
0 0 0 0 17 11 18 14 0 0 0 0 16 13 19 16 0 0 0 0 0 0 0 0 12 15 13 12 0 0 0 0 10 15 16 20 0 0 0 0 
0 0 0 0 0 0 0 0 12 15 12 12 10 14 14 10 17 19 10 17 17 19 14 20 17 20 20 12 19 19 17 18 16 14 20 11 0 0 0 0 
0 0 0 0 12 13 13 16 17 10 17 19 14 16 13 13 18 14 11 10 14 16 10 10 20 12 19 15 12 19 20 15 20 15 11 15 0 0 0 0 
0 0 0 0 0 0 0 0 0 0 0 0 0 0 0 0 0 0 0 0 0 0 0 0 0 0 0 0 0 0 0 0 0 0 0 0 14 14 11 16 
13 13 14 20 0 0 0 0 0 0 0 0 0 0 0 0 0 0 0 0 0 0 0 0 0 0 0 0 0 0 0 0 0 0 0 0 0 0 0 0 
0 0 0 0 0 0 0 0 0 0 0 0 0 0 0 0 15 18 15 16 14 11 19 13 15 12 14 20 0 0 0 0 0 0 0 0 0 0 0 0 
0 0 0 0 0 0 0 0 16 11 16 15 0 0 0 0 17 17 20 18 13 11 12 10 20 15 14 19 0 0 0 0 11 11 16 18 0 0 0 0 
0 0 0 0 19 19 11 10 0 0 0 0 0 0 0 0 0 0 0 0 0 0 0 0 18 13 10 20 0 0 0 0 0 0 0 0 0 0 0 0 
0 0 0 0 0 0 0 0 0 0 0 0 0 0 0 0 0 0 0 0 0 0 0 0 0 0 0 0 0 0 0 0 0 0 0 0 11 18 12 11 
12 15 15 19 0 0 0 0 0 0 0 0 0 0 0 0 0 0 0 0 0 0 0 0 0 0 0 0 0 0 0 0 0 0 0 0 0 0 0 0 
0 0 0 0 0 0 0 0 0 0 0 0 0 0 0 0 0 0 0 0 0 0 0 0 0 0 0 0 0 0 0 0 17 11 15 16 0 0 0 0 
0 0 0 0 12 11 20 11 10 18 14 19 0 0 0 0 0 0 0 0 12 13 19 15 0 0 0 0 18 11 16 16 13 17 12 17 0 0 0 0 
0 0 0 0 16 17 19 12 18 12 18 11 10 15 19 19 19 18 10 17 0 0 0 0 0 0 0 0 11 10 18 13 0 0 0 0 0 0 0 0 
0 0 0 0 0 0 0 0 0 0 0 0 0 0 0 0 0 0 0 0 0 0 0 0 0 0 0 0 0 0 0 0 0 0 0 0 14 13 16 17 
16 12 17 14 0 0 0 0 0 0 0 0 0 0 0 0 0 0 0 0 0 0 0 0 0 0 0 0 0 0 0 0 0 0 0 0 0 0 0 0 
0 0 0 0 0 0 0 0 0 0 0 0 0 0 0 0 0 0 0 0 11 15 15 20 0 0 0 0 0 0 0 0 0 0 0 0 0 0 0 0 
0 0 0 0 13 16 17 13 15 13 16 10 13 14 12 14 15 18 16 12 0 0 0 0 14 16 18 19 19 13 10 19 12 18 12 13 0 0 0 0 
0 0 0 0 0 0 0 0 12 10 20 20 13 20 18 13 10 19 17 17 0 0 0 0 0 0 0 0 18 10 15 20 14 12 11 13 0 0 0 0 
0 0 0 0 0 0 0 0 0 0 0 0 0 0 0 0 0 0 0 0 0 0 0 0 0 0 0 0 0 0 0 0 0 0 0 0 12 10 18 18 
13 11 19 14 0 0 0 0 0 0 0 0 0 0 0 0 0 0 0 0 0 0 0 0 0 0 0 0 0 0 0 0 0 0 0 0 0 0 0 0 
0 0 0 0 0 0 0 0 14 13 11 19 17 12 13 16 0 0 0 0 20 19 11 13 0 0 0 0 18 11 11 14 10 12 16 16 0 0 0 0 
0 0 0 0 0 0 0 0 14 11 20 12 11 16 16 10 10 12 17 12 0 0 0 0 0 0 0 0 16 10 11 20 0 0 0 0 0 0 0 0 
0 0 0 0 18 15 13 18 12 14 17 13 16 16 15 14 20 13 19 12 18 16 20 16 15 10 17 10 11 10 15 13 18 13 18 10 0 0 0 0 
0 0 0 0 0 0 0 0 0 0 0 0 0 0 0 0 0 0 0 0 0 0 0 0 0 0 0 0 0 0 0 0 0 0 0 0 17 18 13 10 
10 19 11 15 0 0 0 0 0 0 0 0 0 0 0 0 0 0 0 0 0 0 0 0 0 0 0 0 0 0 0 0 0 0 0 0 0 0 0 0 
0 0 0 0 15 17 19 14 18 17 18 14 12 11 14 20 20 19 10 19 15 14 19 10 11 15 12 19 17 14 10 18 20 10 14 19 0 0 0 0 
0 0 0 0 12 17 19 14 0 0 0 0 0 0 0 0 0 0 0 0 0 0 0 0 0 0 0 0 0 0 0 0 0 0 0 0 0 0 0 0 
0 0 0 0 13 13 15 15 18 20 13 16 18 13 16 12 20 10 19 18 18 19 10 11 0 0 0 0 10 10 11 15 15 10 13 12 0 0 0 0 
0 0 0 0 0 0 0 0 0 0 0 0 0 0 0 0 0 0 0 0 0 0 0 0 0 0 0 0 0 0 0 0 0 0 0 0 15 11 15 19 
17 14 15 19 0 0 0 0 0 0 0 0 0 0 0 0 0 0 0 0 0 0 0 0 0 0 0 0 0 0 0 0 0 0 0 0 0 0 0 0 
0 0 0 0 13 14 20 13 17 13 16 10 12 11 18 15 14 13 16 18 13 12 20 16 11 15 19 11 10 12 18 12 17 11 17 13 0 0 0 0 
0 0 0 0 0 0 0 0 18 16 10 10 0 0 0 0 17 15 20 15 0 0 0 0 0 0 0 0 11 14 14 18 0 0 0 0 0 0 0 0 
0 0 0 0 18 17 10 12 10 12 11 11 16 13 10 18 12 12 18 18 18 12 16 11 11 20 19 11 18 16 15 10 12 19 14 10 0 0 0 0 
0 0 0 0 0 0 0 0 0 0 0 0 0 0 0 0 0 0 0 0 0 0 0 0 0 0 0 0 0 0 0 0 0 0 0 0 18 20 19 18 
16 16 10 20 0 0 0 0 0 0 0 0 0 0 0 0 0 0 0 0 0 0 0 0 0 0 0 0 0 0 0 0 0 0 0 0 0 0 0 0 
0 0 0 0 18 11 15 18 0 0 0 0 0 0 0 0 0 0 0 0 0 0 0 0 20 14 12 12 14 18 16 17 19 17 11 15 0 0 0 0 
0 0 0 0 20 15 11 20 18 10 18 13 17 20 15 20 18 20 17 14 0 0 0 0 0 0 0 0 14 12 19 19 0 0 0 0 0 0 0 0 
0 0 0 0 0 0 0 0 0 0 0 0 0 0 0 0 16 14 10 13 14 15 17 11 0 0 0 0 0 0 0 0 0 0 0 0 0 0 0 0 
0 0 0 0 0 0 0 0 0 0 0 0 0 0 0 0 0 0 0 0 0 0 0 0 0 0 0 0 0 0 0 0 0 0 0 0 15 17 15 18 
19 13 19 15 0 0 0 0 0 0 0 0 0 0 0 0 0 0 0 0 0 0 0 0 0 0 0 0 0 0 0 0 0 0 0 0 0 0 0 0 
0 0 0 0 0 0 0 0 0 0 0 0 0 0 0 0 19 10 13 17 0 0 0 0 0 0 0 0 16 17 14 12 0 0 0 0 0 0 0 0 
0 0 0 0 19 12 12 15 10 12 11 16 16 15 19 20 11 14 17 20 11 19 11 12 14 13 17 10 0 0 0 0 20 14 16 14 0 0 0 0 
0 0 0 0 19 18 15 13 12 19 10 18 16 15 15 12 18 16 17 17 18 19 17 17 0 0 0 0 17 19 12 17 14 11 14 16 0 0 0 0 
0 0 0 0 0 0 0 0 0 0 0 0 0 0 0 0 0 0 0 0 0 0 0 0 0 0 0 0 0 0 0 0 0 0 0 0 18 16 19 17 
16 12 18 17 0 0 0 0 0 0 0 0 0 0 0 0 0 0 0 0 0 0 0 0 0 0 0 0 0 0 0 0 0 0 0 0 0 0 0 0 
0 0 0 0 0 0 0 0 14 15 17 12 0 0 0 0 0 0 0 0 0 0 0 0 0 0 0 0 0 0 0 0 0 0 0 0 0 0 0 0 
0 0 0 0 15 12 18 15 0 0 0 0 0 0 0 0 10 20 17 11 12 11 13 15 19 16 10 18 20 20 15 12 10 15 12 14 0 0 0 0 
0 0 0 0 14 17 16 12 13 10 18 11 17 20 19 12 18 13 15 19 12 11 19 17 13 17 20 11 11 12 14 19 13 18 14 16 0 0 0 0 
0 0 0 0 0 0 0 0 0 0 0 0 0 0 0 0 0 0 0 0 0 0 0 0 0 0 0 0 0 0 0 0 0 0 0 0 19 14 19 12 
13 18 15 14 0 0 0 0 0 0 0 0 0 0 0 0 0 0 0 0 0 0 0 0 0 0 0 0 0 0 0 0 0 0 0 0 0 0 0 0 
0 0 0 0 19 12 12 18 0 0 0 0 0 0 0 0 16 16 16 17 18 18 17 20 18 12 20 14 13 17 12 19 20 19 11 13 0 0 0 0 
0 0 0 0 16 10 10 19 19 10 12 15 0 0 0 0 0 0 0 0 20 13 12 17 14 18 20 16 13 11 12 20 0 0 0 0 0 0 0 0 
0 0 0 0 12 12 10 10 10 19 14 16 0 0 0 0 0 0 0 0 0 0 0 0 11 14 13 15 10 15 13 17 0 0 0 0 0 0 0 0 
0 0 0 0 0 0 0 0 0 0 0 0 0 0 0 0 0 0 0 0 0 0 0 0 0 0 0 0 0 0 0 0 0 0 0 0 12 15 16 11 
12 19 12 20 0 0 0 0 0 0 0 0 0 0 0 0 0 0 0 0 0 0 0 0 0 0 0 0 0 0 0 0 0 0 0 0 0 0 0 0 
0 0 0 0 0 0 0 0 13 12 18 19 14 10 15 12 18 13 11 10 18 16 19 20 10 20 11 11 14 10 19 11 10 15 14 10 0 0 0 0 
0 0 0 0 19 19 11 13 13 12 11 17 11 14 18 19 0 0 0 0 11 13 14 12 0 0 0 0 16 18 10 13 13 19 10 15 0 0 0 0 
0 0 0 0 0 0 0 0 0 0 0 0 20 15 19 10 12 12 16 19 0 0 0 0 12 14 17 12 0 0 0 0 0 0 0 0 0 0 0 0 
0 0 0 0 0 0 0 0 0 0 0 0 0 0 0 0 0 0 0 0 0 0 0 0 0 0 0 0 0 0 0 0 0 0 0 0 10 19 10 16 
20 16 19 20 0 0 0 0 0 0 0 0 0 0 0 0 0 0 0 0 0 0 0 0 0 0 0 0 0 0 0 0 0 0 0 0 0 0 0 0 
0 0 0 0 17 13 19 19 10 11 19 19 20 15 15 18 15 20 14 20 15 12 13 20 0 0 0 0 0 0 0 0 0 0 0 0 0 0 0 0 
0 0 0 0 0 0 0 0 0 0 0 0 0 0 0 0 0 0 0 0 20 12 20 12 0 0 0 0 0 0 0 0 0 0 0 0 0 0 0 0 
0 0 0 0 17 16 10 12 10 18 19 19 15 15 14 18 20 16 13 14 15 10 13 10 11 13 16 17 17 10 18 13 19 18 20 13 0 0 0 0 
0 0 0 0 0 0 0 0 0 0 0 0 0 0 0 0 0 0 0 0 0 0 0 0 0 0 0 0 0 0 0 0 0 0 0 0 10 11 17 14 
11 15 19 14 0 0 0 0 0 0 0 0 0 0 0 0 0 0 0 0 0 0 0 0 0 0 0 0 0 0 0 0 0 0 0 0 0 0 0 0 
0 0 0 0 0 0 0 0 0 0 0 0 0 0 0 0 0 0 0 0 0 0 0 0 11 18 19 15 0 0 0 0 0 0 0 0 0 0 0 0 
0 0 0 0 13 10 20 11 0 0 0 0 17 17 19 11 0 0 0 0 0 0 0 0 0 0 0 0 16 14 15 13 0 0 0 0 0 0 0 0 
0 0 0 0 0 0 0 0 0 0 0 0 0 0 0 0 0 0 0 0 0 0 0 0 0 0 0 0 0 0 0 0 14 20 13 13 0 0 0 0 
0 0 0 0 0 0 0 0 0 0 0 0 0 0 0 0 0 0 0 0 0 0 0 0 0 0 0 0 0 0 0 0 0 0 0 0 19 13 15 16 
13 12 16 17 0 0 0 0 0 0 0 0 0 0 0 0 0 0 0 0 0 0 0 0 0 0 0 0 0 0 0 0 0 0 0 0 0 0 0 0 
0 0 0 0 0 0 0 0 0 0 0 0 19 11 19 16 0 0 0 0 0 0 0 0 0 0 0 0 0 0 0 0 15 19 20 20 0 0 0 0 
0 0 0 0 16 11 17 12 19 10 12 10 0 0 0 0 18 17 17 20 14 16 12 10 12 20 15 19 17 18 18 20 20 17 19 10 0 0 0 0 
0 0 0 0 16 14 20 13 0 0 0 0 0 0 0 0 0 0 0 0 19 20 17 12 0 0 0 0 0 0 0 0 13 14 12 14 0 0 0 0 
0 0 0 0 0 0 0 0 0 0 0 0 0 0 0 0 0 0 0 0 0 0 0 0 0 0 0 0 0 0 0 0 0 0 0 0 19 16 18 17 
11 19 12 20 0 0 0 0 0 0 0 0 0 0 0 0 0 0 0 0 0 0 0 0 0 0 0 0 0 0 0 0 0 0 0 0 0 0 0 0 
0 0 0 0 19 10 17 13 15 13 20 11 0 0 0 0 0 0 0 0 0 0 0 0 0 0 0 0 15 18 14 14 0 0 0 0 0 0 0 0 
0 0 0 0 0 0 0 0 0 0 0 0 10 13 14 17 0 0 0 0 0 0 0 0 0 0 0 0 0 0 0 0 0 0 0 0 0 0 0 0 
0 0 0 0 13 16 15 13 18 13 13 20 18 19 20 19 15 19 14 13 14 15 18 16 19 17 12 15 17 15 15 18 10 20 20 18 0 0 0 0 
0 0 0 0 0 0 0 0 0 0 0 0 0 0 0 0 0 0 0 0 0 0 0 0 0 0 0 0 0 0 0 0 0 0 0 0 12 19 20 18 
17 11 16 13 0 0 0 0 0 0 0 0 0 0 0 0 0 0 0 0 0 0 0 0 0 0 0 0 0 0 0 0 0 0 0 0 0 0 0 0 
0 0 0 0 0 0 0 0 0 0 0 0 14 15 17 19 0 0 0 0 18 15 17 10 0 0 0 0 11 10 19 10 0 0 0 0 0 0 0 0 
0 0 0 0 0 0 0 0 0 0 0 0 0 0 0 0 11 14 14 20 0 0 0 0 18 15 15 12 20 19 17 13 0 0 0 0 0 0 0 0 
0 0 0 0 19 11 10 18 15 11 10 17 15 15 19 17 11 10 14 15 17 18 18 10 20 15 14 17 18 14 18 19 15 18 15 11 0 0 0 0 
0 0 0 0 0 0 0 0 0 0 0 0 0 0 0 0 0 0 0 0 0 0 0 0 0 0 0 0 0 0 0 0 0 0 0 0 17 10 18 15 
15 19 14 14 0 0 0 0 0 0 0 0 0 0 0 0 0 0 0 0 0 0 0 0 0 0 0 0 0 0 0 0 0 0 0 0 0 0 0 0 
0 0 0 0 0 0 0 0 12 20 19 16 0 0 0 0 20 14 14 12 16 10 18 20 19 18 10 18 10 16 13 13 14 17 17 10 0 0 0 0 
0 0 0 0 17 19 17 13 17 15 11 10 19 12 10 10 15 15 10 20 0 0 0 0 20 18 16 19 13 14 13 18 20 19 18 18 0 0 0 0 
0 0 0 0 12 12 15 16 0 0 0 0 15 11 14 19 0 0 0 0 16 19 19 12 0 0 0 0 0 0 0 0 0 0 0 0 0 0 0 0 
0 0 0 0 0 0 0 0 0 0 0 0 0 0 0 0 0 0 0 0 0 0 0 0 0 0 0 0 0 0 0 0 0 0 0 0 18 19 15 13 
20 11 18 16 0 0 0 0 0 0 0 0 0 0 0 0 0 0 0 0 0 0 0 0 0 0 0 0 0 0 0 0 0 0 0 0 0 0 0 0 
0 0 0 0 13 17 16 13 10 18 11 13 14 18 16 12 0 0 0 0 0 0 0 0 0 0 0 0 0 0 0 0 0 0 0 0 0 0 0 0 
0 0 0 0 18 17 16 16 15 18 19 19 15 10 18 17 19 13 15 18 15 20 14 11 0 0 0 0 0 0 0 0 0 0 0 0 0 0 0 0 
0 0 0 0 17 12 12 12 15 13 18 13 0 0 0 0 14 17 12 17 11 11 12 13 0 0 0 0 18 19 13 13 0 0 0 0 0 0 0 0 
0 0 0 0 0 0 0 0 0 0 0 0 0 0 0 0 0 0 0 0 0 0 0 0 0 0 0 0 0 0 0 0 0 0 0 0 13 12 15 16 
12 11 10 14 0 0 0 0 0 0 0 0 0 0 0 0 0 0 0 0 0 0 0 0 0 0 0 0 0 0 0 0 0 0 0 0 0 0 0 0 
0 0 0 0 18 18 11 16 0 0 0 0 15 13 12 18 11 19 15 17 0 0 0 0 0 0 0 0 18 18 11 18 11 16 20 20 0 0 0 0 
0 0 0 0 18 13 19 17 15 20 10 15 14 17 15 19 18 16 13 13 11 19 16 20 0 0 0 0 0 0 0 0 10 12 11 14 0 0 0 0 
0 0 0 0 10 11 11 13 0 0 0 0 0 0 0 0 0 0 0 0 0 0 0 0 15 20 20 10 0 0 0 0 10 17 18 20 0 0 0 0 
0 0 0 0 0 0 0 0 0 0 0 0 0 0 0 0 0 0 0 0 0 0 0 0 0 0 0 0 0 0 0 0 0 0 0 0 14 20 14 20 
19 20 12 12 0 0 0 0 0 0 0 0 0 0 0 0 0 0 0 0 0 0 0 0 0 0 0 0 0 0 0 0 0 0 0 0 0 0 0 0 
0 0 0 0 17 11 10 20 16 19 19 20 0 0 0 0 0 0 0 0 12 12 19 12 19 14 13 14 14 10 12 11 12 18 15 12 0 0 0 0 
0 0 0 0 0 0 0 0 19 10 10 12 15 11 13 20 13 20 11 11 14 11 18 16 13 13 16 11 0 0 0 0 15 20 10 13 0 0 0 0 
0 0 0 0 0 0 0 0 0 0 0 0 12 18 18 14 0 0 0 0 0 0 0 0 0 0 0 0 0 0 0 0 0 0 0 0 0 0 0 0 
0 0 0 0 0 0 0 0 0 0 0 0 0 0 0 0 0 0 0 0 0 0 0 0 0 0 0 0 0 0 0 0 0 0 0 0 15 15 17 19 
12 17 19 11 0 0 0 0 0 0 0 0 0 0 0 0 0 0 0 0 0 0 0 0 0 0 0 0 0 0 0 0 0 0 0 0 0 0 0 0 
0 0 0 0 10 11 18 12 11 10 12 15 0 0 0 0 0 0 0 0 0 0 0 0 19 17 19 16 0 0 0 0 0 0 0 0 0 0 0 0 
0 0 0 0 0 0 0 0 0 0 0 0 0 0 0 0 0 0 0 0 0 0 0 0 0 0 0 0 17 15 17 15 10 12 17 10 0 0 0 0 
0 0 0 0 0 0 0 0 15 11 19 14 0 0 0 0 0 0 0 0 0 0 0 0 18 12 11 19 0 0 0 0 0 0 0 0 0 0 0 0 
0 0 0 0 0 0 0 0 0 0 0 0 0 0 0 0 0 0 0 0 0 0 0 0 0 0 0 0 0 0 0 0 0 0 0 0 14 20 14 14 
20 14 19 13 0 0 0 0 0 0 0 0 0 0 0 0 0 0 0 0 0 0 0 0 0 0 0 0 0 0 0 0 0 0 0 0 0 0 0 0 
0 0 0 0 18 11 15 12 0 0 0 0 10 10 16 19 10 14 20 13 0 0 0 0 15 14 15 11 10 11 12 18 13 13 12 19 0 0 0 0 
0 0 0 0 20 10 13 19 0 0 0 0 19 14 16 10 0 0 0 0 0 0 0 0 0 0 0 0 10 18 20 18 16 11 16 16 0 0 0 0 
0 0 0 0 0 0 0 0 0 0 0 0 0 0 0 0 0 0 0 0 19 17 12 10 0 0 0 0 14 19 17 19 0 0 0 0 0 0 0 0 
0 0 0 0 0 0 0 0 0 0 0 0 0 0 0 0 0 0 0 0 0 0 0 0 0 0 0 0 0 0 0 0 0 0 0 0 10 16 15 18 
20 16 10 12 0 0 0 0 0 0 0 0 0 0 0 0 0 0 0 0 0 0 0 0 0 0 0 0 0 0 0 0 0 0 0 0 0 0 0 0 
0 0 0 0 12 14 19 19 0 0 0 0 14 11 16 12 13 14 11 17 19 12 16 19 17 19 18 16 12 13 10 20 0 0 0 0 0 0 0 0 
0 0 0 0 0 0 0 0 16 10 10 12 15 20 14 19 0 0 0 0 0 0 0 0 0 0 0 0 0 0 0 0 15 16 14 20 0 0 0 0 
0 0 0 0 17 20 11 14 0 0 0 0 16 11 17 16 14 18 16 15 16 15 13 20 11 13 13 18 0 0 0 0 0 0 0 0 0 0 0 0 
0 0 0 0 0 0 0 0 0 0 0 0 0 0 0 0 0 0 0 0 0 0 0 0 0 0 0 0 0 0 0 0 0 0 0 0 15 14 19 15 
13 14 12 18 0 0 0 0 0 0 0 0 0 0 0 0 0 0 0 0 0 0 0 0 0 0 0 0 0 0 0 0 0 0 0 0 0 0 0 0 
0 0 0 0 13 12 12 18 10 18 16 11 17 14 15 15 11 16 16 13 0 0 0 0 11 10 20 11 11 14 11 17 0 0 0 0 0 0 0 0 
0 0 0 0 12 20 16 14 16 14 13 20 12 14 11 20 19 14 19 10 13 14 16 15 12 12 13 18 13 17 14 13 17 17 16 17 0 0 0 0 
0 0 0 0 13 10 19 18 0 0 0 0 15 20 14 17 0 0 0 0 0 0 0 0 0 0 0 0 18 19 20 18 0 0 0 0 0 0 0 0 
0 0 0 0 0 0 0 0 0 0 0 0 0 0 0 0 0 0 0 0 0 0 0 0 0 0 0 0 0 0 0 0 0 0 0 0 19 15 11 13 
18 15 11 12 0 0 0 0 0 0 0 0 0 0 0 0 0 0 0 0 0 0 0 0 0 0 0 0 0 0 0 0 0 0 0 0 0 0 0 0 
0 0 0 0 0 0 0 0 0 0 0 0 0 0 0 0 0 0 0 0 15 19 16 11 0 0 0 0 0 0 0 0 16 19 20 10 0 0 0 0 
0 0 0 0 11 18 13 16 0 0 0 0 0 0 0 0 19 11 20 13 0 0 0 0 0 0 0 0 10 11 14 14 0 0 0 0 0 0 0 0 
0 0 0 0 13 15 16 14 11 10 20 13 0 0 0 0 19 19 18 19 0 0 0 0 15 16 19 14 15 11 15 15 0 0 0 0 0 0 0 0 
0 0 0 0 0 0 0 0 0 0 0 0 0 0 0 0 0 0 0 0 0 0 0 0 0 0 0 0 0 0 0 0 0 0 0 0 15 16 14 13 
13 13 19 17 0 0 0 0 0 0 0 0 0 0 0 0 0 0 0 0 0 0 0 0 0 0 0 0 0 0 0 0 0 0 0 0 0 0 0 0 
0 0 0 0 14 14 10 17 13 17 10 13 11 15 12 19 16 11 10 18 13 17 15 12 16 15 14 11 18 17 12 10 19 11 15 11 0 0 0 0 
0 0 0 0 0 0 0 0 13 16 11 18 0 0 0 0 0 0 0 0 0 0 0 0 0 0 0 0 0 0 0 0 11 19 13 16 0 0 0 0 
0 0 0 0 16 18 20 19 17 12 19 17 19 15 13 10 12 13 14 20 19 18 12 18 17 18 12 11 13 15 16 14 10 11 10 15 0 0 0 0 
0 0 0 0 0 0 0 0 0 0 0 0 0 0 0 0 0 0 0 0 0 0 0 0 0 0 0 0 0 0 0 0 0 0 0 0 19 16 19 20 
17 19 13 18 0 0 0 0 0 0 0 0 0 0 0 0 0 0 0 0 0 0 0 0 0 0 0 0 0 0 0 0 0 0 0 0 0 0 0 0 
0 0 0 0 14 15 15 15 10 12 17 16 13 15 13 11 14 20 11 18 14 12 10 12 10 12 15 15 18 18 17 18 13 16 18 17 0 0 0 0 
0 0 0 0 0 0 0 0 0 0 0 0 0 0 0 0 19 17 15 19 14 11 20 12 0 0 0 0 0 0 0 0 0 0 0 0 0 0 0 0 
0 0 0 0 0 0 0 0 0 0 0 0 0 0 0 0 0 0 0 0 0 0 0 0 0 0 0 0 0 0 0 0 13 12 16 13 0 0 0 0 
0 0 0 0 0 0 0 0 0 0 0 0 0 0 0 0 0 0 0 0 0 0 0 0 0 0 0 0 0 0 0 0 0 0 0 0 13 20 11 17 
17 11 17 14 0 0 0 0 0 0 0 0 0 0 0 0 0 0 0 0 0 0 0 0 0 0 0 0 0 0 0 0 0 0 0 0 0 0 0 0 
0 0 0 0 20 10 19 18 0 0 0 0 10 11 19 14 20 12 15 20 0 0 0 0 10 20 19 16 0 0 0 0 18 17 11 11 0 0 0 0 
0 0 0 0 0 0 0 0 0 0 0 0 15 13 18 16 20 12 15 15 19 17 15 13 19 15 11 15 14 18 12 17 0 0 0 0 0 0 0 0 
0 0 0 0 16 10 16 19 12 15 13 14 0 0 0 0 15 12 11 20 10 20 11 17 16 14 14 11 15 13 18 20 16 18 16 16 0 0 0 0 
0 0 0 0 0 0 0 0 0 0 0 0 0 0 0 0 0 0 0 0 0 0 0 0 0 0 0 0 0 0 0 0 0 0 0 0 11 12 20 15 
12 14 18 20 0 0 0 0 0 0 0 0 0 0 0 0 0 0 0 0 0 0 0 0 0 0 0 0 0 0 0 0 0 0 0 0 0 0 0 0 
0 0 0 0 14 16 14 16 10 15 12 12 11 20 18 16 14 13 15 11 17 20 18 20 17 13 12 16 19 15 18 17 17 15 10 12 0 0 0 0 
0 0 0 0 0 0 0 0 0 0 0 0 0 0 0 0 0 0 0 0 0 0 0 0 0 0 0 0 17 18 14 14 16 17 15 10 0 0 0 0 
0 0 0 0 0 0 0 0 0 0 0 0 13 18 15 20 0 0 0 0 11 17 10 19 0 0 0 0 0 0 0 0 0 0 0 0 0 0 0 0 
0 0 0 0 0 0 0 0 0 0 0 0 0 0 0 0 0 0 0 0 0 0 0 0 0 0 0 0 0 0 0 0 0 0 0 0 18 17 20 14 
10 12 15 16 0 0 0 0 0 0 0 0 0 0 0 0 0 0 0 0 0 0 0 0 0 0 0 0 0 0 0 0 0 0 0 0 0 0 0 0 
0 0 0 0 0 0 0 0 13 14 20 12 20 20 18 14 0 0 0 0 14 17 20 14 15 18 18 11 10 12 20 19 16 13 14 18 0 0 0 0 
0 0 0 0 14 17 11 11 10 15 10 15 0 0 0 0 0 0 0 0 16 13 12 16 0 0 0 0 0 0 0 0 0 0 0 0 0 0 0 0 
0 0 0 0 0 0 0 0 19 16 10 16 10 15 19 18 0 0 0 0 0 0 0 0 0 0 0 0 16 11 13 12 12 15 14 12 0 0 0 0 
0 0 0 0 0 0 0 0 0 0 0 0 0 0 0 0 0 0 0 0 0 0 0 0 0 0 0 0 0 0 0 0 0 0 0 0 18 11 16 14 
13 15 12 18 0 0 0 0 0 0 0 0 0 0 0 0 0 0 0 0 0 0 0 0 0 0 0 0 0 0 0 0 0 0 0 0 0 0 0 0 
0 0 0 0 11 11 17 20 0 0 0 0 16 12 20 14 11 16 13 14 0 0 0 0 17 11 15 14 11 13 13 11 10 19 19 10 0 0 0 0 
0 0 0 0 10 13 18 11 18 15 12 15 11 19 14 17 18 19 16 17 15 15 17 13 10 15 12 17 10 16 11 14 17 17 12 12 0 0 0 0 
0 0 0 0 0 0 0 0 0 0 0 0 0 0 0 0 13 12 13 14 0 0 0 0 0 0 0 0 0 0 0 0 0 0 0 0 0 0 0 0 
0 0 0 0 0 0 0 0 0 0 0 0 0 0 0 0 0 0 0 0 0 0 0 0 0 0 0 0 0 0 0 0 0 0 0 0 16 14 18 15 
17 13 11 12 0 0 0 0 0 0 0 0 0 0 0 0 0 0 0 0 0 0 0 0 0 0 0 0 0 0 0 0 0 0 0 0 0 0 0 0 
0 0 0 0 20 17 11 13 15 10 17 17 0 0 0 0 0 0 0 0 13 10 16 16 20 19 14 13 19 20 10 12 0 0 0 0 0 0 0 0 
0 0 0 0 0 0 0 0 13 10 11 17 14 12 14 18 16 15 11 12 18 12 10 10 18 16 17 12 0 0 0 0 15 18 19 18 0 0 0 0 
0 0 0 0 20 14 14 14 0 0 0 0 0 0 0 0 0 0 0 0 0 0 0 0 0 0 0 0 0 0 0 0 11 11 18 20 0 0 0 0 
0 0 0 0 0 0 0 0 0 0 0 0 0 0 0 0 0 0 0 0 0 0 0 0 0 0 0 0 0 0 0 0 0 0 0 0 20 10 20 17 
19 20 19 13 0 0 0 0 0 0 0 0 0 0 0 0 0 0 0 0 0 0 0 0 0 0 0 0 0 0 0 0 0 0 0 0 0 0 0 0 
0 0 0 0 20 15 14 10 12 20 11 14 0 0 0 0 0 0 0 0 0 0 0 0 0 0 0 0 13 11 11 16 0 0 0 0 0 0 0 0 
0 0 0 0 16 20 17 17 0 0 0 0 0 0 0 0 0 0 0 0 0 0 0 0 0 0 0 0 0 0 0 0 18 19 20 15 0 0 0 0 
0 0 0 0 0 0 0 0 11 15 19 19 0 0 0 0 14 16 16 11 0 0 0 0 0 0 0 0 15 20 12 16 0 0 0 0 0 0 0 0 
0 0 0 0 0 0 0 0 0 0 0 0 0 0 0 0 0 0 0 0 0 0 0 0 0 0 0 0 0 0 0 0 0 0 0 0 17 12 17 11 
11 12 17 11 0 0 0 0 0 0 0 0 0 0 0 0 0 0 0 0 0 0 0 0 0 0 0 0 0 0 0 0 0 0 0 0 0 0 0 0 
0 0 0 0 0 0 0 0 0 0 0 0 0 0 0 0 11 16 17 16 0 0 0 0 0 0 0 0 0 0 0 0 0 0 0 0 0 0 0 0 
0 0 0 0 0 0 0 0 0 0 0 0 0 0 0 0 0 0 0 0 0 0 0 0 10 10 16 16 10 15 18 19 0 0 0 0 0 0 0 0 
0 0 0 0 0 0 0 0 19 13 18 14 15 18 19 11 14 14 12 11 0 0 0 0 0 0 0 0 0 0 0 0 0 0 0 0 0 0 0 0 
0 0 0 0 0 0 0 0 0 0 0 0 0 0 0 0 0 0 0 0 0 0 0 0 0 0 0 0 0 0 0 0 0 0 0 0 12 17 11 12 
14 16 14 20 0 0 0 0 0 0 0 0 0 0 0 0 0 0 0 0 0 0 0 0 0 0 0 0 0 0 0 0 0 0 0 0 0 0 0 0 
0 0 0 0 12 13 15 20 14 12 15 20 0 0 0 0 16 19 20 10 17 20 12 12 13 18 10 19 0 0 0 0 0 0 0 0 0 0 0 0 
0 0 0 0 0 0 0 0 0 0 0 0 0 0 0 0 0 0 0 0 0 0 0 0 17 15 10 11 0 0 0 0 13 18 17 14 0 0 0 0 
0 0 0 0 15 13 18 18 13 19 12 19 20 16 19 18 13 13 14 11 15 18 18 16 10 16 13 13 12 10 20 13 12 19 10 20 0 0 0 0 
0 0 0 0 0 0 0 0 0 0 0 0 0 0 0 0 0 0 0 0 0 0 0 0 0 0 0 0 0 0 0 0 0 0 0 0 20 14 19 20 
14 15 14 18 0 0 0 0 0 0 0 0 0 0 0 0 0 0 0 0 0 0 0 0 0 0 0 0 0 0 0 0 0 0 0 0 0 0 0 0 
0 0 0 0 0 0 0 0 0 0 0 0 12 13 15 14 0 0 0 0 0 0 0 0 16 17 18 17 18 11 20 10 0 0 0 0 0 0 0 0 
0 0 0 0 0 0 0 0 10 10 19 20 0 0 0 0 12 11 19 13 0 0 0 0 11 16 12 19 17 19 13 19 0 0 0 0 0 0 0 0 
0 0 0 0 15 17 10 11 0 0 0 0 19 15 12 11 14 17 11 16 14 15 12 10 15 12 13 17 20 11 14 17 16 19 17 14 0 0 0 0 
0 0 0 0 0 0 0 0 0 0 0 0 0 0 0 0 0 0 0 0 0 0 0 0 0 0 0 0 0 0 0 0 0 0 0 0 20 20 19 20 
19 17 19 14 0 0 0 0 0 0 0 0 0 0 0 0 0 0 0 0 0 0 0 0 0 0 0 0 0 0 0 0 0 0 0 0 0 0 0 0 
0 0 0 0 10 16 15 11 20 14 14 12 13 15 19 10 20 18 14 20 16 14 10 15 0 0 0 0 0 0 0 0 18 11 19 20 0 0 0 0 
0 0 0 0 18 17 11 19 0 0 0 0 0 0 0 0 0 0 0 0 14 15 13 19 11 20 18 11 19 20 14 15 16 11 16 11 0 0 0 0 
0 0 0 0 0 0 0 0 0 0 0 0 0 0 0 0 19 15 14 16 20 14 18 13 0 0 0 0 0 0 0 0 0 0 0 0 0 0 0 0 
0 0 0 0 0 0 0 0 0 0 0 0 0 0 0 0 0 0 0 0 0 0 0 0 0 0 0 0 0 0 0 0 0 0 0 0 11 15 17 12 
16 14 16 15 0 0 0 0 0 0 0 0 0 0 0 0 0 0 0 0 0 0 0 0 0 0 0 0 0 0 0 0 0 0 0 0 0 0 0 0 
0 0 0 0 0 0 0 0 19 18 10 17 20 19 16 20 10 18 19 15 18 20 11 16 17 18 16 15 13 10 18 16 18 14 17 15 0 0 0 0 
0 0 0 0 13 13 16 15 0 0 0 0 14 14 10 18 13 19 17 14 18 15 17 11 14 10 10 17 14 10 17 16 18 13 12 20 0 0 0 0 
0 0 0 0 0 0 0 0 10 11 10 17 12 13 19 14 14 18 12 20 0 0 0 0 0 0 0 0 0 0 0 0 0 0 0 0 0 0 0 0 
0 0 0 0 0 0 0 0 0 0 0 0 0 0 0 0 0 0 0 0 0 0 0 0 0 0 0 0 0 0 0 0 0 0 0 0 10 15 13 20 
18 18 10 11 0 0 0 0 0 0 0 0 0 0 0 0 0 0 0 0 0 0 0 0 0 0 0 0 0 0 0 0 0 0 0 0 0 0 0 0 
0 0 0 0 0 0 0 0 0 0 0 0 0 0 0 0 0 0 0 0 0 0 0 0 0 0 0 0 13 16 12 18 0 0 0 0 0 0 0 0 
0 0 0 0 15 16 20 18 0 0 0 0 0 0 0 0 0 0 0 0 0 0 0 0 0 0 0 0 0 0 0 0 20 11 19 20 0 0 0 0 
0 0 0 0 0 0 0 0 14 18 16 10 0 0 0 0 12 19 20 16 13 19 20 13 0 0 0 0 0 0 0 0 0 0 0 0 0 0 0 0 
0 0 0 0 0 0 0 0 0 0 0 0 0 0 0 0 0 0 0 0 0 0 0 0 0 0 0 0 0 0 0 0 0 0 0 0 11 13 17 12 
16 20 17 16 0 0 0 0 0 0 0 0 0 0 0 0 0 0 0 0 0 0 0 0 0 0 0 0 0 0 0 0 0 0 0 0 0 0 0 0 
0 0 0 0 16 18 18 16 0 0 0 0 0 0 0 0 16 15 18 12 20 12 10 19 0 0 0 0 19 12 12 20 15 18 20 11 0 0 0 0 
0 0 0 0 0 0 0 0 16 13 19 13 12 20 15 14 16 10 18 18 12 18 14 19 17 19 17 10 15 11 11 12 0 0 0 0 0 0 0 0 
0 0 0 0 0 0 0 0 13 14 15 15 0 0 0 0 0 0 0 0 0 0 0 0 0 0 0 0 0 0 0 0 0 0 0 0 0 0 0 0 
0 0 0 0 0 0 0 0 0 0 0 0 0 0 0 0 0 0 0 0 0 0 0 0 0 0 0 0 0 0 0 0 0 0 0 0 14 19 20 20 
19 14 15 17 0 0 0 0 0 0 0 0 0 0 0 0 0 0 0 0 0 0 0 0 0 0 0 0 0 0 0 0 0 0 0 0 0 0 0 0 
0 0 0 0 14 15 16 11 15 14 16 15 0 0 0 0 20 14 13 13 17 13 13 11 0 0 0 0 14 14 19 15 17 18 16 15 0 0 0 0 
0 0 0 0 16 16 18 10 0 0 0 0 0 0 0 0 0 0 0 0 11 13 17 20 0 0 0 0 17 19 13 18 12 13 19 20 0 0 0 0 
0 0 0 0 16 12 17 15 12 10 11 16 19 14 12 12 11 15 16 16 15 15 12 10 14 12 13 19 0 0 0 0 0 0 0 0 0 0 0 0 
0 0 0 0 0 0 0 0 0 0 0 0 0 0 0 0 0 0 0 0 0 0 0 0 0 0 0 0 0 0 0 0 0 0 0 0 15 18 14 15 
17 19 20 12 0 0 0 0 0 0 0 0 0 0 0 0 0 0 0 0 0 0 0 0 0 0 0 0 0 0 0 0 0 0 0 0 0 0 0 0 
0 0 0 0 0 0 0 0 15 17 11 20 13 19 13 12 12 19 12 10 20 17 13 17 0 0 0 0 13 13 15 19 16 17 20 15 0 0 0 0 
0 0 0 0 15 11 14 19 17 11 15 18 16 13 20 11 12 18 19 15 11 11 19 12 17 19 17 17 19 10 20 17 10 13 13 11 0 0 0 0 
0 0 0 0 19 20 11 13 17 10 13 13 0 0 0 0 15 12 14 13 15 18 14 10 0 0 0 0 15 18 10 18 16 18 16 17 0 0 0 0 
0 0 0 0 0 0 0 0 0 0 0 0 0 0 0 0 0 0 0 0 0 0 0 0 0 0 0 0 0 0 0 0 0 0 0 0 11 20 19 16 
20 18 17 18 0 0 0 0 0 0 0 0 0 0 0 0 0 0 0 0 0 0 0 0 0 0 0 0 0 0 0 0 0 0 0 0 0 0 0 0 
0 0 0 0 14 19 14 18 0 0 0 0 0 0 0 0 0 0 0 0 0 0 0 0 0 0 0 0 0 0 0 0 0 0 0 0 0 0 0 0 
0 0 0 0 0 0 0 0 20 18 11 10 14 18 11 20 13 16 14 12 19 12 17 14 0 0 0 0 11 15 14 13 16 20 16 14 0 0 0 0 
0 0 0 0 0 0 0 0 0 0 0 0 14 15 15 10 0 0 0 0 0 0 0 0 0 0 0 0 0 0 0 0 0 0 0 0 0 0 0 0 
0 0 0 0 0 0 0 0 0 0 0 0 0 0 0 0 0 0 0 0 0 0 0 0 0 0 0 0 0 0 0 0 0 0 0 0 12 15 14 20 
18 17 17 14 0 0 0 0 0 0 0 0 0 0 0 0 0 0 0 0 0 0 0 0 0 0 0 0 0 0 0 0 0 0 0 0 0 0 0 0 
0 0 0 0 18 11 17 13 17 17 17 14 18 20 11 17 13 15 12 19 11 14 20 20 14 19 18 19 13 16 10 14 19 16 14 16 0 0 0 0 
0 0 0 0 0 0 0 0 15 18 16 18 17 11 17 19 0 0 0 0 0 0 0 0 0 0 0 0 0 0 0 0 0 0 0 0 0 0 0 0 
0 0 0 0 0 0 0 0 0 0 0 0 0 0 0 0 0 0 0 0 17 13 10 10 0 0 0 0 0 0 0 0 0 0 0 0 0 0 0 0 
0 0 0 0 0 0 0 0 0 0 0 0 0 0 0 0 0 0 0 0 0 0 0 0 0 0 0 0 0 0 0 0 0 0 0 0 16 10 13 19 
14 16 15 10 0 0 0 0 0 0 0 0 0 0 0 0 0 0 0 0 0 0 0 0 0 0 0 0 0 0 0 0 0 0 0 0 0 0 0 0 
0 0 0 0 0 0 0 0 0 0 0 0 0 0 0 0 0 0 0 0 0 0 0 0 0 0 0 0 17 16 17 16 0 0 0 0 0 0 0 0 
0 0 0 0 13 20 12 11 10 17 13 14 0 0 0 0 14 17 17 12 11 10 18 12 0 0 0 0 12 10 14 14 19 18 14 18 0 0 0 0 
0 0 0 0 16 11 17 12 0 0 0 0 18 17 11 17 0 0 0 0 0 0 0 0 17 14 16 18 0 0 0 0 10 10 17 15 0 0 0 0 
0 0 0 0 0 0 0 0 0 0 0 0 0 0 0 0 0 0 0 0 0 0 0 0 0 0 0 0 0 0 0 0 0 0 0 0 10 17 10 19 
15 16 18 14 0 0 0 0 0 0 0 0 0 0 0 0 0 0 0 0 0 0 0 0 0 0 0 0 0 0 0 0 0 0 0 0 0 0 0 0 
0 0 0 0 0 0 0 0 0 0 0 0 0 0 0 0 10 19 17 15 17 16 10 13 0 0 0 0 0 0 0 0 14 14 14 20 0 0 0 0 
0 0 0 0 0 0 0 0 0 0 0 0 0 0 0 0 0 0 0 0 0 0 0 0 0 0 0 0 0 0 0 0 15 11 11 11 0 0 0 0 
0 0 0 0 0 0 0 0 0 0 0 0 17 10 14 19 11 16 19 19 0 0 0 0 0 0 0 0 0 0 0 0 0 0 0 0 0 0 0 0 
0 0 0 0 0 0 0 0 0 0 0 0 0 0 0 0 0 0 0 0 0 0 0 0 0 0 0 0 0 0 0 0 0 0 0 0 17 18 11 20 
10 15 12 14 0 0 0 0 0 0 0 0 0 0 0 0 0 0 0 0 0 0 0 0 0 0 0 0 0 0 0 0 0 0 0 0 0 0 0 0 
0 0 0 0 17 19 11 17 0 0 0 0 10 12 10 13 20 19 20 15 0 0 0 0 20 12 10 20 0 0 0 0 0 0 0 0 0 0 0 0 
0 0 0 0 17 15 18 10 0 0 0 0 0 0 0 0 0 0 0 0 0 0 0 0 0 0 0 0 0 0 0 0 0 0 0 0 0 0 0 0 
0 0 0 0 18 18 16 12 17 15 12 12 10 18 19 19 0 0 0 0 18 15 18 11 15 10 16 17 12 19 17 15 20 16 16 17 0 0 0 0 
0 0 0 0 0 0 0 0 0 0 0 0 0 0 0 0 0 0 0 0 0 0 0 0 0 0 0 0 0 0 0 0 0 0 0 0 10 11 16 16 
17 18 19 18 0 0 0 0 0 0 0 0 0 0 0 0 0 0 0 0 0 0 0 0 0 0 0 0 0 0 0 0 0 0 0 0 0 0 0 0 
0 0 0 0 18 10 18 13 0 0 0 0 18 17 18 11 19 14 18 11 10 13 16 14 13 16 12 10 0 0 0 0 10 18 16 18 0 0 0 0 
0 0 0 0 0 0 0 0 17 13 12 13 18 20 19 10 0 0 0 0 10 20 10 10 14 18 11 15 13 19 18 17 0 0 0 0 0 0 0 0 
0 0 0 0 11 14 16 18 19 13 20 13 15 11 17 15 10 10 16 17 15 19 15 11 16 11 17 15 15 19 10 11 0 0 0 0 0 0 0 0 
0 0 0 0 0 0 0 0 0 0 0 0 0 0 0 0 0 0 0 0 0 0 0 0 0 0 0 0 0 0 0 0 0 0 0 0 10 12 16 16 
19 18 15 16 0 0 0 0 0 0 0 0 0 0 0 0 0 0 0 0 0 0 0 0 0 0 0 0 0 0 0 0 0 0 0 0 0 0 0 0 
0 0 0 0 0 0 0 0 0 0 0 0 0 0 0 0 17 11 18 11 0 0 0 0 0 0 0 0 19 10 18 15 0 0 0 0 0 0 0 0 
0 0 0 0 0 0 0 0 0 0 0 0 0 0 0 0 0 0 0 0 19 17 16 18 14 12 10 20 18 12 13 19 17 14 18 20 0 0 0 0 
0 0 0 0 0 0 0 0 12 12 18 12 14 18 20 15 0 0 0 0 0 0 0 0 0 0 0 0 0 0 0 0 0 0 0 0 0 0 0 0 
0 0 0 0 0 0 0 0 0 0 0 0 0 0 0 0 0 0 0 0 0 0 0 0 0 0 0 0 0 0 0 0 0 0 0 0 18 15 13 10 
13 15 20 19 0 0 0 0 0 0 0 0 0 0 0 0 0 0 0 0 0 0 0 0 0 0 0 0 0 0 0 0 0 0 0 0 0 0 0 0 
0 0 0 0 0 0 0 0 19 20 10 19 0 0 0 0 13 17 10 17 0 0 0 0 10 10 12 20 0 0 0 0 0 0 0 0 0 0 0 0 
0 0 0 0 0 0 0 0 0 0 0 0 0 0 0 0 0 0 0 0 12 19 20 17 0 0 0 0 0 0 0 0 0 0 0 0 0 0 0 0 
0 0 0 0 15 19 15 14 18 19 15 16 19 11 18 16 19 20 14 16 15 13 11 18 17 20 14 15 19 16 15 20 18 10 14 11 0 0 0 0 
0 0 0 0 0 0 0 0 0 0 0 0 0 0 0 0 0 0 0 0 0 0 0 0 0 0 0 0 0 0 0 0 0 0 0 0 12 12 13 10 
18 20 20 14 0 0 0 0 0 0 0 0 0 0 0 0 0 0 0 0 0 0 0 0 0 0 0 0 0 0 0 0 0 0 0 0 0 0 0 0 
0 0 0 0 14 13 13 12 20 18 10 11 20 10 15 11 13 20 12 12 12 17 10 12 17 17 10 11 19 12 20 14 11 14 16 10 0 0 0 0 
0 0 0 0 17 16 10 13 0 0 0 0 11 16 12 14 0 0 0 0 0 0 0 0 20 14 11 20 19 16 16 13 18 14 10 20 0 0 0 0 
0 0 0 0 14 13 11 10 0 0 0 0 18 15 10 15 14 20 10 13 0 0 0 0 10 14 15 15 0 0 0 0 14 16 14 13 0 0 0 0 
0 0 0 0 0 0 0 0 0 0 0 0 0 0 0 0 0 0 0 0 0 0 0 0 0 0 0 0 0 0 0 0 0 0 0 0 10 11 11 20 
18 17 16 20 0 0 0 0 0 0 0 0 0 0 0 0 0 0 0 0 0 0 0 0 0 0 0 0 0 0 0 0 0 0 0 0 0 0 0 0 
0 0 0 0 0 0 0 0 0 0 0 0 0 0 0 0 14 14 15 11 0 0 0 0 0 0 0 0 0 0 0 0 0 0 0 0 0 0 0 0 
0 0 0 0 15 11 18 19 17 20 17 15 20 15 19 13 18 13 19 12 14 16 10 10 13 11 16 15 12 15 18 15 15 15 10 19 0 0 0 0 
0 0 0 0 15 18 12 10 16 15 10 16 12 16 20 13 0 0 0 0 14 19 11 13 19 11 10 17 0 0 0 0 0 0 0 0 0 0 0 0 
0 0 0 0 0 0 0 0 0 0 0 0 0 0 0 0 0 0 0 0 0 0 0 0 0 0 0 0 0 0 0 0 0 0 0 0 12 19 11 15 
19 11 12 15 0 0 0 0 0 0 0 0 0 0 0 0 0 0 0 0 0 0 0 0 0 0 0 0 0 0 0 0 0 0 0 0 0 0 0 0 
0 0 0 0 17 16 19 19 11 15 18 20 17 12 11 17 18 16 17 14 16 18 17 17 10 19 16 20 18 11 10 12 20 12 14 11 0 0 0 0 
0 0 0 0 0 0 0 0 11 13 18 19 0 0 0 0 0 0 0 0 13 14 13 16 17 17 13 18 0 0 0 0 0 0 0 0 0 0 0 0 
0 0 0 0 11 13 12 20 0 0 0 0 12 16 12 15 20 20 16 12 12 19 14 18 12 16 10 19 19 14 12 13 14 14 13 10 0 0 0 0 
0 0 0 0 0 0 0 0 0 0 0 0 0 0 0 0 0 0 0 0 0 0 0 0 0 0 0 0 0 0 0 0 0 0 0 0 13 19 15 18 
11 13 19 20 0 0 0 0 0 0 0 0 0 0 0 0 0 0 0 0 0 0 0 0 0 0 0 0 0 0 0 0 0 0 0 0 0 0 0 0 
0 0 0 0 0 0 0 0 14 14 20 16 0 0 0 0 14 10 13 12 12 19 15 16 16 19 16 13 13 20 13 18 13 12 10 20 0 0 0 0 
0 0 0 0 15 13 20 12 0 0 0 0 0 0 0 0 18 17 20 16 14 15 13 16 0 0 0 0 0 0 0 0 0 0 0 0 0 0 0 0 
0 0 0 0 0 0 0 0 12 11 10 17 19 11 15 10 0 0 0 0 19 15 12 20 0 0 0 0 19 14 11 12 11 14 14 13 0 0 0 0 
0 0 0 0 0 0 0 0 0 0 0 0 0 0 0 0 0 0 0 0 0 0 0 0 0 0 0 0 0 0 0 0 0 0 0 0 12 14 14 11
---------------------
 
Distance between cells
Rows and Columns: correspond to cell number
0 166 385 245 59 131 144 156 279 354 120 406 370 53 413 
166 0 59 443 198 364 209 125 197 335 129 280 255 104 178 
385 59 0 182 347 356 120 321 220 271 291 182 376 115 255 
245 443 182 0 194 217 268 116 51 206 254 308 483 148 416 
59 198 347 194 0 179 80 105 154 170 101 171 298 222 201 
131 364 356 217 179 0 393 167 461 338 442 423 496 116 162 
144 209 120 268 80 393 0 153 447 277 257 457 418 214 365 
156 125 321 116 105 167 153 0 454 193 268 348 245 383 174 
279 197 220 51 154 461 447 454 0 273 336 121 194 236 426 
354 335 271 206 170 338 277 193 273 0 73 196 421 329 165 
120 129 291 254 101 442 257 268 336 73 0 222 266 141 435 
406 280 182 308 171 423 457 348 121 196 222 0 192 206 116 
370 255 376 483 298 496 418 245 194 421 266 192 0 432 173 
53 104 115 148 222 116 214 383 236 329 141 206 432 0 182 
413 178 255 416 201 162 365 174 426 165 435 116 173 182 0
---------------------
 
Distribution of machines in cells   (1 -- if machine m is distributed in cell u;0 -- else) 
Rows: correspond to cell number; Columns: correspond to machine number
0 0 0 0 0 0 0 0 0 0 0 0 0 0 0 0 0 0 0 0 0 0 0 0 0 0 0 0 0 1 0 0 0 0 0 0 0 1 0 0 
0 0 0 0 0 0 1 0 0 0 0 0 0 0 0 0 1 0 0 0 0 0 0 0 0 0 0 0 0 0 0 0 0 0 0 0 0 0 0 0 
0 0 0 0 0 0 0 0 0 0 0 0 0 0 0 0 0 0 0 1 0 0 0 0 0 0 0 0 0 0 1 0 0 0 0 0 1 0 0 0 
1 0 0 0 0 0 0 0 0 0 0 0 1 0 0 0 0 0 0 0 1 0 0 1 0 0 0 0 0 0 0 1 0 0 0 0 0 0 0 0 
0 0 0 0 0 0 0 0 0 0 0 0 0 1 0 0 0 0 0 0 0 0 0 0 0 0 0 0 0 0 0 0 0 0 1 0 0 0 0 0 
0 0 0 0 0 0 0 0 0 1 0 0 0 0 0 0 0 0 0 0 0 0 0 0 0 0 0 0 0 0 0 0 0 0 0 1 0 0 0 0 
0 0 0 0 0 0 0 1 0 0 0 0 0 0 1 0 0 0 0 0 0 0 0 0 0 0 0 0 0 0 0 0 0 0 0 0 0 0 0 0 
0 0 0 1 0 0 0 0 0 0 0 0 0 0 0 0 0 0 0 0 0 0 0 0 0 0 0 0 1 0 0 0 0 0 0 0 0 0 0 0 
0 0 0 0 0 0 0 0 0 0 0 0 0 0 0 0 0 0 1 0 0 0 1 0 0 0 0 1 0 0 0 0 0 0 0 0 0 0 0 0 
0 0 0 0 0 0 0 0 1 0 0 0 0 0 0 0 0 0 0 0 0 0 0 0 0 1 1 0 0 0 0 0 0 0 0 0 0 0 0 0 
0 1 0 0 1 0 0 0 0 0 0 1 0 0 0 0 0 0 0 0 0 0 0 0 0 0 0 0 0 0 0 0 0 0 0 0 0 0 0 1 
0 0 0 0 0 0 0 0 0 0 0 0 0 0 0 0 0 1 0 0 0 0 0 0 0 0 0 0 0 0 0 0 1 0 0 0 0 0 1 0 
0 0 0 0 0 0 0 0 0 0 0 0 0 0 0 1 0 0 0 0 0 0 0 0 0 0 0 0 0 0 0 0 0 1 0 0 0 0 0 0 
0 0 1 0 0 1 0 0 0 0 0 0 0 0 0 0 0 0 0 0 0 1 0 0 0 0 0 0 0 0 0 0 0 0 0 0 0 0 0 0 
0 0 0 0 0 0 0 0 0 0 1 0 0 0 0 0 0 0 0 0 0 0 0 0 1 0 0 0 0 0 0 0 0 0 0 0 0 0 0 0
---------------------
 
