Adaption from Behnke36

Number of operations for each part
5 5 5 5 5 5 5 5 5 5 5 5 5 5 5 5 5 5 5 5 5 5 5 5 5 5 5 5 5 5 5 5 5 5 5 5 5 5 5 5 5 5 5 5 5 5 5 5 5 5 5 5 5 5 5 5 5 5 5 5 5 5 5 5 5 5 5 5 5 5 5 5 5 5 5 5 5 5 5 5 5 5 5 5 5 5 5 5 5 5 5 5 5 5 5 5 5 5 5 5
---------------------
 
Processing time   (0 -- non-optional machine)
Rows: sequential for each operation of each part; Columns: correspond to machine number
21 19 19 15 0 0 0 0 0 0 0 0 0 0 0 0 0 0 0 0 0 0 0 0 0 0 0 0 0 0 0 0 0 0 0 0 0 0 0 0 
0 0 0 0 0 0 0 0 0 0 0 0 19 10 20 16 0 0 0 0 0 0 0 0 0 0 0 0 22 29 29 30 0 0 0 0 0 0 0 0 
0 0 0 0 16 11 30 10 16 23 29 30 0 0 0 0 28 20 21 14 11 11 30 15 21 20 10 22 14 16 18 15 12 11 13 17 0 0 0 0 
0 0 0 0 12 14 22 21 0 0 0 0 22 23 23 20 30 14 15 13 28 11 18 21 12 17 10 12 10 16 11 13 12 28 19 17 0 0 0 0 
0 0 0 0 0 0 0 0 0 0 0 0 0 0 0 0 0 0 0 0 0 0 0 0 0 0 0 0 0 0 0 0 0 0 0 0 16 19 18 27 
27 29 14 24 0 0 0 0 0 0 0 0 0 0 0 0 0 0 0 0 0 0 0 0 0 0 0 0 0 0 0 0 0 0 0 0 0 0 0 0 
0 0 0 0 0 0 0 0 0 0 0 0 0 0 0 0 0 0 0 0 0 0 0 0 12 16 19 27 21 10 17 11 0 0 0 0 0 0 0 0 
0 0 0 0 17 20 17 25 0 0 0 0 10 18 10 29 10 23 25 22 18 12 11 11 0 0 0 0 23 19 17 20 10 10 27 29 0 0 0 0 
0 0 0 0 29 13 23 28 10 21 25 21 30 17 15 26 26 28 13 14 0 0 0 0 13 14 28 13 0 0 0 0 30 26 22 13 0 0 0 0 
0 0 0 0 0 0 0 0 0 0 0 0 0 0 0 0 0 0 0 0 0 0 0 0 0 0 0 0 0 0 0 0 0 0 0 0 14 12 21 17 
15 13 23 25 0 0 0 0 0 0 0 0 0 0 0 0 0 0 0 0 0 0 0 0 0 0 0 0 0 0 0 0 0 0 0 0 0 0 0 0 
0 0 0 0 0 0 0 0 0 0 0 0 0 0 0 0 0 0 0 0 29 28 23 18 0 0 0 0 0 0 0 0 0 0 0 0 0 0 0 0 
0 0 0 0 0 0 0 0 14 14 15 20 0 0 0 0 0 0 0 0 0 0 0 0 0 0 0 0 0 0 0 0 0 0 0 0 0 0 0 0 
0 0 0 0 26 22 28 22 29 12 18 27 0 0 0 0 0 0 0 0 28 16 26 30 28 13 11 15 0 0 0 0 16 30 16 14 0 0 0 0 
0 0 0 0 0 0 0 0 0 0 0 0 0 0 0 0 0 0 0 0 0 0 0 0 0 0 0 0 0 0 0 0 0 0 0 0 19 26 11 20 
19 22 12 23 0 0 0 0 0 0 0 0 0 0 0 0 0 0 0 0 0 0 0 0 0 0 0 0 0 0 0 0 0 0 0 0 0 0 0 0 
0 0 0 0 10 28 28 20 15 11 18 25 23 12 18 26 17 24 25 11 30 18 22 13 24 13 11 22 20 26 23 18 16 10 26 29 0 0 0 0 
0 0 0 0 22 21 19 14 21 10 20 27 0 0 0 0 25 21 28 14 0 0 0 0 20 19 27 23 12 21 15 21 16 28 10 21 0 0 0 0 
0 0 0 0 0 0 0 0 0 0 0 0 0 0 0 0 0 0 0 0 13 12 12 25 0 0 0 0 0 0 0 0 0 0 0 0 0 0 0 0 
0 0 0 0 0 0 0 0 0 0 0 0 0 0 0 0 0 0 0 0 0 0 0 0 0 0 0 0 0 0 0 0 0 0 0 0 26 29 23 10 
10 19 30 10 0 0 0 0 0 0 0 0 0 0 0 0 0 0 0 0 0 0 0 0 0 0 0 0 0 0 0 0 0 0 0 0 0 0 0 0 
0 0 0 0 0 0 0 0 0 0 0 0 0 0 0 0 0 0 0 0 27 11 13 20 14 21 11 29 20 11 25 26 0 0 0 0 0 0 0 0 
0 0 0 0 0 0 0 0 16 27 25 27 0 0 0 0 0 0 0 0 0 0 0 0 20 20 23 28 0 0 0 0 18 28 19 27 0 0 0 0 
0 0 0 0 23 27 26 26 20 12 26 21 19 15 20 11 11 28 20 30 0 0 0 0 18 25 17 14 27 23 24 16 28 12 24 19 0 0 0 0 
0 0 0 0 0 0 0 0 0 0 0 0 0 0 0 0 0 0 0 0 0 0 0 0 0 0 0 0 0 0 0 0 0 0 0 0 15 23 28 28 
19 10 19 19 0 0 0 0 0 0 0 0 0 0 0 0 0 0 0 0 0 0 0 0 0 0 0 0 0 0 0 0 0 0 0 0 0 0 0 0 
0 0 0 0 0 0 0 0 0 0 0 0 0 0 0 0 23 29 20 17 10 15 14 11 0 0 0 0 0 0 0 0 15 22 17 23 0 0 0 0 
0 0 0 0 16 28 29 10 0 0 0 0 0 0 0 0 12 25 16 26 0 0 0 0 0 0 0 0 0 0 0 0 0 0 0 0 0 0 0 0 
0 0 0 0 18 13 18 24 22 29 16 13 18 15 24 27 10 26 16 19 23 17 29 17 0 0 0 0 0 0 0 0 11 11 30 28 0 0 0 0 
0 0 0 0 0 0 0 0 0 0 0 0 0 0 0 0 0 0 0 0 0 0 0 0 0 0 0 0 0 0 0 0 0 0 0 0 12 25 16 26 
24 23 25 22 0 0 0 0 0 0 0 0 0 0 0 0 0 0 0 0 0 0 0 0 0 0 0 0 0 0 0 0 0 0 0 0 0 0 0 0 
0 0 0 0 0 0 0 0 13 23 24 28 11 25 23 30 0 0 0 0 11 20 21 17 12 25 23 18 15 27 10 21 19 28 25 29 0 0 0 0 
0 0 0 0 0 0 0 0 26 13 29 27 0 0 0 0 0 0 0 0 0 0 0 0 0 0 0 0 25 21 18 25 30 14 21 13 0 0 0 0 
0 0 0 0 0 0 0 0 0 0 0 0 0 0 0 0 0 0 0 0 0 0 0 0 29 20 12 10 0 0 0 0 12 16 30 30 0 0 0 0 
0 0 0 0 0 0 0 0 0 0 0 0 0 0 0 0 0 0 0 0 0 0 0 0 0 0 0 0 0 0 0 0 0 0 0 0 19 22 24 21 
28 26 23 12 0 0 0 0 0 0 0 0 0 0 0 0 0 0 0 0 0 0 0 0 0 0 0 0 0 0 0 0 0 0 0 0 0 0 0 0 
0 0 0 0 20 21 15 19 14 23 28 24 25 30 22 23 25 18 21 23 25 14 18 28 17 11 30 12 18 23 12 28 16 19 22 14 0 0 0 0 
0 0 0 0 0 0 0 0 23 30 17 23 0 0 0 0 0 0 0 0 11 13 28 23 0 0 0 0 0 0 0 0 0 0 0 0 0 0 0 0 
0 0 0 0 23 29 30 11 0 0 0 0 0 0 0 0 0 0 0 0 24 29 25 25 19 10 28 23 18 25 30 20 12 22 10 15 0 0 0 0 
0 0 0 0 0 0 0 0 0 0 0 0 0 0 0 0 0 0 0 0 0 0 0 0 0 0 0 0 0 0 0 0 0 0 0 0 29 28 23 12 
28 29 14 30 0 0 0 0 0 0 0 0 0 0 0 0 0 0 0 0 0 0 0 0 0 0 0 0 0 0 0 0 0 0 0 0 0 0 0 0 
0 0 0 0 25 23 21 10 0 0 0 0 18 28 10 29 15 22 29 12 0 0 0 0 21 25 28 23 0 0 0 0 30 22 20 25 0 0 0 0 
0 0 0 0 0 0 0 0 0 0 0 0 0 0 0 0 0 0 0 0 28 17 16 12 0 0 0 0 0 0 0 0 30 10 21 26 0 0 0 0 
0 0 0 0 15 22 18 24 28 18 21 30 24 24 17 24 11 27 29 23 0 0 0 0 17 13 27 19 29 17 19 16 27 23 29 12 0 0 0 0 
0 0 0 0 0 0 0 0 0 0 0 0 0 0 0 0 0 0 0 0 0 0 0 0 0 0 0 0 0 0 0 0 0 0 0 0 22 24 25 17 
27 24 22 23 0 0 0 0 0 0 0 0 0 0 0 0 0 0 0 0 0 0 0 0 0 0 0 0 0 0 0 0 0 0 0 0 0 0 0 0 
0 0 0 0 28 15 16 25 29 18 16 20 19 15 26 13 0 0 0 0 12 15 24 18 10 26 16 17 28 30 29 15 20 22 21 13 0 0 0 0 
0 0 0 0 0 0 0 0 0 0 0 0 0 0 0 0 13 28 17 25 0 0 0 0 21 23 12 15 18 20 21 20 0 0 0 0 0 0 0 0 
0 0 0 0 0 0 0 0 29 19 25 22 0 0 0 0 27 27 29 26 14 14 13 25 0 0 0 0 0 0 0 0 19 18 28 19 0 0 0 0 
0 0 0 0 0 0 0 0 0 0 0 0 0 0 0 0 0 0 0 0 0 0 0 0 0 0 0 0 0 0 0 0 0 0 0 0 11 12 10 18 
30 24 12 26 0 0 0 0 0 0 0 0 0 0 0 0 0 0 0 0 0 0 0 0 0 0 0 0 0 0 0 0 0 0 0 0 0 0 0 0 
0 0 0 0 21 20 10 19 17 22 28 12 0 0 0 0 0 0 0 0 0 0 0 0 28 11 27 23 0 0 0 0 0 0 0 0 0 0 0 0 
0 0 0 0 0 0 0 0 0 0 0 0 0 0 0 0 0 0 0 0 0 0 0 0 16 11 28 19 24 10 19 10 16 23 22 13 0 0 0 0 
0 0 0 0 0 0 0 0 22 13 10 15 0 0 0 0 0 0 0 0 29 13 23 17 0 0 0 0 26 18 15 14 0 0 0 0 0 0 0 0 
0 0 0 0 0 0 0 0 0 0 0 0 0 0 0 0 0 0 0 0 0 0 0 0 0 0 0 0 0 0 0 0 0 0 0 0 27 18 21 11 
24 10 21 14 0 0 0 0 0 0 0 0 0 0 0 0 0 0 0 0 0 0 0 0 0 0 0 0 0 0 0 0 0 0 0 0 0 0 0 0 
0 0 0 0 0 0 0 0 0 0 0 0 19 15 22 20 0 0 0 0 0 0 0 0 0 0 0 0 0 0 0 0 0 0 0 0 0 0 0 0 
0 0 0 0 0 0 0 0 13 14 28 29 22 12 30 17 23 22 27 19 0 0 0 0 0 0 0 0 10 15 12 18 0 0 0 0 0 0 0 0 
0 0 0 0 0 0 0 0 0 0 0 0 0 0 0 0 0 0 0 0 0 0 0 0 0 0 0 0 0 0 0 0 24 21 24 10 0 0 0 0 
0 0 0 0 0 0 0 0 0 0 0 0 0 0 0 0 0 0 0 0 0 0 0 0 0 0 0 0 0 0 0 0 0 0 0 0 15 25 14 24 
17 19 26 29 0 0 0 0 0 0 0 0 0 0 0 0 0 0 0 0 0 0 0 0 0 0 0 0 0 0 0 0 0 0 0 0 0 0 0 0 
0 0 0 0 22 23 29 29 19 12 25 29 25 24 20 28 15 29 26 17 12 11 20 16 25 16 12 29 17 10 17 13 26 11 24 15 0 0 0 0 
0 0 0 0 0 0 0 0 0 0 0 0 0 0 0 0 22 24 30 11 10 27 10 21 0 0 0 0 0 0 0 0 0 0 0 0 0 0 0 0 
0 0 0 0 0 0 0 0 0 0 0 0 0 0 0 0 0 0 0 0 14 15 28 28 0 0 0 0 0 0 0 0 0 0 0 0 0 0 0 0 
0 0 0 0 0 0 0 0 0 0 0 0 0 0 0 0 0 0 0 0 0 0 0 0 0 0 0 0 0 0 0 0 0 0 0 0 19 19 25 20 
28 25 15 23 0 0 0 0 0 0 0 0 0 0 0 0 0 0 0 0 0 0 0 0 0 0 0 0 0 0 0 0 0 0 0 0 0 0 0 0 
0 0 0 0 27 19 14 16 29 25 23 30 12 11 15 30 29 20 29 18 12 28 30 11 14 20 12 12 20 17 16 15 14 28 28 12 0 0 0 0 
0 0 0 0 25 14 16 27 12 27 27 28 14 26 28 14 22 18 28 29 10 15 18 25 22 29 16 18 26 12 23 29 24 21 15 20 0 0 0 0 
0 0 0 0 28 21 13 27 21 18 18 16 0 0 0 0 0 0 0 0 30 29 14 21 0 0 0 0 0 0 0 0 20 12 25 29 0 0 0 0 
0 0 0 0 0 0 0 0 0 0 0 0 0 0 0 0 0 0 0 0 0 0 0 0 0 0 0 0 0 0 0 0 0 0 0 0 17 28 17 28 
10 29 13 24 0 0 0 0 0 0 0 0 0 0 0 0 0 0 0 0 0 0 0 0 0 0 0 0 0 0 0 0 0 0 0 0 0 0 0 0 
0 0 0 0 0 0 0 0 13 11 29 11 0 0 0 0 10 13 14 13 0 0 0 0 25 27 22 25 0 0 0 0 0 0 0 0 0 0 0 0 
0 0 0 0 0 0 0 0 19 21 12 13 0 0 0 0 0 0 0 0 25 14 19 17 0 0 0 0 0 0 0 0 0 0 0 0 0 0 0 0 
0 0 0 0 0 0 0 0 27 15 28 15 0 0 0 0 0 0 0 0 20 26 14 10 24 29 15 12 27 13 21 10 17 23 20 21 0 0 0 0 
0 0 0 0 0 0 0 0 0 0 0 0 0 0 0 0 0 0 0 0 0 0 0 0 0 0 0 0 0 0 0 0 0 0 0 0 13 25 10 18 
21 16 22 30 0 0 0 0 0 0 0 0 0 0 0 0 0 0 0 0 0 0 0 0 0 0 0 0 0 0 0 0 0 0 0 0 0 0 0 0 
0 0 0 0 20 11 27 10 0 0 0 0 0 0 0 0 0 0 0 0 0 0 0 0 27 24 13 19 0 0 0 0 0 0 0 0 0 0 0 0 
0 0 0 0 0 0 0 0 0 0 0 0 24 29 11 12 23 19 29 22 0 0 0 0 18 13 17 17 0 0 0 0 0 0 0 0 0 0 0 0 
0 0 0 0 0 0 0 0 10 16 30 24 24 11 18 24 23 14 13 28 27 24 15 22 30 27 26 28 0 0 0 0 13 21 15 13 0 0 0 0 
0 0 0 0 0 0 0 0 0 0 0 0 0 0 0 0 0 0 0 0 0 0 0 0 0 0 0 0 0 0 0 0 0 0 0 0 11 30 19 29 
19 26 14 16 0 0 0 0 0 0 0 0 0 0 0 0 0 0 0 0 0 0 0 0 0 0 0 0 0 0 0 0 0 0 0 0 0 0 0 0 
0 0 0 0 0 0 0 0 21 17 20 11 0 0 0 0 12 10 18 20 19 26 15 13 0 0 0 0 0 0 0 0 0 0 0 0 0 0 0 0 
0 0 0 0 25 12 22 16 13 10 10 13 0 0 0 0 28 27 19 14 10 24 29 13 0 0 0 0 0 0 0 0 0 0 0 0 0 0 0 0 
0 0 0 0 10 27 21 21 19 28 17 10 24 14 23 28 24 23 21 12 21 15 14 25 20 10 20 13 13 29 12 25 0 0 0 0 0 0 0 0 
0 0 0 0 0 0 0 0 0 0 0 0 0 0 0 0 0 0 0 0 0 0 0 0 0 0 0 0 0 0 0 0 0 0 0 0 24 17 16 18 
28 19 19 21 0 0 0 0 0 0 0 0 0 0 0 0 0 0 0 0 0 0 0 0 0 0 0 0 0 0 0 0 0 0 0 0 0 0 0 0 
0 0 0 0 22 10 10 29 0 0 0 0 18 20 15 22 20 11 17 14 15 14 20 13 11 27 22 23 19 18 22 20 12 30 11 19 0 0 0 0 
0 0 0 0 12 30 18 24 13 17 17 29 0 0 0 0 11 25 11 22 12 16 30 28 16 20 15 24 0 0 0 0 24 14 18 27 0 0 0 0 
0 0 0 0 16 28 20 29 0 0 0 0 22 14 15 30 22 23 22 24 16 24 28 27 11 30 12 22 26 15 14 19 14 17 14 16 0 0 0 0 
0 0 0 0 0 0 0 0 0 0 0 0 0 0 0 0 0 0 0 0 0 0 0 0 0 0 0 0 0 0 0 0 0 0 0 0 20 27 14 18 
30 10 11 17 0 0 0 0 0 0 0 0 0 0 0 0 0 0 0 0 0 0 0 0 0 0 0 0 0 0 0 0 0 0 0 0 0 0 0 0 
0 0 0 0 17 13 19 25 27 22 16 19 11 11 30 24 11 12 30 25 14 15 14 18 29 22 23 15 25 20 14 16 22 30 19 16 0 0 0 0 
0 0 0 0 29 12 11 25 0 0 0 0 19 20 16 30 0 0 0 0 15 21 21 13 0 0 0 0 0 0 0 0 11 30 21 27 0 0 0 0 
0 0 0 0 0 0 0 0 0 0 0 0 0 0 0 0 0 0 0 0 10 19 27 21 30 23 18 24 0 0 0 0 13 25 20 27 0 0 0 0 
0 0 0 0 0 0 0 0 0 0 0 0 0 0 0 0 0 0 0 0 0 0 0 0 0 0 0 0 0 0 0 0 0 0 0 0 11 22 25 11 
24 27 18 19 0 0 0 0 0 0 0 0 0 0 0 0 0 0 0 0 0 0 0 0 0 0 0 0 0 0 0 0 0 0 0 0 0 0 0 0 
0 0 0 0 0 0 0 0 27 15 11 23 0 0 0 0 21 22 10 18 0 0 0 0 0 0 0 0 20 13 20 26 0 0 0 0 0 0 0 0 
0 0 0 0 0 0 0 0 0 0 0 0 0 0 0 0 25 18 18 20 19 10 15 29 14 12 14 22 27 26 25 20 17 29 17 28 0 0 0 0 
0 0 0 0 0 0 0 0 0 0 0 0 0 0 0 0 0 0 0 0 0 0 0 0 0 0 0 0 0 0 0 0 20 23 15 14 0 0 0 0 
0 0 0 0 0 0 0 0 0 0 0 0 0 0 0 0 0 0 0 0 0 0 0 0 0 0 0 0 0 0 0 0 0 0 0 0 24 22 21 15 
13 14 18 12 0 0 0 0 0 0 0 0 0 0 0 0 0 0 0 0 0 0 0 0 0 0 0 0 0 0 0 0 0 0 0 0 0 0 0 0 
0 0 0 0 0 0 0 0 24 26 28 23 18 26 22 21 13 11 10 15 14 10 14 24 23 24 23 18 27 13 28 28 27 26 16 28 0 0 0 0 
0 0 0 0 12 30 24 29 0 0 0 0 18 18 14 17 0 0 0 0 21 11 18 28 30 11 20 15 15 24 13 23 0 0 0 0 0 0 0 0 
0 0 0 0 0 0 0 0 0 0 0 0 15 11 14 25 0 0 0 0 30 15 11 15 26 14 18 12 16 13 17 16 0 0 0 0 0 0 0 0 
0 0 0 0 0 0 0 0 0 0 0 0 0 0 0 0 0 0 0 0 0 0 0 0 0 0 0 0 0 0 0 0 0 0 0 0 17 11 20 26 
25 21 14 28 0 0 0 0 0 0 0 0 0 0 0 0 0 0 0 0 0 0 0 0 0 0 0 0 0 0 0 0 0 0 0 0 0 0 0 0 
0 0 0 0 0 0 0 0 0 0 0 0 0 0 0 0 30 28 14 15 0 0 0 0 0 0 0 0 0 0 0 0 0 0 0 0 0 0 0 0 
0 0 0 0 0 0 0 0 0 0 0 0 11 17 19 21 23 29 21 19 24 11 28 30 0 0 0 0 0 0 0 0 0 0 0 0 0 0 0 0 
0 0 0 0 0 0 0 0 10 26 29 22 26 16 10 11 0 0 0 0 22 19 11 25 23 13 10 14 22 16 12 28 0 0 0 0 0 0 0 0 
0 0 0 0 0 0 0 0 0 0 0 0 0 0 0 0 0 0 0 0 0 0 0 0 0 0 0 0 0 0 0 0 0 0 0 0 18 11 15 22 
25 28 16 17 0 0 0 0 0 0 0 0 0 0 0 0 0 0 0 0 0 0 0 0 0 0 0 0 0 0 0 0 0 0 0 0 0 0 0 0 
0 0 0 0 0 0 0 0 17 24 18 25 0 0 0 0 0 0 0 0 0 0 0 0 0 0 0 0 0 0 0 0 0 0 0 0 0 0 0 0 
0 0 0 0 0 0 0 0 0 0 0 0 29 10 20 16 0 0 0 0 0 0 0 0 0 0 0 0 26 21 15 22 0 0 0 0 0 0 0 0 
0 0 0 0 0 0 0 0 29 10 12 17 0 0 0 0 0 0 0 0 0 0 0 0 0 0 0 0 0 0 0 0 0 0 0 0 0 0 0 0 
0 0 0 0 0 0 0 0 0 0 0 0 0 0 0 0 0 0 0 0 0 0 0 0 0 0 0 0 0 0 0 0 0 0 0 0 14 29 13 27 
24 25 23 23 0 0 0 0 0 0 0 0 0 0 0 0 0 0 0 0 0 0 0 0 0 0 0 0 0 0 0 0 0 0 0 0 0 0 0 0 
0 0 0 0 25 24 24 23 0 0 0 0 0 0 0 0 0 0 0 0 0 0 0 0 14 26 24 10 0 0 0 0 0 0 0 0 0 0 0 0 
0 0 0 0 23 10 18 13 14 16 29 28 19 25 25 23 12 11 20 13 28 12 10 30 27 14 17 30 16 11 19 30 29 10 17 13 0 0 0 0 
0 0 0 0 13 12 13 12 0 0 0 0 27 20 23 23 14 15 16 13 0 0 0 0 27 16 27 12 23 12 25 17 0 0 0 0 0 0 0 0 
0 0 0 0 0 0 0 0 0 0 0 0 0 0 0 0 0 0 0 0 0 0 0 0 0 0 0 0 0 0 0 0 0 0 0 0 10 29 12 19 
19 29 16 28 0 0 0 0 0 0 0 0 0 0 0 0 0 0 0 0 0 0 0 0 0 0 0 0 0 0 0 0 0 0 0 0 0 0 0 0 
0 0 0 0 23 12 19 14 19 29 22 17 0 0 0 0 15 25 28 26 29 23 26 20 0 0 0 0 0 0 0 0 0 0 0 0 0 0 0 0 
0 0 0 0 0 0 0 0 28 22 12 23 0 0 0 0 13 25 29 29 0 0 0 0 25 17 16 13 10 22 29 26 0 0 0 0 0 0 0 0 
0 0 0 0 0 0 0 0 0 0 0 0 30 20 24 17 0 0 0 0 0 0 0 0 0 0 0 0 0 0 0 0 0 0 0 0 0 0 0 0 
0 0 0 0 0 0 0 0 0 0 0 0 0 0 0 0 0 0 0 0 0 0 0 0 0 0 0 0 0 0 0 0 0 0 0 0 18 21 20 29 
29 28 10 22 0 0 0 0 0 0 0 0 0 0 0 0 0 0 0 0 0 0 0 0 0 0 0 0 0 0 0 0 0 0 0 0 0 0 0 0 
0 0 0 0 30 30 11 13 20 24 24 16 0 0 0 0 16 25 11 21 0 0 0 0 0 0 0 0 0 0 0 0 14 15 14 16 0 0 0 0 
0 0 0 0 0 0 0 0 20 14 10 29 0 0 0 0 27 30 30 24 29 11 14 19 25 14 27 13 24 11 28 28 0 0 0 0 0 0 0 0 
0 0 0 0 0 0 0 0 0 0 0 0 0 0 0 0 0 0 0 0 0 0 0 0 14 14 25 13 0 0 0 0 0 0 0 0 0 0 0 0 
0 0 0 0 0 0 0 0 0 0 0 0 0 0 0 0 0 0 0 0 0 0 0 0 0 0 0 0 0 0 0 0 0 0 0 0 18 21 18 12 
11 20 22 14 0 0 0 0 0 0 0 0 0 0 0 0 0 0 0 0 0 0 0 0 0 0 0 0 0 0 0 0 0 0 0 0 0 0 0 0 
0 0 0 0 22 18 18 29 29 24 11 23 25 13 19 23 26 14 11 28 15 27 15 17 13 15 26 23 0 0 0 0 19 29 17 12 0 0 0 0 
0 0 0 0 0 0 0 0 23 25 19 22 11 16 23 20 20 23 23 22 13 23 12 17 10 21 27 19 25 14 15 25 12 13 12 17 0 0 0 0 
0 0 0 0 12 26 11 19 0 0 0 0 15 22 26 23 0 0 0 0 13 22 15 18 20 12 14 28 27 19 27 12 0 0 0 0 0 0 0 0 
0 0 0 0 0 0 0 0 0 0 0 0 0 0 0 0 0 0 0 0 0 0 0 0 0 0 0 0 0 0 0 0 0 0 0 0 27 12 23 25 
16 18 12 18 0 0 0 0 0 0 0 0 0 0 0 0 0 0 0 0 0 0 0 0 0 0 0 0 0 0 0 0 0 0 0 0 0 0 0 0 
0 0 0 0 28 20 10 22 17 24 17 13 25 26 19 19 29 11 22 14 26 23 11 10 10 28 30 27 27 17 24 12 0 0 0 0 0 0 0 0 
0 0 0 0 14 21 22 19 30 20 17 18 0 0 0 0 0 0 0 0 0 0 0 0 0 0 0 0 0 0 0 0 0 0 0 0 0 0 0 0 
0 0 0 0 15 14 16 28 26 20 24 30 0 0 0 0 29 19 24 14 12 20 14 13 0 0 0 0 26 20 16 24 13 21 14 18 0 0 0 0 
0 0 0 0 0 0 0 0 0 0 0 0 0 0 0 0 0 0 0 0 0 0 0 0 0 0 0 0 0 0 0 0 0 0 0 0 18 24 16 20 
10 10 12 30 0 0 0 0 0 0 0 0 0 0 0 0 0 0 0 0 0 0 0 0 0 0 0 0 0 0 0 0 0 0 0 0 0 0 0 0 
0 0 0 0 22 21 29 28 22 25 27 26 0 0 0 0 19 21 19 14 0 0 0 0 20 16 28 13 10 14 19 14 23 23 19 22 0 0 0 0 
0 0 0 0 24 16 25 24 13 22 20 11 18 11 16 25 28 30 16 15 26 20 13 27 18 10 26 19 25 25 20 25 0 0 0 0 0 0 0 0 
0 0 0 0 20 22 24 25 28 25 25 21 21 28 14 20 17 10 16 28 14 27 13 14 14 29 12 30 17 30 17 28 20 28 24 10 0 0 0 0 
0 0 0 0 0 0 0 0 0 0 0 0 0 0 0 0 0 0 0 0 0 0 0 0 0 0 0 0 0 0 0 0 0 0 0 0 23 19 24 29 
12 29 29 16 0 0 0 0 0 0 0 0 0 0 0 0 0 0 0 0 0 0 0 0 0 0 0 0 0 0 0 0 0 0 0 0 0 0 0 0 
0 0 0 0 18 13 13 16 16 18 17 27 26 30 14 10 18 12 18 17 0 0 0 0 24 20 11 11 20 24 18 12 19 11 12 11 0 0 0 0 
0 0 0 0 0 0 0 0 0 0 0 0 0 0 0 0 18 13 17 29 0 0 0 0 0 0 0 0 15 30 18 14 0 0 0 0 0 0 0 0 
0 0 0 0 30 10 27 18 18 16 24 24 14 10 10 27 27 17 28 14 19 19 15 22 15 11 28 10 20 28 12 17 0 0 0 0 0 0 0 0 
0 0 0 0 0 0 0 0 0 0 0 0 0 0 0 0 0 0 0 0 0 0 0 0 0 0 0 0 0 0 0 0 0 0 0 0 27 25 10 14 
16 22 10 18 0 0 0 0 0 0 0 0 0 0 0 0 0 0 0 0 0 0 0 0 0 0 0 0 0 0 0 0 0 0 0 0 0 0 0 0 
0 0 0 0 14 27 30 27 18 22 25 18 0 0 0 0 10 27 11 23 22 12 12 25 11 28 12 17 25 26 22 16 0 0 0 0 0 0 0 0 
0 0 0 0 24 10 27 11 13 30 25 29 24 15 11 12 17 24 24 24 22 11 29 18 23 21 29 22 24 13 29 11 0 0 0 0 0 0 0 0 
0 0 0 0 0 0 0 0 0 0 0 0 0 0 0 0 0 0 0 0 22 27 20 21 21 22 12 24 12 17 20 25 24 13 28 25 0 0 0 0 
0 0 0 0 0 0 0 0 0 0 0 0 0 0 0 0 0 0 0 0 0 0 0 0 0 0 0 0 0 0 0 0 0 0 0 0 17 12 17 21 
20 17 23 13 0 0 0 0 0 0 0 0 0 0 0 0 0 0 0 0 0 0 0 0 0 0 0 0 0 0 0 0 0 0 0 0 0 0 0 0 
0 0 0 0 11 14 19 23 24 26 10 11 23 26 10 18 27 10 13 21 0 0 0 0 17 24 17 21 29 10 19 17 23 18 21 12 0 0 0 0 
0 0 0 0 17 12 24 13 29 27 14 15 12 22 27 28 0 0 0 0 14 30 17 23 21 18 24 30 18 17 24 26 19 15 21 16 0 0 0 0 
0 0 0 0 0 0 0 0 0 0 0 0 20 19 29 10 11 18 18 10 13 26 25 15 0 0 0 0 0 0 0 0 0 0 0 0 0 0 0 0 
0 0 0 0 0 0 0 0 0 0 0 0 0 0 0 0 0 0 0 0 0 0 0 0 0 0 0 0 0 0 0 0 0 0 0 0 24 15 17 11 
27 15 19 10 0 0 0 0 0 0 0 0 0 0 0 0 0 0 0 0 0 0 0 0 0 0 0 0 0 0 0 0 0 0 0 0 0 0 0 0 
0 0 0 0 22 19 10 27 0 0 0 0 20 20 16 18 26 24 19 19 0 0 0 0 0 0 0 0 0 0 0 0 0 0 0 0 0 0 0 0 
0 0 0 0 28 28 22 23 24 22 19 20 10 10 20 25 18 14 28 25 21 19 26 12 13 25 18 16 19 24 26 11 28 29 10 13 0 0 0 0 
0 0 0 0 29 11 25 24 0 0 0 0 21 17 17 15 0 0 0 0 0 0 0 0 0 0 0 0 17 17 21 23 0 0 0 0 0 0 0 0 
0 0 0 0 0 0 0 0 0 0 0 0 0 0 0 0 0 0 0 0 0 0 0 0 0 0 0 0 0 0 0 0 0 0 0 0 15 16 29 15 
25 28 25 23 0 0 0 0 0 0 0 0 0 0 0 0 0 0 0 0 0 0 0 0 0 0 0 0 0 0 0 0 0 0 0 0 0 0 0 0 
0 0 0 0 0 0 0 0 0 0 0 0 0 0 0 0 0 0 0 0 13 30 22 11 0 0 0 0 0 0 0 0 0 0 0 0 0 0 0 0 
0 0 0 0 11 27 23 27 22 30 18 20 16 28 20 18 0 0 0 0 20 18 22 11 22 23 14 13 14 16 14 30 0 0 0 0 0 0 0 0 
0 0 0 0 21 15 15 22 27 19 20 21 10 16 30 14 25 26 23 30 0 0 0 0 24 25 24 17 0 0 0 0 30 21 19 27 0 0 0 0 
0 0 0 0 0 0 0 0 0 0 0 0 0 0 0 0 0 0 0 0 0 0 0 0 0 0 0 0 0 0 0 0 0 0 0 0 22 22 11 29 
17 11 20 16 0 0 0 0 0 0 0 0 0 0 0 0 0 0 0 0 0 0 0 0 0 0 0 0 0 0 0 0 0 0 0 0 0 0 0 0 
0 0 0 0 19 17 20 11 18 22 20 10 19 24 14 22 0 0 0 0 24 17 25 15 0 0 0 0 14 19 24 29 26 30 18 10 0 0 0 0 
0 0 0 0 26 25 19 20 20 28 24 19 11 22 27 21 0 0 0 0 0 0 0 0 0 0 0 0 0 0 0 0 16 25 12 26 0 0 0 0 
0 0 0 0 18 30 10 19 0 0 0 0 12 28 27 17 30 19 25 27 28 15 25 28 14 28 13 19 0 0 0 0 29 12 21 14 0 0 0 0 
0 0 0 0 0 0 0 0 0 0 0 0 0 0 0 0 0 0 0 0 0 0 0 0 0 0 0 0 0 0 0 0 0 0 0 0 15 17 29 17 
25 17 22 29 0 0 0 0 0 0 0 0 0 0 0 0 0 0 0 0 0 0 0 0 0 0 0 0 0 0 0 0 0 0 0 0 0 0 0 0 
0 0 0 0 0 0 0 0 0 0 0 0 0 0 0 0 0 0 0 0 0 0 0 0 24 25 22 28 0 0 0 0 0 0 0 0 0 0 0 0 
0 0 0 0 14 12 10 17 0 0 0 0 0 0 0 0 28 24 25 30 21 30 15 21 26 14 12 21 0 0 0 0 0 0 0 0 0 0 0 0 
0 0 0 0 10 23 22 15 17 28 11 11 0 0 0 0 22 25 30 11 18 15 12 12 28 24 27 22 21 20 21 26 13 16 28 30 0 0 0 0 
0 0 0 0 0 0 0 0 0 0 0 0 0 0 0 0 0 0 0 0 0 0 0 0 0 0 0 0 0 0 0 0 0 0 0 0 23 18 23 30 
17 19 26 24 0 0 0 0 0 0 0 0 0 0 0 0 0 0 0 0 0 0 0 0 0 0 0 0 0 0 0 0 0 0 0 0 0 0 0 0 
0 0 0 0 0 0 0 0 15 13 17 15 0 0 0 0 23 25 29 17 0 0 0 0 0 0 0 0 0 0 0 0 26 26 25 15 0 0 0 0 
0 0 0 0 0 0 0 0 23 14 22 25 17 27 23 11 10 30 20 20 29 28 22 24 15 15 10 13 23 26 13 13 27 13 26 22 0 0 0 0 
0 0 0 0 24 25 12 22 0 0 0 0 29 11 24 16 0 0 0 0 22 16 26 13 10 17 20 30 0 0 0 0 0 0 0 0 0 0 0 0 
0 0 0 0 0 0 0 0 0 0 0 0 0 0 0 0 0 0 0 0 0 0 0 0 0 0 0 0 0 0 0 0 0 0 0 0 30 26 13 22 
12 26 20 11 0 0 0 0 0 0 0 0 0 0 0 0 0 0 0 0 0 0 0 0 0 0 0 0 0 0 0 0 0 0 0 0 0 0 0 0 
0 0 0 0 0 0 0 0 12 13 16 17 0 0 0 0 0 0 0 0 0 0 0 0 0 0 0 0 20 30 11 14 0 0 0 0 0 0 0 0 
0 0 0 0 17 18 12 21 0 0 0 0 0 0 0 0 0 0 0 0 0 0 0 0 22 28 20 26 11 13 15 15 0 0 0 0 0 0 0 0 
0 0 0 0 0 0 0 0 0 0 0 0 11 26 27 10 0 0 0 0 0 0 0 0 30 15 10 29 0 0 0 0 0 0 0 0 0 0 0 0 
0 0 0 0 0 0 0 0 0 0 0 0 0 0 0 0 0 0 0 0 0 0 0 0 0 0 0 0 0 0 0 0 0 0 0 0 16 26 19 28 
25 10 15 29 0 0 0 0 0 0 0 0 0 0 0 0 0 0 0 0 0 0 0 0 0 0 0 0 0 0 0 0 0 0 0 0 0 0 0 0 
0 0 0 0 10 17 12 15 30 24 29 26 28 24 23 18 25 10 29 21 12 27 16 23 16 30 30 19 20 22 10 15 10 25 21 29 0 0 0 0 
0 0 0 0 0 0 0 0 10 23 27 23 28 28 25 11 0 0 0 0 18 24 26 12 18 21 27 14 14 13 19 20 0 0 0 0 0 0 0 0 
0 0 0 0 0 0 0 0 0 0 0 0 0 0 0 0 0 0 0 0 13 12 10 26 0 0 0 0 0 0 0 0 0 0 0 0 0 0 0 0 
0 0 0 0 0 0 0 0 0 0 0 0 0 0 0 0 0 0 0 0 0 0 0 0 0 0 0 0 0 0 0 0 0 0 0 0 12 14 30 21 
20 28 13 24 0 0 0 0 0 0 0 0 0 0 0 0 0 0 0 0 0 0 0 0 0 0 0 0 0 0 0 0 0 0 0 0 0 0 0 0 
0 0 0 0 14 13 21 29 0 0 0 0 0 0 0 0 0 0 0 0 0 0 0 0 0 0 0 0 0 0 0 0 0 0 0 0 0 0 0 0 
0 0 0 0 21 13 18 15 11 26 14 28 17 16 10 14 20 15 19 16 0 0 0 0 26 28 26 17 26 21 27 17 16 25 18 23 0 0 0 0 
0 0 0 0 0 0 0 0 10 19 20 14 22 13 29 30 24 19 30 23 20 12 16 15 19 18 29 29 0 0 0 0 26 14 23 14 0 0 0 0 
0 0 0 0 0 0 0 0 0 0 0 0 0 0 0 0 0 0 0 0 0 0 0 0 0 0 0 0 0 0 0 0 0 0 0 0 17 29 21 14 
24 11 16 27 0 0 0 0 0 0 0 0 0 0 0 0 0 0 0 0 0 0 0 0 0 0 0 0 0 0 0 0 0 0 0 0 0 0 0 0 
0 0 0 0 20 19 28 23 18 21 25 13 24 30 13 18 23 30 10 29 29 28 12 12 0 0 0 0 18 28 27 21 13 13 19 21 0 0 0 0 
0 0 0 0 27 13 10 24 0 0 0 0 0 0 0 0 0 0 0 0 0 0 0 0 0 0 0 0 0 0 0 0 26 21 17 20 0 0 0 0 
0 0 0 0 0 0 0 0 0 0 0 0 0 0 0 0 21 20 27 13 0 0 0 0 19 14 30 17 14 13 22 17 0 0 0 0 0 0 0 0 
0 0 0 0 0 0 0 0 0 0 0 0 0 0 0 0 0 0 0 0 0 0 0 0 0 0 0 0 0 0 0 0 0 0 0 0 12 13 10 25 
19 30 12 24 0 0 0 0 0 0 0 0 0 0 0 0 0 0 0 0 0 0 0 0 0 0 0 0 0 0 0 0 0 0 0 0 0 0 0 0 
0 0 0 0 0 0 0 0 0 0 0 0 0 0 0 0 0 0 0 0 0 0 0 0 19 14 25 12 0 0 0 0 0 0 0 0 0 0 0 0 
0 0 0 0 20 24 29 19 19 14 30 13 0 0 0 0 13 23 20 21 29 27 11 10 20 13 22 22 0 0 0 0 30 27 27 23 0 0 0 0 
0 0 0 0 24 12 24 28 0 0 0 0 29 16 26 16 25 12 16 23 0 0 0 0 0 0 0 0 15 22 22 15 0 0 0 0 0 0 0 0 
0 0 0 0 0 0 0 0 0 0 0 0 0 0 0 0 0 0 0 0 0 0 0 0 0 0 0 0 0 0 0 0 0 0 0 0 16 10 26 17 
29 25 30 11 0 0 0 0 0 0 0 0 0 0 0 0 0 0 0 0 0 0 0 0 0 0 0 0 0 0 0 0 0 0 0 0 0 0 0 0 
0 0 0 0 0 0 0 0 19 18 10 17 0 0 0 0 0 0 0 0 0 0 0 0 17 26 12 10 16 25 12 21 28 27 27 30 0 0 0 0 
0 0 0 0 0 0 0 0 0 0 0 0 15 30 22 10 0 0 0 0 15 12 16 14 0 0 0 0 0 0 0 0 0 0 0 0 0 0 0 0 
0 0 0 0 12 11 15 18 21 10 19 20 21 12 13 27 10 25 18 30 18 11 16 29 19 10 24 21 25 12 25 27 27 25 15 11 0 0 0 0 
0 0 0 0 0 0 0 0 0 0 0 0 0 0 0 0 0 0 0 0 0 0 0 0 0 0 0 0 0 0 0 0 0 0 0 0 14 24 27 28 
17 14 24 30 0 0 0 0 0 0 0 0 0 0 0 0 0 0 0 0 0 0 0 0 0 0 0 0 0 0 0 0 0 0 0 0 0 0 0 0 
0 0 0 0 23 20 10 23 14 22 28 22 21 19 27 17 11 25 15 29 20 12 26 28 11 12 12 16 14 25 21 26 14 18 20 10 0 0 0 0 
0 0 0 0 23 11 18 30 0 0 0 0 0 0 0 0 0 0 0 0 0 0 0 0 0 0 0 0 0 0 0 0 0 0 0 0 0 0 0 0 
0 0 0 0 19 10 17 25 16 22 13 24 17 10 23 23 16 16 29 11 29 21 14 17 14 30 22 25 17 23 25 14 17 10 18 25 0 0 0 0 
0 0 0 0 0 0 0 0 0 0 0 0 0 0 0 0 0 0 0 0 0 0 0 0 0 0 0 0 0 0 0 0 0 0 0 0 14 29 26 22 
11 26 10 21 0 0 0 0 0 0 0 0 0 0 0 0 0 0 0 0 0 0 0 0 0 0 0 0 0 0 0 0 0 0 0 0 0 0 0 0 
0 0 0 0 22 10 21 20 22 21 12 16 16 19 28 13 22 19 12 19 19 15 26 30 14 25 14 20 24 23 30 15 0 0 0 0 0 0 0 0 
0 0 0 0 0 0 0 0 25 23 20 11 27 29 17 25 0 0 0 0 22 19 13 12 26 13 25 18 18 10 10 15 12 11 17 28 0 0 0 0 
0 0 0 0 23 15 27 10 0 0 0 0 0 0 0 0 0 0 0 0 0 0 0 0 0 0 0 0 0 0 0 0 0 0 0 0 0 0 0 0 
0 0 0 0 0 0 0 0 0 0 0 0 0 0 0 0 0 0 0 0 0 0 0 0 0 0 0 0 0 0 0 0 0 0 0 0 17 10 28 28 
21 27 16 24 0 0 0 0 0 0 0 0 0 0 0 0 0 0 0 0 0 0 0 0 0 0 0 0 0 0 0 0 0 0 0 0 0 0 0 0 
0 0 0 0 0 0 0 0 0 0 0 0 29 15 22 18 0 0 0 0 0 0 0 0 0 0 0 0 0 0 0 0 25 14 29 30 0 0 0 0 
0 0 0 0 0 0 0 0 27 16 15 26 14 15 24 16 0 0 0 0 12 24 11 10 27 29 12 21 0 0 0 0 19 28 20 15 0 0 0 0 
0 0 0 0 23 22 29 12 15 21 28 30 0 0 0 0 19 29 25 15 14 10 24 17 0 0 0 0 13 20 21 29 12 22 27 26 0 0 0 0 
0 0 0 0 0 0 0 0 0 0 0 0 0 0 0 0 0 0 0 0 0 0 0 0 0 0 0 0 0 0 0 0 0 0 0 0 13 30 16 14 
12 18 23 28 0 0 0 0 0 0 0 0 0 0 0 0 0 0 0 0 0 0 0 0 0 0 0 0 0 0 0 0 0 0 0 0 0 0 0 0 
0 0 0 0 12 19 11 20 28 20 19 11 24 12 27 29 17 10 22 16 15 30 24 12 29 16 30 21 21 29 25 25 15 19 17 18 0 0 0 0 
0 0 0 0 30 28 26 20 18 15 21 16 25 22 11 29 0 0 0 0 29 27 13 17 29 29 19 14 21 18 29 14 23 30 16 13 0 0 0 0 
0 0 0 0 0 0 0 0 0 0 0 0 0 0 0 0 13 16 10 11 10 16 28 16 26 19 23 21 0 0 0 0 18 26 20 10 0 0 0 0 
0 0 0 0 0 0 0 0 0 0 0 0 0 0 0 0 0 0 0 0 0 0 0 0 0 0 0 0 0 0 0 0 0 0 0 0 29 16 29 26 
27 30 13 26 0 0 0 0 0 0 0 0 0 0 0 0 0 0 0 0 0 0 0 0 0 0 0 0 0 0 0 0 0 0 0 0 0 0 0 0 
0 0 0 0 0 0 0 0 22 26 10 16 0 0 0 0 0 0 0 0 0 0 0 0 22 25 29 26 0 0 0 0 23 26 14 25 0 0 0 0 
0 0 0 0 10 30 24 22 0 0 0 0 0 0 0 0 25 29 29 30 0 0 0 0 18 27 15 17 27 16 15 29 0 0 0 0 0 0 0 0 
0 0 0 0 25 15 23 11 29 17 16 26 18 14 19 11 10 22 30 21 21 24 21 14 0 0 0 0 24 23 20 14 21 25 22 29 0 0 0 0 
0 0 0 0 0 0 0 0 0 0 0 0 0 0 0 0 0 0 0 0 0 0 0 0 0 0 0 0 0 0 0 0 0 0 0 0 30 30 15 25 
27 24 26 29 0 0 0 0 0 0 0 0 0 0 0 0 0 0 0 0 0 0 0 0 0 0 0 0 0 0 0 0 0 0 0 0 0 0 0 0 
0 0 0 0 0 0 0 0 0 0 0 0 0 0 0 0 12 14 21 27 0 0 0 0 24 13 29 16 0 0 0 0 25 21 25 14 0 0 0 0 
0 0 0 0 23 12 25 22 0 0 0 0 15 18 16 21 13 28 21 10 30 19 29 24 18 20 17 15 11 24 13 27 30 13 12 17 0 0 0 0 
0 0 0 0 16 14 17 10 25 25 25 15 10 12 15 30 24 10 17 30 13 17 11 29 0 0 0 0 19 19 19 10 0 0 0 0 0 0 0 0 
0 0 0 0 0 0 0 0 0 0 0 0 0 0 0 0 0 0 0 0 0 0 0 0 0 0 0 0 0 0 0 0 0 0 0 0 17 20 14 13 
13 24 30 19 0 0 0 0 0 0 0 0 0 0 0 0 0 0 0 0 0 0 0 0 0 0 0 0 0 0 0 0 0 0 0 0 0 0 0 0 
0 0 0 0 22 10 16 14 29 28 13 21 0 0 0 0 0 0 0 0 14 10 13 23 0 0 0 0 0 0 0 0 0 0 0 0 0 0 0 0 
0 0 0 0 22 20 16 21 0 0 0 0 25 17 13 11 22 29 15 20 23 23 24 22 0 0 0 0 13 14 20 24 14 25 20 17 0 0 0 0 
0 0 0 0 30 22 27 13 25 12 27 12 0 0 0 0 0 0 0 0 16 13 16 30 0 0 0 0 17 23 14 18 22 27 19 30 0 0 0 0 
0 0 0 0 0 0 0 0 0 0 0 0 0 0 0 0 0 0 0 0 0 0 0 0 0 0 0 0 0 0 0 0 0 0 0 0 21 10 16 22 
10 13 11 13 0 0 0 0 0 0 0 0 0 0 0 0 0 0 0 0 0 0 0 0 0 0 0 0 0 0 0 0 0 0 0 0 0 0 0 0 
0 0 0 0 22 17 17 26 18 26 10 14 24 11 16 17 0 0 0 0 14 16 23 14 23 19 27 15 29 11 28 26 23 14 23 10 0 0 0 0 
0 0 0 0 0 0 0 0 23 30 19 22 0 0 0 0 25 29 16 14 0 0 0 0 0 0 0 0 0 0 0 0 0 0 0 0 0 0 0 0 
0 0 0 0 0 0 0 0 0 0 0 0 26 27 19 23 19 20 23 21 20 21 18 27 0 0 0 0 0 0 0 0 28 20 19 22 0 0 0 0 
0 0 0 0 0 0 0 0 0 0 0 0 0 0 0 0 0 0 0 0 0 0 0 0 0 0 0 0 0 0 0 0 0 0 0 0 29 13 13 14 
26 21 30 19 0 0 0 0 0 0 0 0 0 0 0 0 0 0 0 0 0 0 0 0 0 0 0 0 0 0 0 0 0 0 0 0 0 0 0 0 
0 0 0 0 10 21 16 13 30 27 19 27 22 28 24 11 0 0 0 0 0 0 0 0 0 0 0 0 16 10 29 16 28 13 24 24 0 0 0 0 
0 0 0 0 0 0 0 0 29 19 13 22 0 0 0 0 0 0 0 0 0 0 0 0 0 0 0 0 0 0 0 0 17 16 14 27 0 0 0 0 
0 0 0 0 17 27 28 22 0 0 0 0 0 0 0 0 0 0 0 0 0 0 0 0 0 0 0 0 0 0 0 0 0 0 0 0 0 0 0 0 
0 0 0 0 0 0 0 0 0 0 0 0 0 0 0 0 0 0 0 0 0 0 0 0 0 0 0 0 0 0 0 0 0 0 0 0 10 26 20 29 
10 19 11 22 0 0 0 0 0 0 0 0 0 0 0 0 0 0 0 0 0 0 0 0 0 0 0 0 0 0 0 0 0 0 0 0 0 0 0 0 
0 0 0 0 0 0 0 0 11 18 17 10 17 15 10 27 0 0 0 0 0 0 0 0 0 0 0 0 0 0 0 0 24 12 16 24 0 0 0 0 
0 0 0 0 0 0 0 0 0 0 0 0 0 0 0 0 0 0 0 0 0 0 0 0 0 0 0 0 15 15 29 26 0 0 0 0 0 0 0 0 
0 0 0 0 16 29 10 22 27 20 15 26 24 25 15 21 0 0 0 0 0 0 0 0 23 29 13 29 15 24 21 23 15 12 16 17 0 0 0 0 
0 0 0 0 0 0 0 0 0 0 0 0 0 0 0 0 0 0 0 0 0 0 0 0 0 0 0 0 0 0 0 0 0 0 0 0 26 15 12 18 
17 13 17 21 0 0 0 0 0 0 0 0 0 0 0 0 0 0 0 0 0 0 0 0 0 0 0 0 0 0 0 0 0 0 0 0 0 0 0 0 
0 0 0 0 16 10 28 18 0 0 0 0 20 24 10 17 24 23 22 17 12 11 30 12 0 0 0 0 24 19 30 14 12 28 10 16 0 0 0 0 
0 0 0 0 0 0 0 0 0 0 0 0 14 21 29 13 27 19 25 28 18 15 25 22 12 22 29 15 0 0 0 0 10 29 30 12 0 0 0 0 
0 0 0 0 27 12 21 22 20 25 17 11 19 10 25 27 22 30 25 10 23 29 17 19 17 13 30 16 11 25 29 11 23 20 22 25 0 0 0 0 
0 0 0 0 0 0 0 0 0 0 0 0 0 0 0 0 0 0 0 0 0 0 0 0 0 0 0 0 0 0 0 0 0 0 0 0 29 21 13 21 
12 26 24 21 0 0 0 0 0 0 0 0 0 0 0 0 0 0 0 0 0 0 0 0 0 0 0 0 0 0 0 0 0 0 0 0 0 0 0 0 
0 0 0 0 0 0 0 0 0 0 0 0 13 26 13 10 0 0 0 0 0 0 0 0 30 26 24 19 0 0 0 0 17 11 21 25 0 0 0 0 
0 0 0 0 10 27 24 10 0 0 0 0 0 0 0 0 0 0 0 0 28 17 18 19 28 15 17 11 0 0 0 0 0 0 0 0 0 0 0 0 
0 0 0 0 23 10 20 22 0 0 0 0 0 0 0 0 0 0 0 0 20 27 16 20 24 30 13 23 0 0 0 0 15 14 23 29 0 0 0 0 
0 0 0 0 0 0 0 0 0 0 0 0 0 0 0 0 0 0 0 0 0 0 0 0 0 0 0 0 0 0 0 0 0 0 0 0 29 18 16 17 
10 30 13 13 0 0 0 0 0 0 0 0 0 0 0 0 0 0 0 0 0 0 0 0 0 0 0 0 0 0 0 0 0 0 0 0 0 0 0 0 
0 0 0 0 28 13 27 17 27 10 17 28 0 0 0 0 17 14 13 13 0 0 0 0 26 16 12 26 19 22 12 26 14 19 27 20 0 0 0 0 
0 0 0 0 0 0 0 0 23 17 13 25 23 21 26 30 11 28 25 12 30 21 29 13 22 18 17 29 27 23 25 25 15 23 25 17 0 0 0 0 
0 0 0 0 13 10 29 21 26 18 14 24 28 27 21 26 24 15 26 18 23 30 30 10 17 14 18 20 23 11 27 16 12 18 23 27 0 0 0 0 
0 0 0 0 0 0 0 0 0 0 0 0 0 0 0 0 0 0 0 0 0 0 0 0 0 0 0 0 0 0 0 0 0 0 0 0 28 29 30 22 
14 28 20 29 0 0 0 0 0 0 0 0 0 0 0 0 0 0 0 0 0 0 0 0 0 0 0 0 0 0 0 0 0 0 0 0 0 0 0 0 
0 0 0 0 12 23 12 21 15 15 24 11 19 22 28 11 19 26 18 30 30 19 22 23 0 0 0 0 11 10 18 23 14 26 13 30 0 0 0 0 
0 0 0 0 0 0 0 0 0 0 0 0 0 0 0 0 27 12 11 12 0 0 0 0 17 11 11 27 0 0 0 0 29 12 29 21 0 0 0 0 
0 0 0 0 27 16 22 13 26 13 11 26 29 18 16 14 27 22 25 22 0 0 0 0 0 0 0 0 0 0 0 0 23 25 15 21 0 0 0 0 
0 0 0 0 0 0 0 0 0 0 0 0 0 0 0 0 0 0 0 0 0 0 0 0 0 0 0 0 0 0 0 0 0 0 0 0 24 15 27 14 
17 18 30 23 0 0 0 0 0 0 0 0 0 0 0 0 0 0 0 0 0 0 0 0 0 0 0 0 0 0 0 0 0 0 0 0 0 0 0 0 
0 0 0 0 26 30 21 11 21 18 19 27 23 23 16 10 17 12 12 26 27 26 23 17 19 27 28 26 12 10 19 14 0 0 0 0 0 0 0 0 
0 0 0 0 20 24 20 17 28 24 16 13 22 26 14 20 30 27 28 18 26 28 18 30 21 12 21 18 17 22 26 11 29 17 18 30 0 0 0 0 
0 0 0 0 21 22 28 13 0 0 0 0 19 10 11 30 0 0 0 0 0 0 0 0 0 0 0 0 0 0 0 0 0 0 0 0 0 0 0 0 
0 0 0 0 0 0 0 0 0 0 0 0 0 0 0 0 0 0 0 0 0 0 0 0 0 0 0 0 0 0 0 0 0 0 0 0 29 17 18 30 
27 30 13 23 0 0 0 0 0 0 0 0 0 0 0 0 0 0 0 0 0 0 0 0 0 0 0 0 0 0 0 0 0 0 0 0 0 0 0 0 
0 0 0 0 23 28 25 18 20 29 11 24 22 27 26 14 13 15 29 15 20 17 22 24 28 25 29 17 21 26 16 15 19 27 21 16 0 0 0 0 
0 0 0 0 0 0 0 0 14 24 13 13 0 0 0 0 0 0 0 0 0 0 0 0 0 0 0 0 0 0 0 0 15 12 22 26 0 0 0 0 
0 0 0 0 14 24 11 28 26 19 18 23 15 18 12 21 11 24 26 29 27 16 28 15 24 20 20 13 0 0 0 0 0 0 0 0 0 0 0 0 
0 0 0 0 0 0 0 0 0 0 0 0 0 0 0 0 0 0 0 0 0 0 0 0 0 0 0 0 0 0 0 0 0 0 0 0 18 28 14 29 
12 28 26 19 0 0 0 0 0 0 0 0 0 0 0 0 0 0 0 0 0 0 0 0 0 0 0 0 0 0 0 0 0 0 0 0 0 0 0 0 
0 0 0 0 0 0 0 0 16 10 22 23 16 21 22 11 11 18 10 10 0 0 0 0 26 24 13 28 16 15 20 14 20 12 16 14 0 0 0 0 
0 0 0 0 29 20 13 16 12 22 17 27 10 28 14 21 20 25 12 30 19 17 22 30 25 25 12 10 11 29 29 14 19 21 16 11 0 0 0 0 
0 0 0 0 16 30 25 16 10 13 23 25 23 12 29 11 15 10 27 22 30 25 29 13 22 18 24 26 28 13 19 18 17 16 26 27 0 0 0 0 
0 0 0 0 0 0 0 0 0 0 0 0 0 0 0 0 0 0 0 0 0 0 0 0 0 0 0 0 0 0 0 0 0 0 0 0 16 12 19 27 
21 22 10 11 0 0 0 0 0 0 0 0 0 0 0 0 0 0 0 0 0 0 0 0 0 0 0 0 0 0 0 0 0 0 0 0 0 0 0 0 
0 0 0 0 0 0 0 0 30 14 26 30 15 15 18 16 24 27 12 22 21 15 11 19 17 28 12 25 0 0 0 0 0 0 0 0 0 0 0 0 
0 0 0 0 0 0 0 0 0 0 0 0 26 22 16 27 0 0 0 0 0 0 0 0 0 0 0 0 0 0 0 0 0 0 0 0 0 0 0 0 
0 0 0 0 20 10 15 10 0 0 0 0 0 0 0 0 19 10 30 26 27 25 23 28 14 24 22 20 0 0 0 0 16 28 11 18 0 0 0 0 
0 0 0 0 0 0 0 0 0 0 0 0 0 0 0 0 0 0 0 0 0 0 0 0 0 0 0 0 0 0 0 0 0 0 0 0 26 16 13 12 
13 28 23 20 0 0 0 0 0 0 0 0 0 0 0 0 0 0 0 0 0 0 0 0 0 0 0 0 0 0 0 0 0 0 0 0 0 0 0 0 
0 0 0 0 24 26 17 23 25 16 25 19 0 0 0 0 12 15 18 20 0 0 0 0 19 13 24 18 0 0 0 0 0 0 0 0 0 0 0 0 
0 0 0 0 19 28 25 23 0 0 0 0 27 17 11 28 0 0 0 0 0 0 0 0 16 25 23 15 0 0 0 0 21 30 21 10 0 0 0 0 
0 0 0 0 0 0 0 0 0 0 0 0 0 0 0 0 0 0 0 0 17 15 25 27 0 0 0 0 0 0 0 0 0 0 0 0 0 0 0 0 
0 0 0 0 0 0 0 0 0 0 0 0 0 0 0 0 0 0 0 0 0 0 0 0 0 0 0 0 0 0 0 0 0 0 0 0 24 19 21 26 
19 22 24 12 0 0 0 0 0 0 0 0 0 0 0 0 0 0 0 0 0 0 0 0 0 0 0 0 0 0 0 0 0 0 0 0 0 0 0 0 
0 0 0 0 0 0 0 0 19 11 10 17 27 14 30 28 0 0 0 0 0 0 0 0 21 23 19 15 0 0 0 0 0 0 0 0 0 0 0 0 
0 0 0 0 18 24 21 14 19 24 18 27 21 30 30 23 0 0 0 0 10 18 20 14 12 20 26 15 27 20 22 23 17 17 17 26 0 0 0 0 
0 0 0 0 29 26 19 26 15 13 13 29 10 17 26 11 0 0 0 0 24 14 24 26 17 12 18 30 26 10 17 14 10 11 15 19 0 0 0 0 
0 0 0 0 0 0 0 0 0 0 0 0 0 0 0 0 0 0 0 0 0 0 0 0 0 0 0 0 0 0 0 0 0 0 0 0 13 27 25 17 
17 11 13 30 0 0 0 0 0 0 0 0 0 0 0 0 0 0 0 0 0 0 0 0 0 0 0 0 0 0 0 0 0 0 0 0 0 0 0 0 
0 0 0 0 0 0 0 0 0 0 0 0 22 10 19 26 21 18 18 16 0 0 0 0 0 0 0 0 0 0 0 0 0 0 0 0 0 0 0 0 
0 0 0 0 16 19 16 28 0 0 0 0 10 24 18 19 16 25 11 22 14 13 17 21 12 29 14 19 15 24 22 20 19 19 28 20 0 0 0 0 
0 0 0 0 0 0 0 0 21 29 15 25 11 20 24 21 12 15 25 20 26 20 28 14 30 20 10 12 0 0 0 0 0 0 0 0 0 0 0 0 
0 0 0 0 0 0 0 0 0 0 0 0 0 0 0 0 0 0 0 0 0 0 0 0 0 0 0 0 0 0 0 0 0 0 0 0 12 17 18 14 
23 15 13 26 0 0 0 0 0 0 0 0 0 0 0 0 0 0 0 0 0 0 0 0 0 0 0 0 0 0 0 0 0 0 0 0 0 0 0 0 
0 0 0 0 12 30 21 28 20 27 23 15 18 17 13 17 24 18 29 27 28 12 28 24 15 23 28 18 11 28 30 16 10 29 23 19 0 0 0 0 
0 0 0 0 0 0 0 0 12 19 28 12 0 0 0 0 0 0 0 0 14 29 19 10 11 21 17 14 0 0 0 0 23 29 12 14 0 0 0 0 
0 0 0 0 13 23 27 30 0 0 0 0 0 0 0 0 14 11 21 21 0 0 0 0 0 0 0 0 0 0 0 0 0 0 0 0 0 0 0 0 
0 0 0 0 0 0 0 0 0 0 0 0 0 0 0 0 0 0 0 0 0 0 0 0 0 0 0 0 0 0 0 0 0 0 0 0 19 15 17 12 
15 19 16 24 0 0 0 0 0 0 0 0 0 0 0 0 0 0 0 0 0 0 0 0 0 0 0 0 0 0 0 0 0 0 0 0 0 0 0 0 
0 0 0 0 22 10 11 30 24 11 16 22 0 0 0 0 0 0 0 0 0 0 0 0 15 16 27 22 22 24 12 27 29 27 10 15 0 0 0 0 
0 0 0 0 19 21 23 26 14 17 28 11 24 13 28 12 11 30 19 13 18 22 11 17 19 28 24 27 18 27 20 11 26 23 18 11 0 0 0 0 
0 0 0 0 0 0 0 0 19 23 21 23 18 24 29 29 17 16 26 21 0 0 0 0 0 0 0 0 0 0 0 0 23 16 23 22 0 0 0 0 
0 0 0 0 0 0 0 0 0 0 0 0 0 0 0 0 0 0 0 0 0 0 0 0 0 0 0 0 0 0 0 0 0 0 0 0 24 30 15 18 
26 20 17 24 0 0 0 0 0 0 0 0 0 0 0 0 0 0 0 0 0 0 0 0 0 0 0 0 0 0 0 0 0 0 0 0 0 0 0 0 
0 0 0 0 0 0 0 0 0 0 0 0 0 0 0 0 0 0 0 0 0 0 0 0 0 0 0 0 0 0 0 0 29 16 24 23 0 0 0 0 
0 0 0 0 0 0 0 0 13 27 19 30 23 20 20 29 27 19 29 26 0 0 0 0 0 0 0 0 28 24 19 10 27 11 17 23 0 0 0 0 
0 0 0 0 11 21 18 26 21 21 26 12 15 12 13 30 23 23 16 12 24 20 11 28 0 0 0 0 15 20 11 18 24 13 20 28 0 0 0 0 
0 0 0 0 0 0 0 0 0 0 0 0 0 0 0 0 0 0 0 0 0 0 0 0 0 0 0 0 0 0 0 0 0 0 0 0 12 19 12 22 
17 28 12 25 0 0 0 0 0 0 0 0 0 0 0 0 0 0 0 0 0 0 0 0 0 0 0 0 0 0 0 0 0 0 0 0 0 0 0 0 
0 0 0 0 0 0 0 0 26 21 22 29 0 0 0 0 0 0 0 0 0 0 0 0 30 14 21 25 27 27 21 22 0 0 0 0 0 0 0 0 
0 0 0 0 21 28 30 19 16 25 21 10 0 0 0 0 0 0 0 0 0 0 0 0 11 18 30 28 0 0 0 0 0 0 0 0 0 0 0 0 
0 0 0 0 0 0 0 0 0 0 0 0 0 0 0 0 0 0 0 0 26 17 23 21 0 0 0 0 0 0 0 0 0 0 0 0 0 0 0 0 
0 0 0 0 0 0 0 0 0 0 0 0 0 0 0 0 0 0 0 0 0 0 0 0 0 0 0 0 0 0 0 0 0 0 0 0 21 20 29 30 
27 22 20 29 0 0 0 0 0 0 0 0 0 0 0 0 0 0 0 0 0 0 0 0 0 0 0 0 0 0 0 0 0 0 0 0 0 0 0 0 
0 0 0 0 22 13 20 27 16 22 10 18 0 0 0 0 11 30 10 21 12 24 17 25 12 11 29 30 13 25 10 27 0 0 0 0 0 0 0 0 
0 0 0 0 29 11 10 15 24 10 19 19 21 29 30 24 10 16 22 27 27 29 27 12 26 15 22 22 19 20 21 16 19 15 27 21 0 0 0 0 
0 0 0 0 0 0 0 0 0 0 0 0 0 0 0 0 28 22 21 17 0 0 0 0 0 0 0 0 0 0 0 0 0 0 0 0 0 0 0 0 
0 0 0 0 0 0 0 0 0 0 0 0 0 0 0 0 0 0 0 0 0 0 0 0 0 0 0 0 0 0 0 0 0 0 0 0 24 13 27 21 
23 18 29 13 0 0 0 0 0 0 0 0 0 0 0 0 0 0 0 0 0 0 0 0 0 0 0 0 0 0 0 0 0 0 0 0 0 0 0 0 
0 0 0 0 23 24 16 27 11 30 27 11 16 27 28 17 18 22 10 20 22 24 12 15 21 27 24 25 24 26 30 22 11 30 19 13 0 0 0 0 
0 0 0 0 0 0 0 0 28 13 27 12 0 0 0 0 0 0 0 0 0 0 0 0 30 16 23 26 25 22 17 13 0 0 0 0 0 0 0 0 
0 0 0 0 0 0 0 0 0 0 0 0 0 0 0 0 0 0 0 0 0 0 0 0 0 0 0 0 29 25 11 23 24 29 22 21 0 0 0 0 
0 0 0 0 0 0 0 0 0 0 0 0 0 0 0 0 0 0 0 0 0 0 0 0 0 0 0 0 0 0 0 0 0 0 0 0 24 15 27 22 
19 12 27 29 0 0 0 0 0 0 0 0 0 0 0 0 0 0 0 0 0 0 0 0 0 0 0 0 0 0 0 0 0 0 0 0 0 0 0 0 
0 0 0 0 27 13 20 30 12 20 21 22 0 0 0 0 23 17 23 30 26 16 16 14 13 10 19 30 11 27 16 16 0 0 0 0 0 0 0 0 
0 0 0 0 16 11 27 20 21 12 14 15 20 25 23 11 10 15 10 13 21 30 13 14 0 0 0 0 21 25 26 22 0 0 0 0 0 0 0 0 
0 0 0 0 12 10 11 12 27 23 19 17 0 0 0 0 30 10 12 14 22 21 18 27 25 11 26 24 15 25 25 18 0 0 0 0 0 0 0 0 
0 0 0 0 0 0 0 0 0 0 0 0 0 0 0 0 0 0 0 0 0 0 0 0 0 0 0 0 0 0 0 0 0 0 0 0 20 26 27 11 
17 12 26 17 0 0 0 0 0 0 0 0 0 0 0 0 0 0 0 0 0 0 0 0 0 0 0 0 0 0 0 0 0 0 0 0 0 0 0 0 
0 0 0 0 0 0 0 0 0 0 0 0 0 0 0 0 16 20 20 17 0 0 0 0 21 28 19 22 27 23 18 13 25 22 18 15 0 0 0 0 
0 0 0 0 22 29 22 26 0 0 0 0 0 0 0 0 0 0 0 0 0 0 0 0 27 12 25 30 0 0 0 0 0 0 0 0 0 0 0 0 
0 0 0 0 13 18 22 27 11 15 22 23 20 23 17 20 0 0 0 0 16 13 18 23 0 0 0 0 0 0 0 0 0 0 0 0 0 0 0 0 
0 0 0 0 0 0 0 0 0 0 0 0 0 0 0 0 0 0 0 0 0 0 0 0 0 0 0 0 0 0 0 0 0 0 0 0 30 16 29 11 
10 11 18 21 0 0 0 0 0 0 0 0 0 0 0 0 0 0 0 0 0 0 0 0 0 0 0 0 0 0 0 0 0 0 0 0 0 0 0 0 
0 0 0 0 0 0 0 0 0 0 0 0 0 0 0 0 0 0 0 0 0 0 0 0 29 24 16 30 0 0 0 0 0 0 0 0 0 0 0 0 
0 0 0 0 20 12 10 28 18 19 16 26 23 12 11 12 21 10 11 18 28 17 16 14 20 12 18 12 15 20 19 21 23 30 24 11 0 0 0 0 
0 0 0 0 0 0 0 0 0 0 0 0 0 0 0 0 0 0 0 0 18 15 16 25 0 0 0 0 0 0 0 0 0 0 0 0 0 0 0 0 
0 0 0 0 0 0 0 0 0 0 0 0 0 0 0 0 0 0 0 0 0 0 0 0 0 0 0 0 0 0 0 0 0 0 0 0 15 28 28 30 
25 29 29 14 0 0 0 0 0 0 0 0 0 0 0 0 0 0 0 0 0 0 0 0 0 0 0 0 0 0 0 0 0 0 0 0 0 0 0 0 
0 0 0 0 0 0 0 0 11 18 12 25 17 14 12 14 25 15 23 28 25 28 13 19 0 0 0 0 0 0 0 0 0 0 0 0 0 0 0 0 
0 0 0 0 0 0 0 0 24 16 29 25 0 0 0 0 18 12 28 11 0 0 0 0 0 0 0 0 0 0 0 0 14 19 22 27 0 0 0 0 
0 0 0 0 0 0 0 0 28 16 19 18 27 11 14 27 0 0 0 0 24 13 30 19 12 29 20 18 12 18 16 28 24 23 21 10 0 0 0 0 
0 0 0 0 0 0 0 0 0 0 0 0 0 0 0 0 0 0 0 0 0 0 0 0 0 0 0 0 0 0 0 0 0 0 0 0 24 19 28 11 
14 10 14 14 0 0 0 0 0 0 0 0 0 0 0 0 0 0 0 0 0 0 0 0 0 0 0 0 0 0 0 0 0 0 0 0 0 0 0 0 
0 0 0 0 0 0 0 0 11 11 13 19 29 29 26 11 0 0 0 0 19 18 11 22 0 0 0 0 0 0 0 0 30 18 21 12 0 0 0 0 
0 0 0 0 12 24 13 17 0 0 0 0 0 0 0 0 29 19 22 15 17 15 23 18 30 14 17 16 19 29 16 13 0 0 0 0 0 0 0 0 
0 0 0 0 0 0 0 0 0 0 0 0 18 15 25 19 14 21 15 14 16 15 30 14 14 17 23 10 0 0 0 0 24 19 15 26 0 0 0 0 
0 0 0 0 0 0 0 0 0 0 0 0 0 0 0 0 0 0 0 0 0 0 0 0 0 0 0 0 0 0 0 0 0 0 0 0 14 24 14 20 
13 10 10 20 0 0 0 0 0 0 0 0 0 0 0 0 0 0 0 0 0 0 0 0 0 0 0 0 0 0 0 0 0 0 0 0 0 0 0 0 
0 0 0 0 13 16 15 23 22 26 24 27 28 22 25 12 0 0 0 0 24 21 14 11 19 13 27 26 0 0 0 0 19 13 21 17 0 0 0 0 
0 0 0 0 21 25 23 15 12 12 20 27 19 22 14 18 30 26 28 21 18 18 30 25 21 17 19 11 16 30 28 28 26 28 12 13 0 0 0 0 
0 0 0 0 15 16 26 18 23 30 21 11 0 0 0 0 0 0 0 0 30 14 18 12 15 17 18 13 0 0 0 0 0 0 0 0 0 0 0 0 
0 0 0 0 0 0 0 0 0 0 0 0 0 0 0 0 0 0 0 0 0 0 0 0 0 0 0 0 0 0 0 0 0 0 0 0 21 13 14 14 
22 21 11 15 0 0 0 0 0 0 0 0 0 0 0 0 0 0 0 0 0 0 0 0 0 0 0 0 0 0 0 0 0 0 0 0 0 0 0 0 
0 0 0 0 12 19 25 29 15 13 11 20 28 17 25 16 11 23 14 30 23 16 29 22 24 10 23 10 20 15 26 27 19 16 17 20 0 0 0 0 
0 0 0 0 0 0 0 0 0 0 0 0 11 24 19 20 0 0 0 0 29 22 20 24 14 19 27 24 0 0 0 0 0 0 0 0 0 0 0 0 
0 0 0 0 0 0 0 0 18 21 10 29 0 0 0 0 0 0 0 0 0 0 0 0 0 0 0 0 0 0 0 0 0 0 0 0 0 0 0 0 
0 0 0 0 0 0 0 0 0 0 0 0 0 0 0 0 0 0 0 0 0 0 0 0 0 0 0 0 0 0 0 0 0 0 0 0 18 22 25 21 
13 30 13 24 0 0 0 0 0 0 0 0 0 0 0 0 0 0 0 0 0 0 0 0 0 0 0 0 0 0 0 0 0 0 0 0 0 0 0 0 
0 0 0 0 0 0 0 0 13 13 15 15 0 0 0 0 0 0 0 0 18 28 14 21 0 0 0 0 0 0 0 0 0 0 0 0 0 0 0 0 
0 0 0 0 0 0 0 0 0 0 0 0 27 23 19 27 15 13 13 21 10 26 24 23 16 30 11 23 0 0 0 0 28 30 13 22 0 0 0 0 
0 0 0 0 0 0 0 0 17 10 28 12 27 15 21 21 0 0 0 0 0 0 0 0 26 20 19 26 0 0 0 0 0 0 0 0 0 0 0 0 
0 0 0 0 0 0 0 0 0 0 0 0 0 0 0 0 0 0 0 0 0 0 0 0 0 0 0 0 0 0 0 0 0 0 0 0 26 14 17 11 
22 27 11 16 0 0 0 0 0 0 0 0 0 0 0 0 0 0 0 0 0 0 0 0 0 0 0 0 0 0 0 0 0 0 0 0 0 0 0 0 
0 0 0 0 0 0 0 0 25 20 27 23 0 0 0 0 0 0 0 0 20 19 15 15 24 10 30 21 12 24 10 17 20 29 30 12 0 0 0 0 
0 0 0 0 0 0 0 0 0 0 0 0 0 0 0 0 0 0 0 0 16 23 13 12 0 0 0 0 0 0 0 0 0 0 0 0 0 0 0 0 
0 0 0 0 18 16 10 17 21 25 12 25 22 23 30 18 20 18 24 19 14 28 19 24 11 12 28 20 17 21 24 23 26 27 18 15 0 0 0 0 
0 0 0 0 0 0 0 0 0 0 0 0 0 0 0 0 0 0 0 0 0 0 0 0 0 0 0 0 0 0 0 0 0 0 0 0 22 23 28 24 
15 27 30 10 0 0 0 0 0 0 0 0 0 0 0 0 0 0 0 0 0 0 0 0 0 0 0 0 0 0 0 0 0 0 0 0 0 0 0 0 
0 0 0 0 22 23 29 16 17 23 10 22 12 23 29 14 18 15 30 15 24 16 18 10 25 19 14 24 15 13 17 21 11 24 18 11 0 0 0 0 
0 0 0 0 0 0 0 0 19 10 15 10 0 0 0 0 0 0 0 0 19 16 12 28 28 29 26 22 12 24 19 14 11 28 23 12 0 0 0 0 
0 0 0 0 11 19 12 19 10 18 26 14 0 0 0 0 16 27 27 25 0 0 0 0 19 20 26 19 10 26 28 21 12 27 15 12 0 0 0 0 
0 0 0 0 0 0 0 0 0 0 0 0 0 0 0 0 0 0 0 0 0 0 0 0 0 0 0 0 0 0 0 0 0 0 0 0 20 27 16 13 
30 17 27 23 0 0 0 0 0 0 0 0 0 0 0 0 0 0 0 0 0 0 0 0 0 0 0 0 0 0 0 0 0 0 0 0 0 0 0 0 
0 0 0 0 0 0 0 0 0 0 0 0 29 17 25 13 16 28 26 25 0 0 0 0 10 21 30 21 15 27 28 11 0 0 0 0 0 0 0 0 
0 0 0 0 14 16 11 30 11 26 10 23 19 25 11 26 19 19 11 27 19 21 27 19 0 0 0 0 0 0 0 0 16 19 25 12 0 0 0 0 
0 0 0 0 21 15 25 27 13 27 16 19 28 20 22 15 26 19 26 16 29 10 10 13 10 14 21 23 29 30 19 24 29 28 23 18 0 0 0 0 
0 0 0 0 0 0 0 0 0 0 0 0 0 0 0 0 0 0 0 0 0 0 0 0 0 0 0 0 0 0 0 0 0 0 0 0 18 15 26 17 
16 10 14 18 0 0 0 0 0 0 0 0 0 0 0 0 0 0 0 0 0 0 0 0 0 0 0 0 0 0 0 0 0 0 0 0 0 0 0 0 
0 0 0 0 29 26 19 29 15 26 29 21 10 17 15 11 12 19 25 10 16 24 18 29 15 21 10 30 17 11 30 13 13 11 11 12 0 0 0 0 
0 0 0 0 0 0 0 0 0 0 0 0 0 0 0 0 0 0 0 0 0 0 0 0 0 0 0 0 15 21 17 20 0 0 0 0 0 0 0 0 
0 0 0 0 12 24 19 22 0 0 0 0 22 17 30 30 17 29 22 11 0 0 0 0 0 0 0 0 0 0 0 0 0 0 0 0 0 0 0 0 
0 0 0 0 0 0 0 0 0 0 0 0 0 0 0 0 0 0 0 0 0 0 0 0 0 0 0 0 0 0 0 0 0 0 0 0 21 21 24 23 
25 19 10 10 0 0 0 0 0 0 0 0 0 0 0 0 0 0 0 0 0 0 0 0 0 0 0 0 0 0 0 0 0 0 0 0 0 0 0 0 
0 0 0 0 14 13 21 24 11 25 30 26 0 0 0 0 0 0 0 0 19 12 12 14 10 17 19 10 13 27 13 19 0 0 0 0 0 0 0 0 
0 0 0 0 25 27 11 25 0 0 0 0 0 0 0 0 0 0 0 0 28 12 10 16 29 14 17 28 0 0 0 0 0 0 0 0 0 0 0 0 
0 0 0 0 30 30 20 21 12 10 14 14 10 17 16 24 17 30 21 24 10 11 21 17 12 28 20 13 0 0 0 0 22 22 15 25 0 0 0 0 
0 0 0 0 0 0 0 0 0 0 0 0 0 0 0 0 0 0 0 0 0 0 0 0 0 0 0 0 0 0 0 0 0 0 0 0 14 28 26 28 
12 12 29 23 0 0 0 0 0 0 0 0 0 0 0 0 0 0 0 0 0 0 0 0 0 0 0 0 0 0 0 0 0 0 0 0 0 0 0 0 
0 0 0 0 0 0 0 0 13 29 24 15 0 0 0 0 19 19 16 11 15 30 23 16 0 0 0 0 0 0 0 0 0 0 0 0 0 0 0 0 
0 0 0 0 0 0 0 0 0 0 0 0 24 28 27 24 0 0 0 0 0 0 0 0 19 29 28 11 0 0 0 0 0 0 0 0 0 0 0 0 
0 0 0 0 18 19 30 13 15 20 17 24 14 13 14 13 29 13 16 29 25 13 21 26 28 17 14 19 11 28 28 14 18 29 23 17 0 0 0 0 
0 0 0 0 0 0 0 0 0 0 0 0 0 0 0 0 0 0 0 0 0 0 0 0 0 0 0 0 0 0 0 0 0 0 0 0 14 23 11 14 
22 23 24 30 0 0 0 0 0 0 0 0 0 0 0 0 0 0 0 0 0 0 0 0 0 0 0 0 0 0 0 0 0 0 0 0 0 0 0 0 
0 0 0 0 25 26 24 25 0 0 0 0 15 22 16 18 27 29 17 14 20 18 19 14 22 14 29 14 23 15 16 27 28 22 24 24 0 0 0 0 
0 0 0 0 20 21 11 13 26 19 26 18 16 20 20 19 18 12 30 18 0 0 0 0 22 19 12 10 10 20 19 15 0 0 0 0 0 0 0 0 
0 0 0 0 19 24 28 11 0 0 0 0 12 13 22 14 21 23 13 10 10 20 28 13 12 24 12 16 0 0 0 0 18 14 22 30 0 0 0 0 
0 0 0 0 0 0 0 0 0 0 0 0 0 0 0 0 0 0 0 0 0 0 0 0 0 0 0 0 0 0 0 0 0 0 0 0 26 20 11 21 
16 17 27 30 0 0 0 0 0 0 0 0 0 0 0 0 0 0 0 0 0 0 0 0 0 0 0 0 0 0 0 0 0 0 0 0 0 0 0 0 
0 0 0 0 10 19 25 19 10 26 21 22 14 12 24 14 28 29 13 24 16 10 27 22 25 24 25 12 25 16 22 23 12 25 26 27 0 0 0 0 
0 0 0 0 13 10 23 23 25 16 24 27 25 29 25 19 13 26 10 20 0 0 0 0 19 26 18 29 17 14 18 13 19 20 24 17 0 0 0 0 
0 0 0 0 23 15 19 12 0 0 0 0 14 28 26 18 29 26 15 28 24 23 19 14 28 29 28 10 22 18 10 11 11 13 23 28 0 0 0 0 
0 0 0 0 0 0 0 0 0 0 0 0 0 0 0 0 0 0 0 0 0 0 0 0 0 0 0 0 0 0 0 0 0 0 0 0 12 12 15 16 
26 14 15 28 0 0 0 0 0 0 0 0 0 0 0 0 0 0 0 0 0 0 0 0 0 0 0 0 0 0 0 0 0 0 0 0 0 0 0 0 
0 0 0 0 22 21 19 23 0 0 0 0 0 0 0 0 0 0 0 0 0 0 0 0 26 24 30 16 17 26 23 25 0 0 0 0 0 0 0 0 
0 0 0 0 27 25 13 13 0 0 0 0 0 0 0 0 0 0 0 0 0 0 0 0 0 0 0 0 0 0 0 0 0 0 0 0 0 0 0 0 
0 0 0 0 21 27 26 21 0 0 0 0 25 25 17 24 26 12 23 14 0 0 0 0 0 0 0 0 12 25 13 28 0 0 0 0 0 0 0 0 
0 0 0 0 0 0 0 0 0 0 0 0 0 0 0 0 0 0 0 0 0 0 0 0 0 0 0 0 0 0 0 0 0 0 0 0 30 25 14 26 
24 23 18 23 0 0 0 0 0 0 0 0 0 0 0 0 0 0 0 0 0 0 0 0 0 0 0 0 0 0 0 0 0 0 0 0 0 0 0 0 
0 0 0 0 0 0 0 0 26 21 13 29 0 0 0 0 0 0 0 0 0 0 0 0 0 0 0 0 0 0 0 0 0 0 0 0 0 0 0 0 
0 0 0 0 0 0 0 0 19 22 10 11 30 21 10 28 0 0 0 0 13 28 23 22 0 0 0 0 18 11 29 25 18 14 30 14 0 0 0 0 
0 0 0 0 0 0 0 0 0 0 0 0 0 0 0 0 20 28 23 15 0 0 0 0 0 0 0 0 17 21 30 17 0 0 0 0 0 0 0 0 
0 0 0 0 0 0 0 0 0 0 0 0 0 0 0 0 0 0 0 0 0 0 0 0 0 0 0 0 0 0 0 0 0 0 0 0 10 22 30 18 
16 24 28 18 0 0 0 0 0 0 0 0 0 0 0 0 0 0 0 0 0 0 0 0 0 0 0 0 0 0 0 0 0 0 0 0 0 0 0 0 
0 0 0 0 22 13 13 24 0 0 0 0 16 19 23 24 15 15 25 20 0 0 0 0 0 0 0 0 0 0 0 0 0 0 0 0 0 0 0 0 
0 0 0 0 17 10 27 28 0 0 0 0 21 14 19 11 25 22 14 25 16 23 26 27 21 30 27 10 15 15 13 18 30 11 13 22 0 0 0 0 
0 0 0 0 0 0 0 0 0 0 0 0 0 0 0 0 14 13 23 18 18 28 13 13 0 0 0 0 27 14 29 18 0 0 0 0 0 0 0 0 
0 0 0 0 0 0 0 0 0 0 0 0 0 0 0 0 0 0 0 0 0 0 0 0 0 0 0 0 0 0 0 0 0 0 0 0 17 14 12 28 
11 21 20 22 0 0 0 0 0 0 0 0 0 0 0 0 0 0 0 0 0 0 0 0 0 0 0 0 0 0 0 0 0 0 0 0 0 0 0 0 
0 0 0 0 0 0 0 0 0 0 0 0 0 0 0 0 0 0 0 0 15 13 20 14 0 0 0 0 0 0 0 0 13 16 12 24 0 0 0 0 
0 0 0 0 19 24 14 21 0 0 0 0 25 30 17 25 0 0 0 0 0 0 0 0 0 0 0 0 0 0 0 0 0 0 0 0 0 0 0 0 
0 0 0 0 27 21 13 30 23 26 22 20 25 22 13 25 12 21 18 13 19 19 12 16 28 21 24 25 20 27 22 13 19 22 26 15 0 0 0 0 
0 0 0 0 0 0 0 0 0 0 0 0 0 0 0 0 0 0 0 0 0 0 0 0 0 0 0 0 0 0 0 0 0 0 0 0 17 22 10 10 
27 27 20 21 0 0 0 0 0 0 0 0 0 0 0 0 0 0 0 0 0 0 0 0 0 0 0 0 0 0 0 0 0 0 0 0 0 0 0 0 
0 0 0 0 0 0 0 0 12 16 21 16 0 0 0 0 0 0 0 0 0 0 0 0 20 15 18 18 0 0 0 0 0 0 0 0 0 0 0 0 
0 0 0 0 16 27 15 20 10 24 19 15 26 29 11 21 30 25 13 14 21 12 30 30 29 20 12 25 0 0 0 0 0 0 0 0 0 0 0 0 
0 0 0 0 0 0 0 0 0 0 0 0 0 0 0 0 0 0 0 0 13 17 21 23 0 0 0 0 0 0 0 0 0 0 0 0 0 0 0 0 
0 0 0 0 0 0 0 0 0 0 0 0 0 0 0 0 0 0 0 0 0 0 0 0 0 0 0 0 0 0 0 0 0 0 0 0 21 19 17 22 
17 22 18 15 0 0 0 0 0 0 0 0 0 0 0 0 0 0 0 0 0 0 0 0 0 0 0 0 0 0 0 0 0 0 0 0 0 0 0 0 
0 0 0 0 0 0 0 0 21 12 19 23 18 26 21 25 0 0 0 0 27 16 15 22 28 30 30 24 13 17 19 26 0 0 0 0 0 0 0 0 
0 0 0 0 23 12 28 13 24 15 21 28 10 27 22 25 20 16 22 29 10 21 22 26 20 18 11 29 24 19 21 21 21 26 25 13 0 0 0 0 
0 0 0 0 0 0 0 0 0 0 0 0 0 0 0 0 0 0 0 0 0 0 0 0 0 0 0 0 12 18 24 13 0 0 0 0 0 0 0 0 
0 0 0 0 0 0 0 0 0 0 0 0 0 0 0 0 0 0 0 0 0 0 0 0 0 0 0 0 0 0 0 0 0 0 0 0 30 14 16 29 
27 28 15 11 0 0 0 0 0 0 0 0 0 0 0 0 0 0 0 0 0 0 0 0 0 0 0 0 0 0 0 0 0 0 0 0 0 0 0 0 
0 0 0 0 25 29 11 12 16 22 18 17 25 27 12 28 0 0 0 0 0 0 0 0 0 0 0 0 23 15 29 26 22 17 19 21 0 0 0 0 
0 0 0 0 0 0 0 0 20 10 28 26 20 17 16 26 0 0 0 0 26 26 21 23 11 22 16 18 0 0 0 0 0 0 0 0 0 0 0 0 
0 0 0 0 11 28 21 30 15 14 14 27 18 20 15 29 14 25 18 20 19 19 18 25 20 20 17 29 16 10 21 28 13 12 22 30 0 0 0 0 
0 0 0 0 0 0 0 0 0 0 0 0 0 0 0 0 0 0 0 0 0 0 0 0 0 0 0 0 0 0 0 0 0 0 0 0 11 20 29 16 
12 12 21 18 0 0 0 0 0 0 0 0 0 0 0 0 0 0 0 0 0 0 0 0 0 0 0 0 0 0 0 0 0 0 0 0 0 0 0 0 
0 0 0 0 0 0 0 0 0 0 0 0 0 0 0 0 0 0 0 0 0 0 0 0 0 0 0 0 0 0 0 0 21 19 18 30 0 0 0 0 
0 0 0 0 0 0 0 0 19 17 15 15 0 0 0 0 23 17 13 20 18 28 26 11 11 14 19 19 11 20 16 18 13 20 13 28 0 0 0 0 
0 0 0 0 28 27 24 11 10 21 19 18 0 0 0 0 12 21 15 12 30 19 29 20 0 0 0 0 16 28 25 18 24 27 22 27 0 0 0 0 
0 0 0 0 0 0 0 0 0 0 0 0 0 0 0 0 0 0 0 0 0 0 0 0 0 0 0 0 0 0 0 0 0 0 0 0 16 21 23 22 
11 30 30 30 0 0 0 0 0 0 0 0 0 0 0 0 0 0 0 0 0 0 0 0 0 0 0 0 0 0 0 0 0 0 0 0 0 0 0 0 
0 0 0 0 0 0 0 0 19 18 19 13 28 12 25 10 27 28 26 23 13 14 19 28 19 17 16 28 23 12 20 13 10 19 18 13 0 0 0 0 
0 0 0 0 0 0 0 0 0 0 0 0 0 0 0 0 0 0 0 0 27 19 23 12 0 0 0 0 0 0 0 0 0 0 0 0 0 0 0 0 
0 0 0 0 0 0 0 0 30 19 19 17 14 15 27 25 10 28 21 22 17 25 18 12 0 0 0 0 14 21 15 14 12 20 28 30 0 0 0 0 
0 0 0 0 0 0 0 0 0 0 0 0 0 0 0 0 0 0 0 0 0 0 0 0 0 0 0 0 0 0 0 0 0 0 0 0 10 25 25 22 
29 26 11 20 0 0 0 0 0 0 0 0 0 0 0 0 0 0 0 0 0 0 0 0 0 0 0 0 0 0 0 0 0 0 0 0 0 0 0 0 
0 0 0 0 21 17 13 30 18 18 22 23 0 0 0 0 0 0 0 0 16 24 10 30 12 24 23 10 0 0 0 0 0 0 0 0 0 0 0 0 
0 0 0 0 26 18 12 21 13 20 22 26 25 10 14 18 30 22 10 23 12 16 21 15 28 21 28 30 11 11 25 28 26 16 24 25 0 0 0 0 
0 0 0 0 0 0 0 0 0 0 0 0 21 26 28 25 0 0 0 0 0 0 0 0 0 0 0 0 15 14 21 21 0 0 0 0 0 0 0 0 
0 0 0 0 0 0 0 0 0 0 0 0 0 0 0 0 0 0 0 0 0 0 0 0 0 0 0 0 0 0 0 0 0 0 0 0 25 13 25 16 
21 21 13 24 0 0 0 0 0 0 0 0 0 0 0 0 0 0 0 0 0 0 0 0 0 0 0 0 0 0 0 0 0 0 0 0 0 0 0 0 
0 0 0 0 13 15 22 22 28 27 29 27 0 0 0 0 15 16 17 21 17 20 30 28 24 18 13 14 28 18 16 11 10 11 24 13 0 0 0 0 
0 0 0 0 0 0 0 0 0 0 0 0 21 17 22 14 0 0 0 0 0 0 0 0 0 0 0 0 0 0 0 0 0 0 0 0 0 0 0 0 
0 0 0 0 28 27 21 25 15 25 15 11 15 10 12 13 26 10 11 28 27 21 28 23 17 27 16 19 25 22 24 21 10 12 20 17 0 0 0 0 
0 0 0 0 0 0 0 0 0 0 0 0 0 0 0 0 0 0 0 0 0 0 0 0 0 0 0 0 0 0 0 0 0 0 0 0 16 18 13 19 
28 20 17 26 0 0 0 0 0 0 0 0 0 0 0 0 0 0 0 0 0 0 0 0 0 0 0 0 0 0 0 0 0 0 0 0 0 0 0 0 
0 0 0 0 0 0 0 0 29 11 16 19 15 11 27 29 29 19 30 28 20 20 23 25 0 0 0 0 0 0 0 0 18 27 24 24 0 0 0 0 
0 0 0 0 19 30 20 15 29 22 28 22 0 0 0 0 22 18 11 18 0 0 0 0 24 12 26 13 14 26 29 12 18 10 24 23 0 0 0 0 
0 0 0 0 22 23 10 12 0 0 0 0 21 23 12 13 0 0 0 0 16 11 24 24 0 0 0 0 24 12 22 18 30 11 12 28 0 0 0 0 
0 0 0 0 0 0 0 0 0 0 0 0 0 0 0 0 0 0 0 0 0 0 0 0 0 0 0 0 0 0 0 0 0 0 0 0 29 13 20 26 
15 25 11 16 0 0 0 0 0 0 0 0 0 0 0 0 0 0 0 0 0 0 0 0 0 0 0 0 0 0 0 0 0 0 0 0 0 0 0 0 
0 0 0 0 0 0 0 0 0 0 0 0 0 0 0 0 20 29 23 24 0 0 0 0 0 0 0 0 0 0 0 0 0 0 0 0 0 0 0 0 
0 0 0 0 14 10 10 12 16 14 23 15 0 0 0 0 13 28 15 12 26 15 23 17 0 0 0 0 0 0 0 0 0 0 0 0 0 0 0 0 
0 0 0 0 0 0 0 0 0 0 0 0 0 0 0 0 0 0 0 0 0 0 0 0 0 0 0 0 21 24 16 16 0 0 0 0 0 0 0 0 
0 0 0 0 0 0 0 0 0 0 0 0 0 0 0 0 0 0 0 0 0 0 0 0 0 0 0 0 0 0 0 0 0 0 0 0 27 17 18 21 
10 15 19 15 0 0 0 0 0 0 0 0 0 0 0 0 0 0 0 0 0 0 0 0 0 0 0 0 0 0 0 0 0 0 0 0 0 0 0 0 
0 0 0 0 0 0 0 0 16 30 16 19 0 0 0 0 0 0 0 0 0 0 0 0 0 0 0 0 0 0 0 0 0 0 0 0 0 0 0 0 
0 0 0 0 0 0 0 0 0 0 0 0 0 0 0 0 12 23 15 13 19 15 23 19 0 0 0 0 0 0 0 0 0 0 0 0 0 0 0 0 
0 0 0 0 0 0 0 0 29 27 14 17 0 0 0 0 0 0 0 0 0 0 0 0 16 22 12 26 15 29 30 14 23 24 14 13 0 0 0 0 
0 0 0 0 0 0 0 0 0 0 0 0 0 0 0 0 0 0 0 0 0 0 0 0 0 0 0 0 0 0 0 0 0 0 0 0 14 19 14 11
---------------------
 
Processing cost   (0 -- non-optional machine)
Rows: sequential for each operation of each part; Columns: correspond to machine number
12 12 17 19 0 0 0 0 0 0 0 0 0 0 0 0 0 0 0 0 0 0 0 0 0 0 0 0 0 0 0 0 0 0 0 0 0 0 0 0 
0 0 0 0 0 0 0 0 0 0 0 0 11 18 18 15 0 0 0 0 0 0 0 0 0 0 0 0 14 20 17 10 0 0 0 0 0 0 0 0 
0 0 0 0 16 13 15 13 16 16 17 10 0 0 0 0 15 16 13 14 16 15 10 16 15 12 15 10 14 20 19 15 17 14 13 13 0 0 0 0 
0 0 0 0 17 14 20 17 0 0 0 0 16 16 18 18 14 10 15 17 17 18 12 20 11 14 10 11 19 17 20 10 18 18 10 20 0 0 0 0 
0 0 0 0 0 0 0 0 0 0 0 0 0 0 0 0 0 0 0 0 0 0 0 0 0 0 0 0 0 0 0 0 0 0 0 0 16 15 19 19 
11 13 17 19 0 0 0 0 0 0 0 0 0 0 0 0 0 0 0 0 0 0 0 0 0 0 0 0 0 0 0 0 0 0 0 0 0 0 0 0 
0 0 0 0 0 0 0 0 0 0 0 0 0 0 0 0 0 0 0 0 0 0 0 0 16 20 10 20 20 17 14 10 0 0 0 0 0 0 0 0 
0 0 0 0 16 15 12 12 0 0 0 0 15 12 11 11 13 17 19 12 20 13 20 10 0 0 0 0 20 17 17 20 11 10 13 19 0 0 0 0 
0 0 0 0 18 20 17 12 10 19 20 15 12 13 15 17 12 19 10 14 0 0 0 0 18 12 12 13 0 0 0 0 17 13 14 11 0 0 0 0 
0 0 0 0 0 0 0 0 0 0 0 0 0 0 0 0 0 0 0 0 0 0 0 0 0 0 0 0 0 0 0 0 0 0 0 0 17 18 15 12 
18 16 13 14 0 0 0 0 0 0 0 0 0 0 0 0 0 0 0 0 0 0 0 0 0 0 0 0 0 0 0 0 0 0 0 0 0 0 0 0 
0 0 0 0 0 0 0 0 0 0 0 0 0 0 0 0 0 0 0 0 10 20 15 18 0 0 0 0 0 0 0 0 0 0 0 0 0 0 0 0 
0 0 0 0 0 0 0 0 17 17 20 16 0 0 0 0 0 0 0 0 0 0 0 0 0 0 0 0 0 0 0 0 0 0 0 0 0 0 0 0 
0 0 0 0 12 14 11 14 10 11 19 14 0 0 0 0 0 0 0 0 19 20 20 13 17 19 20 18 0 0 0 0 19 19 14 16 0 0 0 0 
0 0 0 0 0 0 0 0 0 0 0 0 0 0 0 0 0 0 0 0 0 0 0 0 0 0 0 0 0 0 0 0 0 0 0 0 19 10 10 19 
10 17 14 18 0 0 0 0 0 0 0 0 0 0 0 0 0 0 0 0 0 0 0 0 0 0 0 0 0 0 0 0 0 0 0 0 0 0 0 0 
0 0 0 0 16 10 13 17 18 15 18 16 15 14 11 15 18 18 19 20 12 15 14 18 18 17 14 18 16 18 19 12 11 13 19 14 0 0 0 0 
0 0 0 0 15 16 10 17 19 18 14 10 0 0 0 0 14 16 19 10 0 0 0 0 19 19 18 11 19 18 15 19 11 14 17 15 0 0 0 0 
0 0 0 0 0 0 0 0 0 0 0 0 0 0 0 0 0 0 0 0 20 15 13 20 0 0 0 0 0 0 0 0 0 0 0 0 0 0 0 0 
0 0 0 0 0 0 0 0 0 0 0 0 0 0 0 0 0 0 0 0 0 0 0 0 0 0 0 0 0 0 0 0 0 0 0 0 10 11 15 14 
12 19 11 11 0 0 0 0 0 0 0 0 0 0 0 0 0 0 0 0 0 0 0 0 0 0 0 0 0 0 0 0 0 0 0 0 0 0 0 0 
0 0 0 0 0 0 0 0 0 0 0 0 0 0 0 0 0 0 0 0 17 15 12 15 14 12 18 13 10 15 14 15 0 0 0 0 0 0 0 0 
0 0 0 0 0 0 0 0 15 15 11 11 0 0 0 0 0 0 0 0 0 0 0 0 14 13 12 19 0 0 0 0 12 12 10 19 0 0 0 0 
0 0 0 0 11 11 18 15 16 18 19 11 14 15 10 17 19 13 16 19 0 0 0 0 12 18 12 18 12 19 17 12 14 16 18 12 0 0 0 0 
0 0 0 0 0 0 0 0 0 0 0 0 0 0 0 0 0 0 0 0 0 0 0 0 0 0 0 0 0 0 0 0 0 0 0 0 15 15 18 13 
14 19 20 17 0 0 0 0 0 0 0 0 0 0 0 0 0 0 0 0 0 0 0 0 0 0 0 0 0 0 0 0 0 0 0 0 0 0 0 0 
0 0 0 0 0 0 0 0 0 0 0 0 0 0 0 0 17 12 19 18 20 19 19 14 0 0 0 0 0 0 0 0 14 11 19 19 0 0 0 0 
0 0 0 0 18 17 11 14 0 0 0 0 0 0 0 0 20 20 12 14 0 0 0 0 0 0 0 0 0 0 0 0 0 0 0 0 0 0 0 0 
0 0 0 0 10 10 10 12 18 14 13 16 17 12 18 16 14 14 20 16 14 19 18 14 0 0 0 0 0 0 0 0 12 11 13 10 0 0 0 0 
0 0 0 0 0 0 0 0 0 0 0 0 0 0 0 0 0 0 0 0 0 0 0 0 0 0 0 0 0 0 0 0 0 0 0 0 18 14 10 10 
10 12 12 11 0 0 0 0 0 0 0 0 0 0 0 0 0 0 0 0 0 0 0 0 0 0 0 0 0 0 0 0 0 0 0 0 0 0 0 0 
0 0 0 0 0 0 0 0 18 10 10 13 20 14 16 19 0 0 0 0 13 16 15 19 13 18 10 17 14 17 13 15 18 17 20 14 0 0 0 0 
0 0 0 0 0 0 0 0 11 11 20 16 0 0 0 0 0 0 0 0 0 0 0 0 0 0 0 0 11 19 20 15 10 19 14 14 0 0 0 0 
0 0 0 0 0 0 0 0 0 0 0 0 0 0 0 0 0 0 0 0 0 0 0 0 18 20 12 14 0 0 0 0 10 11 16 17 0 0 0 0 
0 0 0 0 0 0 0 0 0 0 0 0 0 0 0 0 0 0 0 0 0 0 0 0 0 0 0 0 0 0 0 0 0 0 0 0 15 20 10 10 
19 17 14 16 0 0 0 0 0 0 0 0 0 0 0 0 0 0 0 0 0 0 0 0 0 0 0 0 0 0 0 0 0 0 0 0 0 0 0 0 
0 0 0 0 19 18 15 18 14 18 12 20 18 17 11 17 14 12 10 17 12 18 13 15 19 19 11 17 12 10 18 19 10 16 20 19 0 0 0 0 
0 0 0 0 0 0 0 0 11 20 14 15 0 0 0 0 0 0 0 0 12 11 15 13 0 0 0 0 0 0 0 0 0 0 0 0 0 0 0 0 
0 0 0 0 18 17 12 19 0 0 0 0 0 0 0 0 0 0 0 0 15 13 14 13 10 13 12 16 19 13 11 10 12 14 18 19 0 0 0 0 
0 0 0 0 0 0 0 0 0 0 0 0 0 0 0 0 0 0 0 0 0 0 0 0 0 0 0 0 0 0 0 0 0 0 0 0 13 18 14 16 
13 14 16 16 0 0 0 0 0 0 0 0 0 0 0 0 0 0 0 0 0 0 0 0 0 0 0 0 0 0 0 0 0 0 0 0 0 0 0 0 
0 0 0 0 12 16 17 10 0 0 0 0 17 14 13 11 18 17 20 14 0 0 0 0 13 10 17 13 0 0 0 0 13 16 10 12 0 0 0 0 
0 0 0 0 0 0 0 0 0 0 0 0 0 0 0 0 0 0 0 0 17 15 18 11 0 0 0 0 0 0 0 0 17 10 13 16 0 0 0 0 
0 0 0 0 10 20 18 11 10 11 12 19 13 12 13 18 12 14 16 14 0 0 0 0 16 14 14 11 18 11 16 10 17 16 14 13 0 0 0 0 
0 0 0 0 0 0 0 0 0 0 0 0 0 0 0 0 0 0 0 0 0 0 0 0 0 0 0 0 0 0 0 0 0 0 0 0 14 18 11 19 
14 20 12 20 0 0 0 0 0 0 0 0 0 0 0 0 0 0 0 0 0 0 0 0 0 0 0 0 0 0 0 0 0 0 0 0 0 0 0 0 
0 0 0 0 13 20 20 18 10 17 16 16 11 12 10 17 0 0 0 0 19 15 11 11 19 15 17 13 18 14 12 18 19 13 12 19 0 0 0 0 
0 0 0 0 0 0 0 0 0 0 0 0 0 0 0 0 17 14 17 10 0 0 0 0 19 14 19 10 17 13 14 12 0 0 0 0 0 0 0 0 
0 0 0 0 0 0 0 0 16 17 17 20 0 0 0 0 15 17 16 17 15 18 15 17 0 0 0 0 0 0 0 0 16 19 18 10 0 0 0 0 
0 0 0 0 0 0 0 0 0 0 0 0 0 0 0 0 0 0 0 0 0 0 0 0 0 0 0 0 0 0 0 0 0 0 0 0 19 10 16 18 
19 14 20 16 0 0 0 0 0 0 0 0 0 0 0 0 0 0 0 0 0 0 0 0 0 0 0 0 0 0 0 0 0 0 0 0 0 0 0 0 
0 0 0 0 13 14 17 17 17 14 20 10 0 0 0 0 0 0 0 0 0 0 0 0 12 15 12 19 0 0 0 0 0 0 0 0 0 0 0 0 
0 0 0 0 0 0 0 0 0 0 0 0 0 0 0 0 0 0 0 0 0 0 0 0 15 19 14 11 16 17 11 10 11 16 14 10 0 0 0 0 
0 0 0 0 0 0 0 0 15 20 12 20 0 0 0 0 0 0 0 0 12 10 14 19 0 0 0 0 11 15 11 20 0 0 0 0 0 0 0 0 
0 0 0 0 0 0 0 0 0 0 0 0 0 0 0 0 0 0 0 0 0 0 0 0 0 0 0 0 0 0 0 0 0 0 0 0 16 11 16 12 
10 12 18 17 0 0 0 0 0 0 0 0 0 0 0 0 0 0 0 0 0 0 0 0 0 0 0 0 0 0 0 0 0 0 0 0 0 0 0 0 
0 0 0 0 0 0 0 0 0 0 0 0 10 18 17 13 0 0 0 0 0 0 0 0 0 0 0 0 0 0 0 0 0 0 0 0 0 0 0 0 
0 0 0 0 0 0 0 0 12 15 14 12 19 11 20 13 16 14 12 12 0 0 0 0 0 0 0 0 19 18 19 18 0 0 0 0 0 0 0 0 
0 0 0 0 0 0 0 0 0 0 0 0 0 0 0 0 0 0 0 0 0 0 0 0 0 0 0 0 0 0 0 0 13 15 20 15 0 0 0 0 
0 0 0 0 0 0 0 0 0 0 0 0 0 0 0 0 0 0 0 0 0 0 0 0 0 0 0 0 0 0 0 0 0 0 0 0 17 15 20 15 
14 14 18 19 0 0 0 0 0 0 0 0 0 0 0 0 0 0 0 0 0 0 0 0 0 0 0 0 0 0 0 0 0 0 0 0 0 0 0 0 
0 0 0 0 10 12 18 14 10 16 12 10 19 12 11 12 10 12 11 17 12 11 18 17 17 20 15 11 18 14 18 18 10 14 19 12 0 0 0 0 
0 0 0 0 0 0 0 0 0 0 0 0 0 0 0 0 13 19 20 13 11 13 10 17 0 0 0 0 0 0 0 0 0 0 0 0 0 0 0 0 
0 0 0 0 0 0 0 0 0 0 0 0 0 0 0 0 0 0 0 0 11 13 18 14 0 0 0 0 0 0 0 0 0 0 0 0 0 0 0 0 
0 0 0 0 0 0 0 0 0 0 0 0 0 0 0 0 0 0 0 0 0 0 0 0 0 0 0 0 0 0 0 0 0 0 0 0 20 10 10 12 
11 12 18 18 0 0 0 0 0 0 0 0 0 0 0 0 0 0 0 0 0 0 0 0 0 0 0 0 0 0 0 0 0 0 0 0 0 0 0 0 
0 0 0 0 20 12 11 18 16 17 16 18 13 13 12 16 16 12 13 13 10 18 12 11 19 15 20 16 14 14 12 11 20 16 17 19 0 0 0 0 
0 0 0 0 15 20 10 12 10 14 14 18 14 13 17 18 20 10 19 16 11 15 19 11 13 19 16 15 17 15 18 17 11 14 11 16 0 0 0 0 
0 0 0 0 17 19 14 10 11 10 11 17 0 0 0 0 0 0 0 0 15 20 12 13 0 0 0 0 0 0 0 0 12 17 14 10 0 0 0 0 
0 0 0 0 0 0 0 0 0 0 0 0 0 0 0 0 0 0 0 0 0 0 0 0 0 0 0 0 0 0 0 0 0 0 0 0 13 10 13 11 
15 14 10 20 0 0 0 0 0 0 0 0 0 0 0 0 0 0 0 0 0 0 0 0 0 0 0 0 0 0 0 0 0 0 0 0 0 0 0 0 
0 0 0 0 0 0 0 0 11 19 20 19 0 0 0 0 10 14 13 19 0 0 0 0 20 13 13 15 0 0 0 0 0 0 0 0 0 0 0 0 
0 0 0 0 0 0 0 0 12 19 18 13 0 0 0 0 0 0 0 0 16 19 16 16 0 0 0 0 0 0 0 0 0 0 0 0 0 0 0 0 
0 0 0 0 0 0 0 0 17 14 18 17 0 0 0 0 0 0 0 0 16 13 10 20 18 18 19 12 17 13 11 17 10 10 14 14 0 0 0 0 
0 0 0 0 0 0 0 0 0 0 0 0 0 0 0 0 0 0 0 0 0 0 0 0 0 0 0 0 0 0 0 0 0 0 0 0 19 15 10 13 
10 18 16 18 0 0 0 0 0 0 0 0 0 0 0 0 0 0 0 0 0 0 0 0 0 0 0 0 0 0 0 0 0 0 0 0 0 0 0 0 
0 0 0 0 18 10 13 15 0 0 0 0 0 0 0 0 0 0 0 0 0 0 0 0 11 14 20 15 0 0 0 0 0 0 0 0 0 0 0 0 
0 0 0 0 0 0 0 0 0 0 0 0 15 16 13 17 10 13 19 15 0 0 0 0 16 13 12 12 0 0 0 0 0 0 0 0 0 0 0 0 
0 0 0 0 0 0 0 0 20 11 11 17 17 12 20 18 20 16 14 15 20 16 10 20 10 12 18 16 0 0 0 0 17 18 20 18 0 0 0 0 
0 0 0 0 0 0 0 0 0 0 0 0 0 0 0 0 0 0 0 0 0 0 0 0 0 0 0 0 0 0 0 0 0 0 0 0 10 16 20 20 
10 14 19 19 0 0 0 0 0 0 0 0 0 0 0 0 0 0 0 0 0 0 0 0 0 0 0 0 0 0 0 0 0 0 0 0 0 0 0 0 
0 0 0 0 0 0 0 0 19 16 20 13 0 0 0 0 14 17 18 18 20 15 20 11 0 0 0 0 0 0 0 0 0 0 0 0 0 0 0 0 
0 0 0 0 18 15 20 16 12 10 19 19 0 0 0 0 10 18 16 12 16 20 20 16 0 0 0 0 0 0 0 0 0 0 0 0 0 0 0 0 
0 0 0 0 13 20 12 19 12 11 19 20 10 13 15 15 11 20 15 12 12 10 13 11 10 20 16 18 11 19 17 20 0 0 0 0 0 0 0 0 
0 0 0 0 0 0 0 0 0 0 0 0 0 0 0 0 0 0 0 0 0 0 0 0 0 0 0 0 0 0 0 0 0 0 0 0 20 20 16 19 
14 20 10 15 0 0 0 0 0 0 0 0 0 0 0 0 0 0 0 0 0 0 0 0 0 0 0 0 0 0 0 0 0 0 0 0 0 0 0 0 
0 0 0 0 13 17 15 15 0 0 0 0 11 11 16 14 20 19 12 20 12 11 10 17 18 12 18 13 14 11 16 16 18 12 16 18 0 0 0 0 
0 0 0 0 16 18 17 12 13 19 20 17 0 0 0 0 18 20 11 16 15 19 12 19 11 10 12 18 0 0 0 0 15 14 17 20 0 0 0 0 
0 0 0 0 18 16 19 12 0 0 0 0 17 17 19 19 20 15 13 11 18 15 15 14 15 12 20 14 19 13 10 13 19 12 11 16 0 0 0 0 
0 0 0 0 0 0 0 0 0 0 0 0 0 0 0 0 0 0 0 0 0 0 0 0 0 0 0 0 0 0 0 0 0 0 0 0 13 16 13 14 
15 13 19 17 0 0 0 0 0 0 0 0 0 0 0 0 0 0 0 0 0 0 0 0 0 0 0 0 0 0 0 0 0 0 0 0 0 0 0 0 
0 0 0 0 19 14 16 13 11 16 12 12 18 14 18 15 11 15 16 16 17 19 18 19 12 16 17 20 15 18 16 14 17 15 20 14 0 0 0 0 
0 0 0 0 14 18 20 20 0 0 0 0 10 10 11 20 0 0 0 0 14 10 12 15 0 0 0 0 0 0 0 0 11 12 16 19 0 0 0 0 
0 0 0 0 0 0 0 0 0 0 0 0 0 0 0 0 0 0 0 0 19 12 18 19 13 10 14 17 0 0 0 0 20 19 20 15 0 0 0 0 
0 0 0 0 0 0 0 0 0 0 0 0 0 0 0 0 0 0 0 0 0 0 0 0 0 0 0 0 0 0 0 0 0 0 0 0 12 11 11 15 
13 11 16 17 0 0 0 0 0 0 0 0 0 0 0 0 0 0 0 0 0 0 0 0 0 0 0 0 0 0 0 0 0 0 0 0 0 0 0 0 
0 0 0 0 0 0 0 0 18 16 15 20 0 0 0 0 13 13 12 18 0 0 0 0 0 0 0 0 20 13 11 17 0 0 0 0 0 0 0 0 
0 0 0 0 0 0 0 0 0 0 0 0 0 0 0 0 10 18 13 20 16 18 18 19 10 13 16 12 13 17 12 15 14 16 15 16 0 0 0 0 
0 0 0 0 0 0 0 0 0 0 0 0 0 0 0 0 0 0 0 0 0 0 0 0 0 0 0 0 0 0 0 0 18 20 15 14 0 0 0 0 
0 0 0 0 0 0 0 0 0 0 0 0 0 0 0 0 0 0 0 0 0 0 0 0 0 0 0 0 0 0 0 0 0 0 0 0 11 20 16 17 
19 12 18 11 0 0 0 0 0 0 0 0 0 0 0 0 0 0 0 0 0 0 0 0 0 0 0 0 0 0 0 0 0 0 0 0 0 0 0 0 
0 0 0 0 0 0 0 0 12 19 15 11 10 14 14 12 20 18 10 19 20 19 20 18 10 19 12 12 12 11 14 15 13 11 16 16 0 0 0 0 
0 0 0 0 19 16 18 10 0 0 0 0 11 18 11 14 0 0 0 0 15 16 17 17 17 13 14 16 10 11 20 10 0 0 0 0 0 0 0 0 
0 0 0 0 0 0 0 0 0 0 0 0 10 15 10 16 0 0 0 0 18 11 15 10 10 18 19 17 10 17 12 13 0 0 0 0 0 0 0 0 
0 0 0 0 0 0 0 0 0 0 0 0 0 0 0 0 0 0 0 0 0 0 0 0 0 0 0 0 0 0 0 0 0 0 0 0 14 13 10 13 
16 12 20 12 0 0 0 0 0 0 0 0 0 0 0 0 0 0 0 0 0 0 0 0 0 0 0 0 0 0 0 0 0 0 0 0 0 0 0 0 
0 0 0 0 0 0 0 0 0 0 0 0 0 0 0 0 16 17 15 19 0 0 0 0 0 0 0 0 0 0 0 0 0 0 0 0 0 0 0 0 
0 0 0 0 0 0 0 0 0 0 0 0 12 19 18 15 13 16 12 18 16 13 18 17 0 0 0 0 0 0 0 0 0 0 0 0 0 0 0 0 
0 0 0 0 0 0 0 0 17 10 15 13 19 11 19 19 0 0 0 0 15 11 10 10 17 16 19 10 12 14 12 13 0 0 0 0 0 0 0 0 
0 0 0 0 0 0 0 0 0 0 0 0 0 0 0 0 0 0 0 0 0 0 0 0 0 0 0 0 0 0 0 0 0 0 0 0 19 17 14 14 
19 10 17 13 0 0 0 0 0 0 0 0 0 0 0 0 0 0 0 0 0 0 0 0 0 0 0 0 0 0 0 0 0 0 0 0 0 0 0 0 
0 0 0 0 0 0 0 0 10 18 18 14 0 0 0 0 0 0 0 0 0 0 0 0 0 0 0 0 0 0 0 0 0 0 0 0 0 0 0 0 
0 0 0 0 0 0 0 0 0 0 0 0 15 15 19 18 0 0 0 0 0 0 0 0 0 0 0 0 20 12 12 18 0 0 0 0 0 0 0 0 
0 0 0 0 0 0 0 0 17 13 10 14 0 0 0 0 0 0 0 0 0 0 0 0 0 0 0 0 0 0 0 0 0 0 0 0 0 0 0 0 
0 0 0 0 0 0 0 0 0 0 0 0 0 0 0 0 0 0 0 0 0 0 0 0 0 0 0 0 0 0 0 0 0 0 0 0 17 16 11 13 
16 15 20 20 0 0 0 0 0 0 0 0 0 0 0 0 0 0 0 0 0 0 0 0 0 0 0 0 0 0 0 0 0 0 0 0 0 0 0 0 
0 0 0 0 11 18 18 14 0 0 0 0 0 0 0 0 0 0 0 0 0 0 0 0 10 11 11 13 0 0 0 0 0 0 0 0 0 0 0 0 
0 0 0 0 11 14 10 18 11 13 11 13 18 15 14 16 15 19 15 19 14 11 14 18 12 16 19 16 16 12 16 12 20 19 15 12 0 0 0 0 
0 0 0 0 16 18 10 17 0 0 0 0 19 12 15 16 12 16 14 10 0 0 0 0 19 14 15 10 19 18 11 13 0 0 0 0 0 0 0 0 
0 0 0 0 0 0 0 0 0 0 0 0 0 0 0 0 0 0 0 0 0 0 0 0 0 0 0 0 0 0 0 0 0 0 0 0 14 18 10 15 
20 20 14 10 0 0 0 0 0 0 0 0 0 0 0 0 0 0 0 0 0 0 0 0 0 0 0 0 0 0 0 0 0 0 0 0 0 0 0 0 
0 0 0 0 19 16 15 13 15 15 16 14 0 0 0 0 15 15 11 20 13 14 18 17 0 0 0 0 0 0 0 0 0 0 0 0 0 0 0 0 
0 0 0 0 0 0 0 0 16 20 19 10 0 0 0 0 11 13 18 14 0 0 0 0 14 16 18 11 18 19 14 14 0 0 0 0 0 0 0 0 
0 0 0 0 0 0 0 0 0 0 0 0 10 19 13 19 0 0 0 0 0 0 0 0 0 0 0 0 0 0 0 0 0 0 0 0 0 0 0 0 
0 0 0 0 0 0 0 0 0 0 0 0 0 0 0 0 0 0 0 0 0 0 0 0 0 0 0 0 0 0 0 0 0 0 0 0 16 11 17 14 
16 13 18 18 0 0 0 0 0 0 0 0 0 0 0 0 0 0 0 0 0 0 0 0 0 0 0 0 0 0 0 0 0 0 0 0 0 0 0 0 
0 0 0 0 17 18 13 19 14 14 10 18 0 0 0 0 15 18 11 11 0 0 0 0 0 0 0 0 0 0 0 0 16 19 17 13 0 0 0 0 
0 0 0 0 0 0 0 0 18 18 12 11 0 0 0 0 18 12 16 20 19 16 11 12 18 16 20 11 17 13 19 13 0 0 0 0 0 0 0 0 
0 0 0 0 0 0 0 0 0 0 0 0 0 0 0 0 0 0 0 0 0 0 0 0 17 12 17 14 0 0 0 0 0 0 0 0 0 0 0 0 
0 0 0 0 0 0 0 0 0 0 0 0 0 0 0 0 0 0 0 0 0 0 0 0 0 0 0 0 0 0 0 0 0 0 0 0 13 15 17 11 
11 17 19 11 0 0 0 0 0 0 0 0 0 0 0 0 0 0 0 0 0 0 0 0 0 0 0 0 0 0 0 0 0 0 0 0 0 0 0 0 
0 0 0 0 16 10 20 13 17 20 18 19 15 16 12 20 13 14 10 15 11 12 10 16 16 14 12 16 0 0 0 0 16 12 16 13 0 0 0 0 
0 0 0 0 0 0 0 0 15 10 13 19 16 10 20 11 17 16 18 19 16 19 16 14 13 12 18 17 18 11 16 12 15 20 14 13 0 0 0 0 
0 0 0 0 10 15 16 20 0 0 0 0 10 14 20 14 0 0 0 0 14 11 13 16 17 15 17 10 13 16 20 17 0 0 0 0 0 0 0 0 
0 0 0 0 0 0 0 0 0 0 0 0 0 0 0 0 0 0 0 0 0 0 0 0 0 0 0 0 0 0 0 0 0 0 0 0 11 15 20 16 
20 14 20 12 0 0 0 0 0 0 0 0 0 0 0 0 0 0 0 0 0 0 0 0 0 0 0 0 0 0 0 0 0 0 0 0 0 0 0 0 
0 0 0 0 11 19 15 15 15 14 11 10 15 10 12 18 14 15 19 18 10 13 17 10 15 19 19 17 19 15 17 16 0 0 0 0 0 0 0 0 
0 0 0 0 11 14 16 13 16 10 14 20 0 0 0 0 0 0 0 0 0 0 0 0 0 0 0 0 0 0 0 0 0 0 0 0 0 0 0 0 
0 0 0 0 19 10 15 16 19 15 11 13 0 0 0 0 12 10 11 15 12 14 13 18 0 0 0 0 18 19 13 20 13 16 19 20 0 0 0 0 
0 0 0 0 0 0 0 0 0 0 0 0 0 0 0 0 0 0 0 0 0 0 0 0 0 0 0 0 0 0 0 0 0 0 0 0 20 15 13 15 
13 15 15 16 0 0 0 0 0 0 0 0 0 0 0 0 0 0 0 0 0 0 0 0 0 0 0 0 0 0 0 0 0 0 0 0 0 0 0 0 
0 0 0 0 16 17 19 10 14 16 20 11 0 0 0 0 15 19 19 19 0 0 0 0 13 14 16 13 12 14 17 19 18 17 15 10 0 0 0 0 
0 0 0 0 10 14 11 15 17 15 16 18 13 19 18 18 16 18 12 17 12 18 15 19 15 12 13 11 16 14 18 20 0 0 0 0 0 0 0 0 
0 0 0 0 20 10 17 13 16 16 15 14 14 14 10 20 15 16 19 11 14 15 17 10 11 14 10 20 11 19 17 13 15 20 19 19 0 0 0 0 
0 0 0 0 0 0 0 0 0 0 0 0 0 0 0 0 0 0 0 0 0 0 0 0 0 0 0 0 0 0 0 0 0 0 0 0 16 15 11 13 
19 16 12 12 0 0 0 0 0 0 0 0 0 0 0 0 0 0 0 0 0 0 0 0 0 0 0 0 0 0 0 0 0 0 0 0 0 0 0 0 
0 0 0 0 20 15 18 11 15 12 14 11 13 20 10 13 18 20 13 10 0 0 0 0 13 13 10 16 10 10 10 18 15 14 18 14 0 0 0 0 
0 0 0 0 0 0 0 0 0 0 0 0 0 0 0 0 18 18 20 20 0 0 0 0 0 0 0 0 16 19 14 13 0 0 0 0 0 0 0 0 
0 0 0 0 13 17 10 11 20 16 13 10 14 17 20 15 17 20 13 19 18 19 11 14 19 20 20 10 11 16 13 12 0 0 0 0 0 0 0 0 
0 0 0 0 0 0 0 0 0 0 0 0 0 0 0 0 0 0 0 0 0 0 0 0 0 0 0 0 0 0 0 0 0 0 0 0 17 11 12 17 
13 16 16 10 0 0 0 0 0 0 0 0 0 0 0 0 0 0 0 0 0 0 0 0 0 0 0 0 0 0 0 0 0 0 0 0 0 0 0 0 
0 0 0 0 14 14 11 15 13 18 15 15 0 0 0 0 12 15 16 11 10 10 14 19 15 17 12 18 20 12 18 14 0 0 0 0 0 0 0 0 
0 0 0 0 12 20 18 10 20 13 19 10 17 19 12 20 15 13 17 17 11 13 19 20 20 11 11 14 13 17 11 19 0 0 0 0 0 0 0 0 
0 0 0 0 0 0 0 0 0 0 0 0 0 0 0 0 0 0 0 0 12 14 18 10 20 12 18 17 17 18 11 13 13 11 13 14 0 0 0 0 
0 0 0 0 0 0 0 0 0 0 0 0 0 0 0 0 0 0 0 0 0 0 0 0 0 0 0 0 0 0 0 0 0 0 0 0 20 20 11 15 
19 11 18 16 0 0 0 0 0 0 0 0 0 0 0 0 0 0 0 0 0 0 0 0 0 0 0 0 0 0 0 0 0 0 0 0 0 0 0 0 
0 0 0 0 10 12 11 11 19 19 18 19 16 11 12 12 15 15 11 14 0 0 0 0 20 16 11 11 19 17 11 20 14 14 18 19 0 0 0 0 
0 0 0 0 18 19 14 17 16 10 14 14 10 12 15 12 0 0 0 0 12 17 16 12 12 10 12 16 13 15 20 17 11 18 13 16 0 0 0 0 
0 0 0 0 0 0 0 0 0 0 0 0 18 10 19 12 18 20 17 13 16 13 15 15 0 0 0 0 0 0 0 0 0 0 0 0 0 0 0 0 
0 0 0 0 0 0 0 0 0 0 0 0 0 0 0 0 0 0 0 0 0 0 0 0 0 0 0 0 0 0 0 0 0 0 0 0 20 12 20 10 
10 13 11 10 0 0 0 0 0 0 0 0 0 0 0 0 0 0 0 0 0 0 0 0 0 0 0 0 0 0 0 0 0 0 0 0 0 0 0 0 
0 0 0 0 11 14 16 10 0 0 0 0 12 16 10 13 13 10 11 13 0 0 0 0 0 0 0 0 0 0 0 0 0 0 0 0 0 0 0 0 
0 0 0 0 11 16 19 11 17 14 16 15 12 18 10 18 12 19 17 10 19 13 20 16 19 16 10 14 16 14 15 15 12 14 10 14 0 0 0 0 
0 0 0 0 20 18 13 16 0 0 0 0 17 12 11 20 0 0 0 0 0 0 0 0 0 0 0 0 18 18 17 18 0 0 0 0 0 0 0 0 
0 0 0 0 0 0 0 0 0 0 0 0 0 0 0 0 0 0 0 0 0 0 0 0 0 0 0 0 0 0 0 0 0 0 0 0 15 12 19 17 
16 10 12 11 0 0 0 0 0 0 0 0 0 0 0 0 0 0 0 0 0 0 0 0 0 0 0 0 0 0 0 0 0 0 0 0 0 0 0 0 
0 0 0 0 0 0 0 0 0 0 0 0 0 0 0 0 0 0 0 0 20 20 20 15 0 0 0 0 0 0 0 0 0 0 0 0 0 0 0 0 
0 0 0 0 15 15 15 16 18 18 15 14 10 10 10 18 0 0 0 0 13 16 12 12 16 11 20 20 16 13 17 12 0 0 0 0 0 0 0 0 
0 0 0 0 16 20 15 18 18 17 10 13 17 13 19 12 12 12 18 14 0 0 0 0 16 12 17 18 0 0 0 0 13 12 17 12 0 0 0 0 
0 0 0 0 0 0 0 0 0 0 0 0 0 0 0 0 0 0 0 0 0 0 0 0 0 0 0 0 0 0 0 0 0 0 0 0 17 12 12 17 
11 12 10 12 0 0 0 0 0 0 0 0 0 0 0 0 0 0 0 0 0 0 0 0 0 0 0 0 0 0 0 0 0 0 0 0 0 0 0 0 
0 0 0 0 17 19 12 19 14 13 13 14 15 18 20 13 0 0 0 0 11 18 14 18 0 0 0 0 18 19 15 20 12 10 10 18 0 0 0 0 
0 0 0 0 20 13 18 19 20 15 13 13 15 17 19 18 0 0 0 0 0 0 0 0 0 0 0 0 0 0 0 0 17 11 15 18 0 0 0 0 
0 0 0 0 17 11 19 19 0 0 0 0 16 13 19 11 10 14 18 12 18 15 15 20 12 12 14 14 0 0 0 0 18 12 18 13 0 0 0 0 
0 0 0 0 0 0 0 0 0 0 0 0 0 0 0 0 0 0 0 0 0 0 0 0 0 0 0 0 0 0 0 0 0 0 0 0 17 19 11 16 
18 16 10 19 0 0 0 0 0 0 0 0 0 0 0 0 0 0 0 0 0 0 0 0 0 0 0 0 0 0 0 0 0 0 0 0 0 0 0 0 
0 0 0 0 0 0 0 0 0 0 0 0 0 0 0 0 0 0 0 0 0 0 0 0 10 18 10 14 0 0 0 0 0 0 0 0 0 0 0 0 
0 0 0 0 14 10 10 19 0 0 0 0 0 0 0 0 16 15 20 19 11 15 16 11 11 10 11 17 0 0 0 0 0 0 0 0 0 0 0 0 
0 0 0 0 17 10 15 19 13 10 17 18 0 0 0 0 16 20 16 16 18 16 14 19 19 17 19 19 17 17 15 12 19 11 17 19 0 0 0 0 
0 0 0 0 0 0 0 0 0 0 0 0 0 0 0 0 0 0 0 0 0 0 0 0 0 0 0 0 0 0 0 0 0 0 0 0 18 14 12 14 
13 15 15 15 0 0 0 0 0 0 0 0 0 0 0 0 0 0 0 0 0 0 0 0 0 0 0 0 0 0 0 0 0 0 0 0 0 0 0 0 
0 0 0 0 0 0 0 0 12 10 18 17 0 0 0 0 10 11 18 10 0 0 0 0 0 0 0 0 0 0 0 0 11 15 18 20 0 0 0 0 
0 0 0 0 0 0 0 0 20 17 13 19 11 15 10 16 18 19 19 17 10 10 18 19 19 17 11 15 14 18 12 15 10 17 20 13 0 0 0 0 
0 0 0 0 16 17 18 20 0 0 0 0 13 16 20 20 0 0 0 0 18 20 20 10 16 12 18 19 0 0 0 0 0 0 0 0 0 0 0 0 
0 0 0 0 0 0 0 0 0 0 0 0 0 0 0 0 0 0 0 0 0 0 0 0 0 0 0 0 0 0 0 0 0 0 0 0 16 13 13 15 
15 10 14 19 0 0 0 0 0 0 0 0 0 0 0 0 0 0 0 0 0 0 0 0 0 0 0 0 0 0 0 0 0 0 0 0 0 0 0 0 
0 0 0 0 0 0 0 0 20 14 15 15 0 0 0 0 0 0 0 0 0 0 0 0 0 0 0 0 19 13 19 11 0 0 0 0 0 0 0 0 
0 0 0 0 12 19 17 17 0 0 0 0 0 0 0 0 0 0 0 0 0 0 0 0 14 14 13 15 13 18 17 17 0 0 0 0 0 0 0 0 
0 0 0 0 0 0 0 0 0 0 0 0 17 12 17 15 0 0 0 0 0 0 0 0 12 10 17 17 0 0 0 0 0 0 0 0 0 0 0 0 
0 0 0 0 0 0 0 0 0 0 0 0 0 0 0 0 0 0 0 0 0 0 0 0 0 0 0 0 0 0 0 0 0 0 0 0 12 12 16 18 
20 12 16 20 0 0 0 0 0 0 0 0 0 0 0 0 0 0 0 0 0 0 0 0 0 0 0 0 0 0 0 0 0 0 0 0 0 0 0 0 
0 0 0 0 11 16 11 16 12 14 19 12 12 20 20 16 10 12 20 18 10 15 14 18 15 17 19 10 16 11 20 10 10 11 12 11 0 0 0 0 
0 0 0 0 0 0 0 0 11 16 17 10 18 12 18 15 0 0 0 0 13 15 11 15 15 16 14 20 16 14 12 17 0 0 0 0 0 0 0 0 
0 0 0 0 0 0 0 0 0 0 0 0 0 0 0 0 0 0 0 0 14 19 10 14 0 0 0 0 0 0 0 0 0 0 0 0 0 0 0 0 
0 0 0 0 0 0 0 0 0 0 0 0 0 0 0 0 0 0 0 0 0 0 0 0 0 0 0 0 0 0 0 0 0 0 0 0 20 16 13 12 
15 17 10 12 0 0 0 0 0 0 0 0 0 0 0 0 0 0 0 0 0 0 0 0 0 0 0 0 0 0 0 0 0 0 0 0 0 0 0 0 
0 0 0 0 12 10 17 17 0 0 0 0 0 0 0 0 0 0 0 0 0 0 0 0 0 0 0 0 0 0 0 0 0 0 0 0 0 0 0 0 
0 0 0 0 15 14 13 10 19 17 16 10 14 20 10 20 11 13 10 12 0 0 0 0 15 17 18 14 15 11 12 19 12 11 18 17 0 0 0 0 
0 0 0 0 0 0 0 0 11 16 10 20 15 14 10 12 20 11 15 19 12 13 10 12 14 20 16 16 0 0 0 0 19 12 19 13 0 0 0 0 
0 0 0 0 0 0 0 0 0 0 0 0 0 0 0 0 0 0 0 0 0 0 0 0 0 0 0 0 0 0 0 0 0 0 0 0 16 18 14 14 
12 15 18 11 0 0 0 0 0 0 0 0 0 0 0 0 0 0 0 0 0 0 0 0 0 0 0 0 0 0 0 0 0 0 0 0 0 0 0 0 
0 0 0 0 12 17 15 18 19 13 11 11 10 17 20 19 20 17 16 19 16 16 16 14 0 0 0 0 10 19 20 12 10 15 19 14 0 0 0 0 
0 0 0 0 13 18 18 16 0 0 0 0 0 0 0 0 0 0 0 0 0 0 0 0 0 0 0 0 0 0 0 0 14 15 16 11 0 0 0 0 
0 0 0 0 0 0 0 0 0 0 0 0 0 0 0 0 20 16 20 20 0 0 0 0 12 16 18 14 14 12 15 15 0 0 0 0 0 0 0 0 
0 0 0 0 0 0 0 0 0 0 0 0 0 0 0 0 0 0 0 0 0 0 0 0 0 0 0 0 0 0 0 0 0 0 0 0 20 14 15 14 
10 20 15 12 0 0 0 0 0 0 0 0 0 0 0 0 0 0 0 0 0 0 0 0 0 0 0 0 0 0 0 0 0 0 0 0 0 0 0 0 
0 0 0 0 0 0 0 0 0 0 0 0 0 0 0 0 0 0 0 0 0 0 0 0 18 10 11 12 0 0 0 0 0 0 0 0 0 0 0 0 
0 0 0 0 11 13 13 10 15 17 19 11 0 0 0 0 10 18 12 15 16 13 10 10 17 15 12 12 0 0 0 0 13 10 18 16 0 0 0 0 
0 0 0 0 12 18 10 10 0 0 0 0 10 19 12 20 13 19 19 18 0 0 0 0 0 0 0 0 12 10 13 14 0 0 0 0 0 0 0 0 
0 0 0 0 0 0 0 0 0 0 0 0 0 0 0 0 0 0 0 0 0 0 0 0 0 0 0 0 0 0 0 0 0 0 0 0 18 19 11 13 
20 18 19 10 0 0 0 0 0 0 0 0 0 0 0 0 0 0 0 0 0 0 0 0 0 0 0 0 0 0 0 0 0 0 0 0 0 0 0 0 
0 0 0 0 0 0 0 0 14 13 16 12 0 0 0 0 0 0 0 0 0 0 0 0 20 10 10 10 19 19 12 20 10 10 20 15 0 0 0 0 
0 0 0 0 0 0 0 0 0 0 0 0 13 20 15 10 0 0 0 0 14 18 18 12 0 0 0 0 0 0 0 0 0 0 0 0 0 0 0 0 
0 0 0 0 12 19 17 14 10 16 16 15 15 15 13 12 18 11 17 11 10 13 10 20 16 16 16 12 16 17 11 16 15 15 10 16 0 0 0 0 
0 0 0 0 0 0 0 0 0 0 0 0 0 0 0 0 0 0 0 0 0 0 0 0 0 0 0 0 0 0 0 0 0 0 0 0 15 19 15 16 
17 13 19 18 0 0 0 0 0 0 0 0 0 0 0 0 0 0 0 0 0 0 0 0 0 0 0 0 0 0 0 0 0 0 0 0 0 0 0 0 
0 0 0 0 13 14 11 11 15 15 13 20 10 19 20 14 18 11 18 15 13 13 16 15 16 17 15 20 19 12 20 17 18 14 19 12 0 0 0 0 
0 0 0 0 16 18 20 15 0 0 0 0 0 0 0 0 0 0 0 0 0 0 0 0 0 0 0 0 0 0 0 0 0 0 0 0 0 0 0 0 
0 0 0 0 19 17 14 10 13 20 15 10 11 20 12 11 15 10 19 12 15 20 15 15 17 19 17 17 18 17 13 18 17 18 18 11 0 0 0 0 
0 0 0 0 0 0 0 0 0 0 0 0 0 0 0 0 0 0 0 0 0 0 0 0 0 0 0 0 0 0 0 0 0 0 0 0 16 19 18 13 
16 15 14 14 0 0 0 0 0 0 0 0 0 0 0 0 0 0 0 0 0 0 0 0 0 0 0 0 0 0 0 0 0 0 0 0 0 0 0 0 
0 0 0 0 16 17 16 16 13 16 17 12 10 19 18 14 11 20 20 10 20 17 17 14 11 20 16 15 20 19 10 12 0 0 0 0 0 0 0 0 
0 0 0 0 0 0 0 0 10 13 16 20 19 10 15 16 0 0 0 0 15 10 16 13 13 19 20 19 11 10 10 11 18 11 19 11 0 0 0 0 
0 0 0 0 15 16 15 14 0 0 0 0 0 0 0 0 0 0 0 0 0 0 0 0 0 0 0 0 0 0 0 0 0 0 0 0 0 0 0 0 
0 0 0 0 0 0 0 0 0 0 0 0 0 0 0 0 0 0 0 0 0 0 0 0 0 0 0 0 0 0 0 0 0 0 0 0 18 10 12 18 
17 14 11 15 0 0 0 0 0 0 0 0 0 0 0 0 0 0 0 0 0 0 0 0 0 0 0 0 0 0 0 0 0 0 0 0 0 0 0 0 
0 0 0 0 0 0 0 0 0 0 0 0 16 11 12 12 0 0 0 0 0 0 0 0 0 0 0 0 0 0 0 0 16 15 11 15 0 0 0 0 
0 0 0 0 0 0 0 0 18 14 13 14 17 18 11 14 0 0 0 0 20 19 18 13 11 16 16 16 0 0 0 0 20 14 17 14 0 0 0 0 
0 0 0 0 11 17 12 19 20 16 15 14 0 0 0 0 13 17 19 12 18 19 10 11 0 0 0 0 10 13 11 13 15 10 20 10 0 0 0 0 
0 0 0 0 0 0 0 0 0 0 0 0 0 0 0 0 0 0 0 0 0 0 0 0 0 0 0 0 0 0 0 0 0 0 0 0 17 18 12 17 
16 20 10 18 0 0 0 0 0 0 0 0 0 0 0 0 0 0 0 0 0 0 0 0 0 0 0 0 0 0 0 0 0 0 0 0 0 0 0 0 
0 0 0 0 16 17 18 18 18 10 11 13 16 11 17 13 20 19 13 13 18 20 20 17 12 19 17 19 16 18 10 20 13 14 19 19 0 0 0 0 
0 0 0 0 20 15 12 10 15 10 11 13 15 15 11 12 0 0 0 0 20 13 15 12 20 20 16 13 10 19 14 11 12 12 20 18 0 0 0 0 
0 0 0 0 0 0 0 0 0 0 0 0 0 0 0 0 13 18 10 11 20 16 19 19 17 14 12 20 0 0 0 0 10 10 16 20 0 0 0 0 
0 0 0 0 0 0 0 0 0 0 0 0 0 0 0 0 0 0 0 0 0 0 0 0 0 0 0 0 0 0 0 0 0 0 0 0 19 11 19 17 
10 16 20 14 0 0 0 0 0 0 0 0 0 0 0 0 0 0 0 0 0 0 0 0 0 0 0 0 0 0 0 0 0 0 0 0 0 0 0 0 
0 0 0 0 0 0 0 0 17 11 15 10 0 0 0 0 0 0 0 0 0 0 0 0 14 16 11 16 0 0 0 0 20 18 11 20 0 0 0 0 
0 0 0 0 16 19 14 19 0 0 0 0 0 0 0 0 15 11 10 14 0 0 0 0 10 14 12 20 14 15 20 15 0 0 0 0 0 0 0 0 
0 0 0 0 15 18 13 16 14 17 13 12 18 10 19 19 17 20 11 20 12 15 20 17 0 0 0 0 12 20 20 10 15 18 13 10 0 0 0 0 
0 0 0 0 0 0 0 0 0 0 0 0 0 0 0 0 0 0 0 0 0 0 0 0 0 0 0 0 0 0 0 0 0 0 0 0 16 11 16 11 
18 11 10 17 0 0 0 0 0 0 0 0 0 0 0 0 0 0 0 0 0 0 0 0 0 0 0 0 0 0 0 0 0 0 0 0 0 0 0 0 
0 0 0 0 0 0 0 0 0 0 0 0 0 0 0 0 16 16 11 14 0 0 0 0 11 19 11 17 0 0 0 0 18 20 10 15 0 0 0 0 
0 0 0 0 19 13 20 17 0 0 0 0 16 16 13 19 10 11 10 19 17 20 13 10 14 13 18 15 20 18 18 13 10 12 15 10 0 0 0 0 
0 0 0 0 18 11 17 17 11 20 19 15 18 13 11 17 16 10 15 11 20 15 15 19 0 0 0 0 13 15 20 11 0 0 0 0 0 0 0 0 
0 0 0 0 0 0 0 0 0 0 0 0 0 0 0 0 0 0 0 0 0 0 0 0 0 0 0 0 0 0 0 0 0 0 0 0 12 18 14 13 
15 20 13 13 0 0 0 0 0 0 0 0 0 0 0 0 0 0 0 0 0 0 0 0 0 0 0 0 0 0 0 0 0 0 0 0 0 0 0 0 
0 0 0 0 19 12 16 20 10 13 15 20 0 0 0 0 0 0 0 0 17 11 20 11 0 0 0 0 0 0 0 0 0 0 0 0 0 0 0 0 
0 0 0 0 16 17 12 17 0 0 0 0 15 15 17 18 12 14 15 18 10 18 10 12 0 0 0 0 15 16 20 16 16 16 16 17 0 0 0 0 
0 0 0 0 12 15 15 13 19 12 14 20 0 0 0 0 0 0 0 0 15 11 13 10 0 0 0 0 17 17 13 19 16 13 20 17 0 0 0 0 
0 0 0 0 0 0 0 0 0 0 0 0 0 0 0 0 0 0 0 0 0 0 0 0 0 0 0 0 0 0 0 0 0 0 0 0 12 20 11 11 
11 11 18 10 0 0 0 0 0 0 0 0 0 0 0 0 0 0 0 0 0 0 0 0 0 0 0 0 0 0 0 0 0 0 0 0 0 0 0 0 
0 0 0 0 18 12 10 12 13 12 20 16 10 14 16 11 0 0 0 0 16 18 11 14 18 18 10 11 18 17 10 10 15 16 18 10 0 0 0 0 
0 0 0 0 0 0 0 0 18 12 10 15 0 0 0 0 18 20 14 10 0 0 0 0 0 0 0 0 0 0 0 0 0 0 0 0 0 0 0 0 
0 0 0 0 0 0 0 0 0 0 0 0 11 16 16 11 13 12 13 18 16 13 13 12 0 0 0 0 0 0 0 0 17 13 14 18 0 0 0 0 
0 0 0 0 0 0 0 0 0 0 0 0 0 0 0 0 0 0 0 0 0 0 0 0 0 0 0 0 0 0 0 0 0 0 0 0 10 19 12 17 
11 18 14 11 0 0 0 0 0 0 0 0 0 0 0 0 0 0 0 0 0 0 0 0 0 0 0 0 0 0 0 0 0 0 0 0 0 0 0 0 
0 0 0 0 19 20 20 17 12 12 14 20 15 15 18 11 0 0 0 0 0 0 0 0 0 0 0 0 20 19 12 17 11 12 13 13 0 0 0 0 
0 0 0 0 0 0 0 0 17 20 10 11 0 0 0 0 0 0 0 0 0 0 0 0 0 0 0 0 0 0 0 0 12 19 20 14 0 0 0 0 
0 0 0 0 19 16 13 20 0 0 0 0 0 0 0 0 0 0 0 0 0 0 0 0 0 0 0 0 0 0 0 0 0 0 0 0 0 0 0 0 
0 0 0 0 0 0 0 0 0 0 0 0 0 0 0 0 0 0 0 0 0 0 0 0 0 0 0 0 0 0 0 0 0 0 0 0 13 18 11 11 
10 20 19 17 0 0 0 0 0 0 0 0 0 0 0 0 0 0 0 0 0 0 0 0 0 0 0 0 0 0 0 0 0 0 0 0 0 0 0 0 
0 0 0 0 0 0 0 0 17 19 13 14 10 10 12 10 0 0 0 0 0 0 0 0 0 0 0 0 0 0 0 0 18 16 18 20 0 0 0 0 
0 0 0 0 0 0 0 0 0 0 0 0 0 0 0 0 0 0 0 0 0 0 0 0 0 0 0 0 11 16 11 17 0 0 0 0 0 0 0 0 
0 0 0 0 17 11 20 13 20 20 11 10 11 14 16 16 0 0 0 0 0 0 0 0 17 19 12 14 10 20 16 11 20 18 20 17 0 0 0 0 
0 0 0 0 0 0 0 0 0 0 0 0 0 0 0 0 0 0 0 0 0 0 0 0 0 0 0 0 0 0 0 0 0 0 0 0 17 15 10 10 
14 17 13 18 0 0 0 0 0 0 0 0 0 0 0 0 0 0 0 0 0 0 0 0 0 0 0 0 0 0 0 0 0 0 0 0 0 0 0 0 
0 0 0 0 13 19 11 20 0 0 0 0 10 14 19 11 20 10 14 13 17 11 15 19 0 0 0 0 17 14 14 19 11 19 18 18 0 0 0 0 
0 0 0 0 0 0 0 0 0 0 0 0 11 15 12 15 15 13 11 12 16 16 16 16 11 18 18 14 0 0 0 0 15 18 11 19 0 0 0 0 
0 0 0 0 11 11 18 19 11 12 19 19 19 14 12 16 17 17 11 18 18 15 18 13 12 16 11 17 19 20 14 10 16 15 14 19 0 0 0 0 
0 0 0 0 0 0 0 0 0 0 0 0 0 0 0 0 0 0 0 0 0 0 0 0 0 0 0 0 0 0 0 0 0 0 0 0 20 14 16 20 
10 11 17 10 0 0 0 0 0 0 0 0 0 0 0 0 0 0 0 0 0 0 0 0 0 0 0 0 0 0 0 0 0 0 0 0 0 0 0 0 
0 0 0 0 0 0 0 0 0 0 0 0 17 17 17 11 0 0 0 0 0 0 0 0 12 16 10 19 0 0 0 0 11 13 17 17 0 0 0 0 
0 0 0 0 12 11 20 11 0 0 0 0 0 0 0 0 0 0 0 0 12 14 19 16 11 13 14 20 0 0 0 0 0 0 0 0 0 0 0 0 
0 0 0 0 20 11 11 19 0 0 0 0 0 0 0 0 0 0 0 0 10 12 14 10 18 19 12 18 0 0 0 0 18 12 10 11 0 0 0 0 
0 0 0 0 0 0 0 0 0 0 0 0 0 0 0 0 0 0 0 0 0 0 0 0 0 0 0 0 0 0 0 0 0 0 0 0 17 15 13 19 
16 15 18 19 0 0 0 0 0 0 0 0 0 0 0 0 0 0 0 0 0 0 0 0 0 0 0 0 0 0 0 0 0 0 0 0 0 0 0 0 
0 0 0 0 17 13 15 11 20 16 14 19 0 0 0 0 13 18 16 20 0 0 0 0 17 14 20 12 19 18 10 13 15 17 10 15 0 0 0 0 
0 0 0 0 0 0 0 0 13 20 14 13 19 10 14 16 11 15 17 18 14 11 15 10 15 20 20 14 20 19 19 18 14 17 12 14 0 0 0 0 
0 0 0 0 14 19 17 13 20 13 16 16 14 17 17 11 13 15 15 10 13 18 15 10 14 13 15 17 13 18 18 19 11 10 20 13 0 0 0 0 
0 0 0 0 0 0 0 0 0 0 0 0 0 0 0 0 0 0 0 0 0 0 0 0 0 0 0 0 0 0 0 0 0 0 0 0 13 18 12 18 
11 13 10 13 0 0 0 0 0 0 0 0 0 0 0 0 0 0 0 0 0 0 0 0 0 0 0 0 0 0 0 0 0 0 0 0 0 0 0 0 
0 0 0 0 10 14 16 19 19 19 15 15 12 17 14 12 15 19 16 13 18 17 19 13 0 0 0 0 18 20 20 20 10 10 15 12 0 0 0 0 
0 0 0 0 0 0 0 0 0 0 0 0 0 0 0 0 19 13 14 20 0 0 0 0 13 11 12 16 0 0 0 0 12 20 17 10 0 0 0 0 
0 0 0 0 16 10 14 11 13 14 17 19 12 16 14 16 11 14 19 12 0 0 0 0 0 0 0 0 0 0 0 0 19 14 13 15 0 0 0 0 
0 0 0 0 0 0 0 0 0 0 0 0 0 0 0 0 0 0 0 0 0 0 0 0 0 0 0 0 0 0 0 0 0 0 0 0 15 11 18 17 
12 11 14 16 0 0 0 0 0 0 0 0 0 0 0 0 0 0 0 0 0 0 0 0 0 0 0 0 0 0 0 0 0 0 0 0 0 0 0 0 
0 0 0 0 12 14 14 12 10 18 12 17 11 14 11 14 18 15 13 19 20 17 18 12 14 16 13 17 10 12 16 19 0 0 0 0 0 0 0 0 
0 0 0 0 14 19 14 19 15 10 12 14 20 16 20 11 20 19 20 15 14 11 17 13 19 13 13 19 17 10 14 17 20 14 10 20 0 0 0 0 
0 0 0 0 16 20 15 10 0 0 0 0 20 20 13 18 0 0 0 0 0 0 0 0 0 0 0 0 0 0 0 0 0 0 0 0 0 0 0 0 
0 0 0 0 0 0 0 0 0 0 0 0 0 0 0 0 0 0 0 0 0 0 0 0 0 0 0 0 0 0 0 0 0 0 0 0 19 17 12 16 
19 12 17 16 0 0 0 0 0 0 0 0 0 0 0 0 0 0 0 0 0 0 0 0 0 0 0 0 0 0 0 0 0 0 0 0 0 0 0 0 
0 0 0 0 20 10 12 12 15 17 20 11 10 11 18 11 17 18 11 11 18 16 16 13 17 17 12 15 14 12 20 12 16 10 17 14 0 0 0 0 
0 0 0 0 0 0 0 0 15 15 10 16 0 0 0 0 0 0 0 0 0 0 0 0 0 0 0 0 0 0 0 0 13 11 11 16 0 0 0 0 
0 0 0 0 16 20 19 20 15 15 15 19 14 10 20 18 11 14 14 18 11 15 12 19 14 10 11 16 0 0 0 0 0 0 0 0 0 0 0 0 
0 0 0 0 0 0 0 0 0 0 0 0 0 0 0 0 0 0 0 0 0 0 0 0 0 0 0 0 0 0 0 0 0 0 0 0 17 15 14 12 
13 18 19 15 0 0 0 0 0 0 0 0 0 0 0 0 0 0 0 0 0 0 0 0 0 0 0 0 0 0 0 0 0 0 0 0 0 0 0 0 
0 0 0 0 0 0 0 0 18 17 12 19 18 19 11 16 17 18 15 17 0 0 0 0 19 11 13 16 13 12 13 13 12 19 17 14 0 0 0 0 
0 0 0 0 10 14 18 16 20 13 10 19 13 13 11 12 18 10 17 13 14 13 13 12 18 16 17 16 15 18 11 18 19 18 11 18 0 0 0 0 
0 0 0 0 11 14 10 18 17 18 18 12 10 20 16 17 10 12 15 13 12 14 20 15 12 12 16 16 13 20 10 12 18 11 10 15 0 0 0 0 
0 0 0 0 0 0 0 0 0 0 0 0 0 0 0 0 0 0 0 0 0 0 0 0 0 0 0 0 0 0 0 0 0 0 0 0 17 11 17 15 
11 12 14 20 0 0 0 0 0 0 0 0 0 0 0 0 0 0 0 0 0 0 0 0 0 0 0 0 0 0 0 0 0 0 0 0 0 0 0 0 
0 0 0 0 0 0 0 0 19 17 13 16 17 13 17 17 16 11 11 16 19 20 16 15 17 16 20 16 0 0 0 0 0 0 0 0 0 0 0 0 
0 0 0 0 0 0 0 0 0 0 0 0 11 10 12 20 0 0 0 0 0 0 0 0 0 0 0 0 0 0 0 0 0 0 0 0 0 0 0 0 
0 0 0 0 17 10 15 20 0 0 0 0 0 0 0 0 16 17 18 10 18 19 17 11 10 17 16 12 0 0 0 0 10 17 10 12 0 0 0 0 
0 0 0 0 0 0 0 0 0 0 0 0 0 0 0 0 0 0 0 0 0 0 0 0 0 0 0 0 0 0 0 0 0 0 0 0 18 15 10 11 
20 10 10 18 0 0 0 0 0 0 0 0 0 0 0 0 0 0 0 0 0 0 0 0 0 0 0 0 0 0 0 0 0 0 0 0 0 0 0 0 
0 0 0 0 15 16 12 10 13 20 15 10 0 0 0 0 13 12 16 19 0 0 0 0 17 14 11 14 0 0 0 0 0 0 0 0 0 0 0 0 
0 0 0 0 16 11 11 12 0 0 0 0 12 10 10 11 0 0 0 0 0 0 0 0 14 19 17 19 0 0 0 0 18 18 19 14 0 0 0 0 
0 0 0 0 0 0 0 0 0 0 0 0 0 0 0 0 0 0 0 0 13 18 18 16 0 0 0 0 0 0 0 0 0 0 0 0 0 0 0 0 
0 0 0 0 0 0 0 0 0 0 0 0 0 0 0 0 0 0 0 0 0 0 0 0 0 0 0 0 0 0 0 0 0 0 0 0 20 19 18 15 
10 20 15 12 0 0 0 0 0 0 0 0 0 0 0 0 0 0 0 0 0 0 0 0 0 0 0 0 0 0 0 0 0 0 0 0 0 0 0 0 
0 0 0 0 0 0 0 0 13 19 11 11 13 10 19 20 0 0 0 0 0 0 0 0 10 10 11 13 0 0 0 0 0 0 0 0 0 0 0 0 
0 0 0 0 13 19 11 17 17 19 10 15 10 19 11 16 0 0 0 0 17 15 18 12 17 17 19 14 15 12 16 16 18 20 17 17 0 0 0 0 
0 0 0 0 13 15 16 13 10 20 11 15 10 17 16 12 0 0 0 0 16 11 14 12 17 13 11 17 15 20 12 20 14 17 15 13 0 0 0 0 
0 0 0 0 0 0 0 0 0 0 0 0 0 0 0 0 0 0 0 0 0 0 0 0 0 0 0 0 0 0 0 0 0 0 0 0 20 11 13 15 
10 11 13 15 0 0 0 0 0 0 0 0 0 0 0 0 0 0 0 0 0 0 0 0 0 0 0 0 0 0 0 0 0 0 0 0 0 0 0 0 
0 0 0 0 0 0 0 0 0 0 0 0 10 18 15 16 17 14 10 19 0 0 0 0 0 0 0 0 0 0 0 0 0 0 0 0 0 0 0 0 
0 0 0 0 19 12 10 13 0 0 0 0 17 12 10 16 18 20 18 19 19 11 10 17 19 12 20 14 13 12 15 13 17 17 15 14 0 0 0 0 
0 0 0 0 0 0 0 0 15 18 17 16 10 15 13 20 14 18 15 15 10 12 18 20 17 17 15 19 0 0 0 0 0 0 0 0 0 0 0 0 
0 0 0 0 0 0 0 0 0 0 0 0 0 0 0 0 0 0 0 0 0 0 0 0 0 0 0 0 0 0 0 0 0 0 0 0 19 20 20 15 
16 19 13 10 0 0 0 0 0 0 0 0 0 0 0 0 0 0 0 0 0 0 0 0 0 0 0 0 0 0 0 0 0 0 0 0 0 0 0 0 
0 0 0 0 14 18 19 16 15 16 10 11 13 18 20 18 18 13 12 12 19 13 20 17 12 18 20 11 15 18 18 11 18 19 15 17 0 0 0 0 
0 0 0 0 0 0 0 0 20 20 17 13 0 0 0 0 0 0 0 0 13 11 17 14 13 20 15 18 0 0 0 0 10 10 10 20 0 0 0 0 
0 0 0 0 15 20 16 14 0 0 0 0 0 0 0 0 14 12 20 20 0 0 0 0 0 0 0 0 0 0 0 0 0 0 0 0 0 0 0 0 
0 0 0 0 0 0 0 0 0 0 0 0 0 0 0 0 0 0 0 0 0 0 0 0 0 0 0 0 0 0 0 0 0 0 0 0 14 11 16 11 
10 14 15 11 0 0 0 0 0 0 0 0 0 0 0 0 0 0 0 0 0 0 0 0 0 0 0 0 0 0 0 0 0 0 0 0 0 0 0 0 
0 0 0 0 12 10 18 16 17 13 16 15 0 0 0 0 0 0 0 0 0 0 0 0 11 13 12 13 11 12 13 12 12 19 14 18 0 0 0 0 
0 0 0 0 18 17 15 14 19 16 12 20 17 13 20 16 19 20 14 16 18 20 11 14 20 10 16 17 15 15 15 18 19 12 14 10 0 0 0 0 
0 0 0 0 0 0 0 0 15 15 13 13 20 15 12 16 18 16 15 11 0 0 0 0 0 0 0 0 0 0 0 0 14 11 13 18 0 0 0 0 
0 0 0 0 0 0 0 0 0 0 0 0 0 0 0 0 0 0 0 0 0 0 0 0 0 0 0 0 0 0 0 0 0 0 0 0 11 14 10 19 
12 17 17 20 0 0 0 0 0 0 0 0 0 0 0 0 0 0 0 0 0 0 0 0 0 0 0 0 0 0 0 0 0 0 0 0 0 0 0 0 
0 0 0 0 0 0 0 0 0 0 0 0 0 0 0 0 0 0 0 0 0 0 0 0 0 0 0 0 0 0 0 0 14 17 15 17 0 0 0 0 
0 0 0 0 0 0 0 0 11 11 10 14 11 20 10 15 11 16 12 19 0 0 0 0 0 0 0 0 17 12 19 17 13 16 16 11 0 0 0 0 
0 0 0 0 11 18 20 12 12 14 10 15 19 16 14 18 18 18 13 14 10 10 20 19 0 0 0 0 15 11 19 13 20 11 20 20 0 0 0 0 
0 0 0 0 0 0 0 0 0 0 0 0 0 0 0 0 0 0 0 0 0 0 0 0 0 0 0 0 0 0 0 0 0 0 0 0 15 15 19 10 
17 19 20 17 0 0 0 0 0 0 0 0 0 0 0 0 0 0 0 0 0 0 0 0 0 0 0 0 0 0 0 0 0 0 0 0 0 0 0 0 
0 0 0 0 0 0 0 0 20 13 10 17 0 0 0 0 0 0 0 0 0 0 0 0 19 10 19 17 10 15 18 20 0 0 0 0 0 0 0 0 
0 0 0 0 17 19 15 14 12 18 12 14 0 0 0 0 0 0 0 0 0 0 0 0 13 19 20 15 0 0 0 0 0 0 0 0 0 0 0 0 
0 0 0 0 0 0 0 0 0 0 0 0 0 0 0 0 0 0 0 0 16 20 19 15 0 0 0 0 0 0 0 0 0 0 0 0 0 0 0 0 
0 0 0 0 0 0 0 0 0 0 0 0 0 0 0 0 0 0 0 0 0 0 0 0 0 0 0 0 0 0 0 0 0 0 0 0 19 11 12 12 
10 20 15 15 0 0 0 0 0 0 0 0 0 0 0 0 0 0 0 0 0 0 0 0 0 0 0 0 0 0 0 0 0 0 0 0 0 0 0 0 
0 0 0 0 14 20 17 19 18 17 17 17 0 0 0 0 18 14 12 10 16 19 15 12 18 18 18 19 19 19 16 17 0 0 0 0 0 0 0 0 
0 0 0 0 20 16 11 11 18 13 15 16 13 19 19 15 19 11 15 20 20 17 13 16 11 11 17 18 13 12 19 20 15 18 13 13 0 0 0 0 
0 0 0 0 0 0 0 0 0 0 0 0 0 0 0 0 20 12 18 19 0 0 0 0 0 0 0 0 0 0 0 0 0 0 0 0 0 0 0 0 
0 0 0 0 0 0 0 0 0 0 0 0 0 0 0 0 0 0 0 0 0 0 0 0 0 0 0 0 0 0 0 0 0 0 0 0 10 15 11 15 
18 13 10 16 0 0 0 0 0 0 0 0 0 0 0 0 0 0 0 0 0 0 0 0 0 0 0 0 0 0 0 0 0 0 0 0 0 0 0 0 
0 0 0 0 20 14 16 11 13 14 15 10 19 11 20 20 15 11 20 15 13 18 18 13 16 14 17 19 17 13 17 10 20 17 12 18 0 0 0 0 
0 0 0 0 0 0 0 0 11 11 17 12 0 0 0 0 0 0 0 0 0 0 0 0 15 11 19 14 20 18 14 13 0 0 0 0 0 0 0 0 
0 0 0 0 0 0 0 0 0 0 0 0 0 0 0 0 0 0 0 0 0 0 0 0 0 0 0 0 19 12 19 10 13 13 15 15 0 0 0 0 
0 0 0 0 0 0 0 0 0 0 0 0 0 0 0 0 0 0 0 0 0 0 0 0 0 0 0 0 0 0 0 0 0 0 0 0 19 16 17 10 
17 20 16 19 0 0 0 0 0 0 0 0 0 0 0 0 0 0 0 0 0 0 0 0 0 0 0 0 0 0 0 0 0 0 0 0 0 0 0 0 
0 0 0 0 17 16 11 12 10 18 14 10 0 0 0 0 15 19 18 11 16 16 13 11 19 20 10 13 19 20 11 19 0 0 0 0 0 0 0 0 
0 0 0 0 13 11 15 14 20 18 13 17 16 10 13 15 10 12 19 16 17 14 20 16 0 0 0 0 17 11 13 11 0 0 0 0 0 0 0 0 
0 0 0 0 20 17 16 20 16 12 15 19 0 0 0 0 20 15 15 18 20 18 18 19 18 18 14 20 10 19 17 12 0 0 0 0 0 0 0 0 
0 0 0 0 0 0 0 0 0 0 0 0 0 0 0 0 0 0 0 0 0 0 0 0 0 0 0 0 0 0 0 0 0 0 0 0 17 12 16 11 
18 12 18 13 0 0 0 0 0 0 0 0 0 0 0 0 0 0 0 0 0 0 0 0 0 0 0 0 0 0 0 0 0 0 0 0 0 0 0 0 
0 0 0 0 0 0 0 0 0 0 0 0 0 0 0 0 14 14 18 20 0 0 0 0 14 10 19 18 20 19 19 17 17 18 16 16 0 0 0 0 
0 0 0 0 19 13 17 16 0 0 0 0 0 0 0 0 0 0 0 0 0 0 0 0 19 14 20 16 0 0 0 0 0 0 0 0 0 0 0 0 
0 0 0 0 13 11 16 19 17 10 16 20 12 10 12 20 0 0 0 0 10 16 19 19 0 0 0 0 0 0 0 0 0 0 0 0 0 0 0 0 
0 0 0 0 0 0 0 0 0 0 0 0 0 0 0 0 0 0 0 0 0 0 0 0 0 0 0 0 0 0 0 0 0 0 0 0 10 17 19 17 
17 15 10 16 0 0 0 0 0 0 0 0 0 0 0 0 0 0 0 0 0 0 0 0 0 0 0 0 0 0 0 0 0 0 0 0 0 0 0 0 
0 0 0 0 0 0 0 0 0 0 0 0 0 0 0 0 0 0 0 0 0 0 0 0 15 15 11 11 0 0 0 0 0 0 0 0 0 0 0 0 
0 0 0 0 11 19 12 20 10 19 10 11 20 16 11 11 14 10 15 16 20 11 14 19 11 13 12 12 20 14 12 20 16 16 17 12 0 0 0 0 
0 0 0 0 0 0 0 0 0 0 0 0 0 0 0 0 0 0 0 0 14 16 15 10 0 0 0 0 0 0 0 0 0 0 0 0 0 0 0 0 
0 0 0 0 0 0 0 0 0 0 0 0 0 0 0 0 0 0 0 0 0 0 0 0 0 0 0 0 0 0 0 0 0 0 0 0 14 20 11 20 
17 15 13 11 0 0 0 0 0 0 0 0 0 0 0 0 0 0 0 0 0 0 0 0 0 0 0 0 0 0 0 0 0 0 0 0 0 0 0 0 
0 0 0 0 0 0 0 0 17 20 20 11 18 11 16 13 12 18 15 16 19 16 14 19 0 0 0 0 0 0 0 0 0 0 0 0 0 0 0 0 
0 0 0 0 0 0 0 0 13 19 18 11 0 0 0 0 20 10 16 16 0 0 0 0 0 0 0 0 0 0 0 0 17 11 19 13 0 0 0 0 
0 0 0 0 0 0 0 0 15 12 17 19 11 12 11 19 0 0 0 0 10 10 17 16 15 19 18 16 11 14 19 17 15 10 13 15 0 0 0 0 
0 0 0 0 0 0 0 0 0 0 0 0 0 0 0 0 0 0 0 0 0 0 0 0 0 0 0 0 0 0 0 0 0 0 0 0 14 13 19 12 
10 10 10 15 0 0 0 0 0 0 0 0 0 0 0 0 0 0 0 0 0 0 0 0 0 0 0 0 0 0 0 0 0 0 0 0 0 0 0 0 
0 0 0 0 0 0 0 0 20 17 12 20 12 18 14 18 0 0 0 0 16 19 20 10 0 0 0 0 0 0 0 0 15 16 18 10 0 0 0 0 
0 0 0 0 19 19 13 15 0 0 0 0 0 0 0 0 17 14 15 20 19 18 15 10 12 17 17 18 16 15 16 15 0 0 0 0 0 0 0 0 
0 0 0 0 0 0 0 0 0 0 0 0 14 11 16 13 19 17 14 10 19 14 15 14 12 10 15 15 0 0 0 0 12 14 11 15 0 0 0 0 
0 0 0 0 0 0 0 0 0 0 0 0 0 0 0 0 0 0 0 0 0 0 0 0 0 0 0 0 0 0 0 0 0 0 0 0 12 10 17 19 
19 11 18 15 0 0 0 0 0 0 0 0 0 0 0 0 0 0 0 0 0 0 0 0 0 0 0 0 0 0 0 0 0 0 0 0 0 0 0 0 
0 0 0 0 20 13 19 20 10 19 15 13 15 20 12 19 0 0 0 0 10 20 11 14 18 15 15 11 0 0 0 0 14 19 17 11 0 0 0 0 
0 0 0 0 10 14 15 18 13 10 14 15 10 18 19 19 15 10 19 11 11 16 16 12 12 13 15 20 12 15 15 10 18 17 18 12 0 0 0 0 
0 0 0 0 13 10 16 11 10 12 15 17 0 0 0 0 0 0 0 0 20 18 20 18 13 20 18 16 0 0 0 0 0 0 0 0 0 0 0 0 
0 0 0 0 0 0 0 0 0 0 0 0 0 0 0 0 0 0 0 0 0 0 0 0 0 0 0 0 0 0 0 0 0 0 0 0 18 14 15 20 
15 14 17 10 0 0 0 0 0 0 0 0 0 0 0 0 0 0 0 0 0 0 0 0 0 0 0 0 0 0 0 0 0 0 0 0 0 0 0 0 
0 0 0 0 10 14 18 20 11 12 20 20 16 19 12 19 12 16 16 17 14 17 19 12 13 18 14 19 14 15 11 13 18 20 16 20 0 0 0 0 
0 0 0 0 0 0 0 0 0 0 0 0 10 14 18 12 0 0 0 0 10 17 20 14 14 13 12 14 0 0 0 0 0 0 0 0 0 0 0 0 
0 0 0 0 0 0 0 0 10 16 11 13 0 0 0 0 0 0 0 0 0 0 0 0 0 0 0 0 0 0 0 0 0 0 0 0 0 0 0 0 
0 0 0 0 0 0 0 0 0 0 0 0 0 0 0 0 0 0 0 0 0 0 0 0 0 0 0 0 0 0 0 0 0 0 0 0 14 20 11 10 
16 16 11 13 0 0 0 0 0 0 0 0 0 0 0 0 0 0 0 0 0 0 0 0 0 0 0 0 0 0 0 0 0 0 0 0 0 0 0 0 
0 0 0 0 0 0 0 0 11 16 12 12 0 0 0 0 0 0 0 0 17 20 20 20 0 0 0 0 0 0 0 0 0 0 0 0 0 0 0 0 
0 0 0 0 0 0 0 0 0 0 0 0 15 11 12 19 18 16 10 19 16 12 13 15 14 16 20 20 0 0 0 0 14 18 14 12 0 0 0 0 
0 0 0 0 0 0 0 0 17 18 17 17 12 17 17 13 0 0 0 0 0 0 0 0 11 19 14 10 0 0 0 0 0 0 0 0 0 0 0 0 
0 0 0 0 0 0 0 0 0 0 0 0 0 0 0 0 0 0 0 0 0 0 0 0 0 0 0 0 0 0 0 0 0 0 0 0 10 15 18 17 
13 14 18 15 0 0 0 0 0 0 0 0 0 0 0 0 0 0 0 0 0 0 0 0 0 0 0 0 0 0 0 0 0 0 0 0 0 0 0 0 
0 0 0 0 0 0 0 0 10 17 16 12 0 0 0 0 0 0 0 0 20 12 18 20 10 16 18 19 11 15 10 10 12 16 11 15 0 0 0 0 
0 0 0 0 0 0 0 0 0 0 0 0 0 0 0 0 0 0 0 0 11 17 13 13 0 0 0 0 0 0 0 0 0 0 0 0 0 0 0 0 
0 0 0 0 13 15 14 13 18 15 16 13 15 17 18 17 11 19 11 15 10 20 18 17 12 13 11 19 11 16 20 17 14 15 17 17 0 0 0 0 
0 0 0 0 0 0 0 0 0 0 0 0 0 0 0 0 0 0 0 0 0 0 0 0 0 0 0 0 0 0 0 0 0 0 0 0 18 14 11 13 
19 18 16 15 0 0 0 0 0 0 0 0 0 0 0 0 0 0 0 0 0 0 0 0 0 0 0 0 0 0 0 0 0 0 0 0 0 0 0 0 
0 0 0 0 10 17 19 15 12 19 10 20 13 10 13 18 11 13 17 16 18 17 20 19 12 11 12 19 11 20 19 18 10 11 14 18 0 0 0 0 
0 0 0 0 0 0 0 0 17 18 19 15 0 0 0 0 0 0 0 0 11 14 11 15 16 10 10 12 16 10 19 20 12 15 11 20 0 0 0 0 
0 0 0 0 15 15 19 16 18 18 14 17 0 0 0 0 15 15 14 17 0 0 0 0 12 11 20 14 12 20 20 12 18 13 10 11 0 0 0 0 
0 0 0 0 0 0 0 0 0 0 0 0 0 0 0 0 0 0 0 0 0 0 0 0 0 0 0 0 0 0 0 0 0 0 0 0 10 14 19 19 
14 16 19 18 0 0 0 0 0 0 0 0 0 0 0 0 0 0 0 0 0 0 0 0 0 0 0 0 0 0 0 0 0 0 0 0 0 0 0 0 
0 0 0 0 0 0 0 0 0 0 0 0 18 11 14 15 10 10 19 16 0 0 0 0 10 19 12 14 17 19 11 12 0 0 0 0 0 0 0 0 
0 0 0 0 18 12 14 16 12 19 13 14 13 15 17 14 20 19 19 15 12 17 20 11 0 0 0 0 0 0 0 0 16 10 14 15 0 0 0 0 
0 0 0 0 19 13 10 11 13 12 18 10 14 16 20 14 13 20 11 12 20 12 14 17 18 11 11 12 13 16 20 11 12 11 17 18 0 0 0 0 
0 0 0 0 0 0 0 0 0 0 0 0 0 0 0 0 0 0 0 0 0 0 0 0 0 0 0 0 0 0 0 0 0 0 0 0 10 18 10 14 
10 10 18 18 0 0 0 0 0 0 0 0 0 0 0 0 0 0 0 0 0 0 0 0 0 0 0 0 0 0 0 0 0 0 0 0 0 0 0 0 
0 0 0 0 18 14 18 13 11 12 14 10 10 12 11 19 19 13 12 12 11 19 13 19 11 19 10 19 16 19 11 19 14 16 19 19 0 0 0 0 
0 0 0 0 0 0 0 0 0 0 0 0 0 0 0 0 0 0 0 0 0 0 0 0 0 0 0 0 18 10 13 14 0 0 0 0 0 0 0 0 
0 0 0 0 16 10 14 20 0 0 0 0 20 15 12 20 18 11 13 18 0 0 0 0 0 0 0 0 0 0 0 0 0 0 0 0 0 0 0 0 
0 0 0 0 0 0 0 0 0 0 0 0 0 0 0 0 0 0 0 0 0 0 0 0 0 0 0 0 0 0 0 0 0 0 0 0 18 20 16 12 
18 14 20 18 0 0 0 0 0 0 0 0 0 0 0 0 0 0 0 0 0 0 0 0 0 0 0 0 0 0 0 0 0 0 0 0 0 0 0 0 
0 0 0 0 20 18 16 18 11 14 17 11 0 0 0 0 0 0 0 0 20 18 18 17 17 14 13 18 16 14 11 18 0 0 0 0 0 0 0 0 
0 0 0 0 12 20 12 16 0 0 0 0 0 0 0 0 0 0 0 0 14 14 20 19 10 12 13 16 0 0 0 0 0 0 0 0 0 0 0 0 
0 0 0 0 13 13 12 15 10 16 20 12 14 13 13 14 19 14 18 14 20 19 12 13 10 11 11 19 0 0 0 0 11 17 18 13 0 0 0 0 
0 0 0 0 0 0 0 0 0 0 0 0 0 0 0 0 0 0 0 0 0 0 0 0 0 0 0 0 0 0 0 0 0 0 0 0 14 11 20 12 
10 18 10 14 0 0 0 0 0 0 0 0 0 0 0 0 0 0 0 0 0 0 0 0 0 0 0 0 0 0 0 0 0 0 0 0 0 0 0 0 
0 0 0 0 0 0 0 0 11 16 19 18 0 0 0 0 14 11 12 11 12 10 16 14 0 0 0 0 0 0 0 0 0 0 0 0 0 0 0 0 
0 0 0 0 0 0 0 0 0 0 0 0 10 16 11 11 0 0 0 0 0 0 0 0 11 11 19 11 0 0 0 0 0 0 0 0 0 0 0 0 
0 0 0 0 15 12 18 17 12 16 15 19 16 15 11 19 16 15 18 20 12 14 16 20 19 13 13 15 20 16 18 16 14 13 18 12 0 0 0 0 
0 0 0 0 0 0 0 0 0 0 0 0 0 0 0 0 0 0 0 0 0 0 0 0 0 0 0 0 0 0 0 0 0 0 0 0 10 11 18 13 
13 10 10 11 0 0 0 0 0 0 0 0 0 0 0 0 0 0 0 0 0 0 0 0 0 0 0 0 0 0 0 0 0 0 0 0 0 0 0 0 
0 0 0 0 18 19 12 17 0 0 0 0 10 17 14 20 12 16 20 11 20 19 13 16 18 18 10 18 15 11 18 19 19 18 13 10 0 0 0 0 
0 0 0 0 16 14 14 10 13 12 11 16 17 17 10 20 12 19 18 16 0 0 0 0 14 18 10 16 10 14 18 14 0 0 0 0 0 0 0 0 
0 0 0 0 11 10 15 15 0 0 0 0 19 15 15 13 19 15 17 19 16 12 18 13 11 20 20 16 0 0 0 0 15 20 13 13 0 0 0 0 
0 0 0 0 0 0 0 0 0 0 0 0 0 0 0 0 0 0 0 0 0 0 0 0 0 0 0 0 0 0 0 0 0 0 0 0 10 18 11 15 
16 19 15 17 0 0 0 0 0 0 0 0 0 0 0 0 0 0 0 0 0 0 0 0 0 0 0 0 0 0 0 0 0 0 0 0 0 0 0 0 
0 0 0 0 18 17 16 18 12 15 14 11 13 11 19 16 20 12 15 16 19 12 17 20 17 11 18 11 19 20 19 15 14 10 19 12 0 0 0 0 
0 0 0 0 16 13 18 15 18 15 11 11 10 16 19 16 13 12 16 17 0 0 0 0 14 17 10 16 16 11 14 12 20 20 16 16 0 0 0 0 
0 0 0 0 14 16 14 14 0 0 0 0 16 10 11 13 13 16 20 11 12 14 20 11 15 13 20 17 11 17 19 15 15 13 16 19 0 0 0 0 
0 0 0 0 0 0 0 0 0 0 0 0 0 0 0 0 0 0 0 0 0 0 0 0 0 0 0 0 0 0 0 0 0 0 0 0 18 15 13 11 
16 12 20 12 0 0 0 0 0 0 0 0 0 0 0 0 0 0 0 0 0 0 0 0 0 0 0 0 0 0 0 0 0 0 0 0 0 0 0 0 
0 0 0 0 16 16 17 17 0 0 0 0 0 0 0 0 0 0 0 0 0 0 0 0 19 19 11 16 19 20 10 14 0 0 0 0 0 0 0 0 
0 0 0 0 15 15 20 10 0 0 0 0 0 0 0 0 0 0 0 0 0 0 0 0 0 0 0 0 0 0 0 0 0 0 0 0 0 0 0 0 
0 0 0 0 12 16 13 12 0 0 0 0 13 13 20 10 17 14 11 17 0 0 0 0 0 0 0 0 18 12 16 20 0 0 0 0 0 0 0 0 
0 0 0 0 0 0 0 0 0 0 0 0 0 0 0 0 0 0 0 0 0 0 0 0 0 0 0 0 0 0 0 0 0 0 0 0 17 20 20 16 
17 12 15 10 0 0 0 0 0 0 0 0 0 0 0 0 0 0 0 0 0 0 0 0 0 0 0 0 0 0 0 0 0 0 0 0 0 0 0 0 
0 0 0 0 0 0 0 0 17 18 20 12 0 0 0 0 0 0 0 0 0 0 0 0 0 0 0 0 0 0 0 0 0 0 0 0 0 0 0 0 
0 0 0 0 0 0 0 0 15 14 18 14 15 18 14 14 0 0 0 0 10 10 19 18 0 0 0 0 19 15 11 11 14 19 18 16 0 0 0 0 
0 0 0 0 0 0 0 0 0 0 0 0 0 0 0 0 11 16 18 20 0 0 0 0 0 0 0 0 18 12 20 13 0 0 0 0 0 0 0 0 
0 0 0 0 0 0 0 0 0 0 0 0 0 0 0 0 0 0 0 0 0 0 0 0 0 0 0 0 0 0 0 0 0 0 0 0 14 11 16 16 
18 12 14 16 0 0 0 0 0 0 0 0 0 0 0 0 0 0 0 0 0 0 0 0 0 0 0 0 0 0 0 0 0 0 0 0 0 0 0 0 
0 0 0 0 16 12 18 14 0 0 0 0 20 16 18 16 16 15 15 13 0 0 0 0 0 0 0 0 0 0 0 0 0 0 0 0 0 0 0 0 
0 0 0 0 11 11 16 11 0 0 0 0 18 11 18 18 19 19 15 20 16 16 17 11 14 10 16 11 15 14 17 20 20 18 12 14 0 0 0 0 
0 0 0 0 0 0 0 0 0 0 0 0 0 0 0 0 10 15 10 18 11 19 13 14 0 0 0 0 18 13 10 17 0 0 0 0 0 0 0 0 
0 0 0 0 0 0 0 0 0 0 0 0 0 0 0 0 0 0 0 0 0 0 0 0 0 0 0 0 0 0 0 0 0 0 0 0 10 15 17 13 
17 18 16 13 0 0 0 0 0 0 0 0 0 0 0 0 0 0 0 0 0 0 0 0 0 0 0 0 0 0 0 0 0 0 0 0 0 0 0 0 
0 0 0 0 0 0 0 0 0 0 0 0 0 0 0 0 0 0 0 0 14 17 10 13 0 0 0 0 0 0 0 0 17 17 11 20 0 0 0 0 
0 0 0 0 17 15 12 15 0 0 0 0 12 17 13 16 0 0 0 0 0 0 0 0 0 0 0 0 0 0 0 0 0 0 0 0 0 0 0 0 
0 0 0 0 11 15 11 17 18 17 15 18 19 19 11 12 17 12 13 11 10 20 14 12 16 10 17 14 15 10 15 11 16 10 20 13 0 0 0 0 
0 0 0 0 0 0 0 0 0 0 0 0 0 0 0 0 0 0 0 0 0 0 0 0 0 0 0 0 0 0 0 0 0 0 0 0 19 12 19 19 
14 15 19 13 0 0 0 0 0 0 0 0 0 0 0 0 0 0 0 0 0 0 0 0 0 0 0 0 0 0 0 0 0 0 0 0 0 0 0 0 
0 0 0 0 0 0 0 0 18 13 17 16 0 0 0 0 0 0 0 0 0 0 0 0 17 12 17 20 0 0 0 0 0 0 0 0 0 0 0 0 
0 0 0 0 12 19 14 17 10 10 18 12 12 15 19 13 20 15 14 20 15 11 12 10 10 18 11 17 0 0 0 0 0 0 0 0 0 0 0 0 
0 0 0 0 0 0 0 0 0 0 0 0 0 0 0 0 0 0 0 0 10 10 17 18 0 0 0 0 0 0 0 0 0 0 0 0 0 0 0 0 
0 0 0 0 0 0 0 0 0 0 0 0 0 0 0 0 0 0 0 0 0 0 0 0 0 0 0 0 0 0 0 0 0 0 0 0 18 11 15 19 
11 20 18 11 0 0 0 0 0 0 0 0 0 0 0 0 0 0 0 0 0 0 0 0 0 0 0 0 0 0 0 0 0 0 0 0 0 0 0 0 
0 0 0 0 0 0 0 0 16 17 15 15 19 17 13 13 0 0 0 0 17 12 10 12 16 13 17 15 11 16 13 12 0 0 0 0 0 0 0 0 
0 0 0 0 18 13 12 17 20 13 10 10 14 17 13 17 18 11 14 16 17 16 15 10 10 19 17 20 15 17 12 19 10 15 11 13 0 0 0 0 
0 0 0 0 0 0 0 0 0 0 0 0 0 0 0 0 0 0 0 0 0 0 0 0 0 0 0 0 20 10 18 19 0 0 0 0 0 0 0 0 
0 0 0 0 0 0 0 0 0 0 0 0 0 0 0 0 0 0 0 0 0 0 0 0 0 0 0 0 0 0 0 0 0 0 0 0 11 19 20 12 
18 16 20 17 0 0 0 0 0 0 0 0 0 0 0 0 0 0 0 0 0 0 0 0 0 0 0 0 0 0 0 0 0 0 0 0 0 0 0 0 
0 0 0 0 16 15 16 16 10 12 14 10 10 15 14 20 0 0 0 0 0 0 0 0 0 0 0 0 15 13 17 18 14 20 18 14 0 0 0 0 
0 0 0 0 0 0 0 0 14 18 16 17 17 13 19 10 0 0 0 0 16 11 17 14 17 10 11 20 0 0 0 0 0 0 0 0 0 0 0 0 
0 0 0 0 17 19 20 14 19 14 11 18 17 12 18 19 11 11 18 15 11 11 14 11 12 16 10 15 19 13 15 19 11 11 10 11 0 0 0 0 
0 0 0 0 0 0 0 0 0 0 0 0 0 0 0 0 0 0 0 0 0 0 0 0 0 0 0 0 0 0 0 0 0 0 0 0 13 19 13 14 
16 13 11 20 0 0 0 0 0 0 0 0 0 0 0 0 0 0 0 0 0 0 0 0 0 0 0 0 0 0 0 0 0 0 0 0 0 0 0 0 
0 0 0 0 0 0 0 0 0 0 0 0 0 0 0 0 0 0 0 0 0 0 0 0 0 0 0 0 0 0 0 0 13 16 13 11 0 0 0 0 
0 0 0 0 0 0 0 0 12 18 10 17 0 0 0 0 19 10 20 17 12 19 20 18 20 11 11 12 19 18 11 11 18 16 14 20 0 0 0 0 
0 0 0 0 16 16 17 13 12 17 16 11 0 0 0 0 17 14 18 16 14 14 17 17 0 0 0 0 20 18 16 20 12 15 15 12 0 0 0 0 
0 0 0 0 0 0 0 0 0 0 0 0 0 0 0 0 0 0 0 0 0 0 0 0 0 0 0 0 0 0 0 0 0 0 0 0 18 20 14 16 
12 12 12 18 0 0 0 0 0 0 0 0 0 0 0 0 0 0 0 0 0 0 0 0 0 0 0 0 0 0 0 0 0 0 0 0 0 0 0 0 
0 0 0 0 0 0 0 0 18 10 14 15 12 13 17 16 11 12 11 11 11 20 12 17 15 19 15 11 13 20 20 15 20 14 14 13 0 0 0 0 
0 0 0 0 0 0 0 0 0 0 0 0 0 0 0 0 0 0 0 0 17 20 12 12 0 0 0 0 0 0 0 0 0 0 0 0 0 0 0 0 
0 0 0 0 0 0 0 0 20 17 16 13 17 10 16 17 15 18 20 15 18 13 10 11 0 0 0 0 17 15 14 16 19 18 19 10 0 0 0 0 
0 0 0 0 0 0 0 0 0 0 0 0 0 0 0 0 0 0 0 0 0 0 0 0 0 0 0 0 0 0 0 0 0 0 0 0 14 11 14 17 
12 16 15 17 0 0 0 0 0 0 0 0 0 0 0 0 0 0 0 0 0 0 0 0 0 0 0 0 0 0 0 0 0 0 0 0 0 0 0 0 
0 0 0 0 13 12 19 12 14 17 10 16 0 0 0 0 0 0 0 0 15 15 15 16 15 12 13 11 0 0 0 0 0 0 0 0 0 0 0 0 
0 0 0 0 19 13 15 14 16 12 13 16 18 13 15 14 19 15 10 20 14 14 10 13 13 10 11 14 15 10 16 14 12 18 19 17 0 0 0 0 
0 0 0 0 0 0 0 0 0 0 0 0 15 20 10 18 0 0 0 0 0 0 0 0 0 0 0 0 13 17 13 19 0 0 0 0 0 0 0 0 
0 0 0 0 0 0 0 0 0 0 0 0 0 0 0 0 0 0 0 0 0 0 0 0 0 0 0 0 0 0 0 0 0 0 0 0 17 20 18 18 
15 10 12 19 0 0 0 0 0 0 0 0 0 0 0 0 0 0 0 0 0 0 0 0 0 0 0 0 0 0 0 0 0 0 0 0 0 0 0 0 
0 0 0 0 13 17 17 15 20 13 10 10 0 0 0 0 11 15 16 12 19 10 17 11 12 10 14 14 19 11 15 19 16 14 12 18 0 0 0 0 
0 0 0 0 0 0 0 0 0 0 0 0 12 18 13 16 0 0 0 0 0 0 0 0 0 0 0 0 0 0 0 0 0 0 0 0 0 0 0 0 
0 0 0 0 19 13 19 10 20 11 20 11 18 18 15 19 15 18 19 15 16 19 20 20 18 14 19 13 18 10 10 14 15 19 18 11 0 0 0 0 
0 0 0 0 0 0 0 0 0 0 0 0 0 0 0 0 0 0 0 0 0 0 0 0 0 0 0 0 0 0 0 0 0 0 0 0 13 14 19 10 
20 13 12 12 0 0 0 0 0 0 0 0 0 0 0 0 0 0 0 0 0 0 0 0 0 0 0 0 0 0 0 0 0 0 0 0 0 0 0 0 
0 0 0 0 0 0 0 0 17 17 15 11 12 11 15 11 16 16 10 10 17 16 14 19 0 0 0 0 0 0 0 0 18 11 13 11 0 0 0 0 
0 0 0 0 12 14 19 10 14 10 17 18 0 0 0 0 19 16 11 15 0 0 0 0 13 20 11 10 19 10 14 11 15 13 14 13 0 0 0 0 
0 0 0 0 19 16 12 18 0 0 0 0 18 17 18 17 0 0 0 0 17 10 14 12 0 0 0 0 19 12 14 13 18 19 13 13 0 0 0 0 
0 0 0 0 0 0 0 0 0 0 0 0 0 0 0 0 0 0 0 0 0 0 0 0 0 0 0 0 0 0 0 0 0 0 0 0 12 19 20 13 
19 10 13 18 0 0 0 0 0 0 0 0 0 0 0 0 0 0 0 0 0 0 0 0 0 0 0 0 0 0 0 0 0 0 0 0 0 0 0 0 
0 0 0 0 0 0 0 0 0 0 0 0 0 0 0 0 18 11 17 19 0 0 0 0 0 0 0 0 0 0 0 0 0 0 0 0 0 0 0 0 
0 0 0 0 12 13 15 14 16 19 10 18 0 0 0 0 20 18 19 19 12 16 11 10 0 0 0 0 0 0 0 0 0 0 0 0 0 0 0 0 
0 0 0 0 0 0 0 0 0 0 0 0 0 0 0 0 0 0 0 0 0 0 0 0 0 0 0 0 11 16 14 12 0 0 0 0 0 0 0 0 
0 0 0 0 0 0 0 0 0 0 0 0 0 0 0 0 0 0 0 0 0 0 0 0 0 0 0 0 0 0 0 0 0 0 0 0 17 12 20 11 
12 10 16 19 0 0 0 0 0 0 0 0 0 0 0 0 0 0 0 0 0 0 0 0 0 0 0 0 0 0 0 0 0 0 0 0 0 0 0 0 
0 0 0 0 0 0 0 0 14 11 15 17 0 0 0 0 0 0 0 0 0 0 0 0 0 0 0 0 0 0 0 0 0 0 0 0 0 0 0 0 
0 0 0 0 0 0 0 0 0 0 0 0 0 0 0 0 11 15 19 13 12 12 14 10 0 0 0 0 0 0 0 0 0 0 0 0 0 0 0 0 
0 0 0 0 0 0 0 0 18 13 11 12 0 0 0 0 0 0 0 0 0 0 0 0 17 15 17 12 10 19 16 13 19 19 12 16 0 0 0 0 
0 0 0 0 0 0 0 0 0 0 0 0 0 0 0 0 0 0 0 0 0 0 0 0 0 0 0 0 0 0 0 0 0 0 0 0 10 13 12 17
---------------------
 
Distance between cells
Rows and Columns: correspond to cell number
0 231 450 473 57 288 250 252 227 294 498 125 274 428 175 431 
231 0 131 279 458 491 236 56 367 361 78 321 471 358 189 312 
450 131 0 431 473 461 285 438 101 336 482 259 145 359 171 451 
473 279 431 0 106 234 355 400 388 50 337 84 303 116 441 85 
57 458 473 106 0 395 355 150 257 481 283 344 258 421 457 332 
288 491 461 234 395 0 81 59 341 118 353 65 151 253 394 197 
250 236 285 355 355 81 0 452 88 172 342 175 113 211 442 109 
252 56 438 400 150 59 452 0 342 181 362 215 157 441 93 451 
227 367 101 388 257 341 88 342 0 395 485 71 357 433 171 229 
294 361 336 50 481 118 172 181 395 0 158 397 403 151 500 437 
498 78 482 337 283 353 342 362 485 158 0 156 433 354 146 312 
125 321 259 84 344 65 175 215 71 397 156 0 116 289 72 366 
274 471 145 303 258 151 113 157 357 403 433 116 0 131 61 335 
428 358 359 116 421 253 211 441 433 151 354 289 131 0 306 479 
175 189 171 441 457 394 442 93 171 500 146 72 61 306 0 106 
431 312 451 85 332 197 109 451 229 437 312 366 335 479 106 0
---------------------
 
Distribution of machines in cells   (1 -- if machine m is distributed in cell u;0 -- else) 
Rows: correspond to cell number; Columns: correspond to machine number
0 0 0 0 1 0 0 0 0 0 0 0 0 0 0 0 0 0 0 0 0 1 0 0 0 0 0 0 0 0 0 0 0 0 0 0 0 0 0 0 
0 0 0 0 0 0 0 0 0 0 0 0 0 0 0 0 0 0 0 0 0 0 0 1 0 1 0 0 0 0 0 0 0 0 0 0 0 0 0 0 
0 1 0 0 0 0 0 1 0 0 0 0 0 0 0 0 0 0 0 0 0 0 0 0 0 0 0 0 0 0 0 0 0 0 0 0 0 0 0 0 
0 0 0 0 0 0 0 0 0 0 0 0 0 0 0 0 0 1 1 0 0 0 0 0 0 0 0 0 0 0 0 0 0 0 0 0 0 0 0 0 
0 0 0 1 0 0 0 0 0 0 0 0 0 0 0 0 0 0 0 0 0 0 0 0 0 0 0 0 0 0 0 1 0 0 1 0 1 0 0 0 
0 0 0 0 0 0 0 0 0 0 1 0 0 0 0 0 0 0 0 0 0 0 0 0 0 0 0 0 1 0 1 0 0 0 0 0 0 0 0 0 
0 0 0 0 0 1 0 0 0 0 0 0 0 0 0 0 0 0 0 0 0 0 0 0 0 0 0 1 0 0 0 0 0 0 0 0 0 0 0 0 
1 0 0 0 0 0 0 0 0 0 0 0 0 0 0 0 1 0 0 0 0 0 0 0 0 0 0 0 0 0 0 0 0 0 0 0 0 0 0 0 
0 0 0 0 0 0 0 0 0 0 0 0 0 0 0 0 0 0 0 0 0 0 1 0 0 0 0 0 0 1 0 0 1 0 0 0 0 0 0 0 
0 0 1 0 0 0 0 0 0 0 0 1 0 0 0 0 0 0 0 0 0 0 0 0 0 0 0 0 0 0 0 0 0 0 0 0 0 0 0 0 
0 0 0 0 0 0 0 0 0 1 0 0 1 0 0 0 0 0 0 0 0 0 0 0 0 0 0 0 0 0 0 0 0 0 0 1 0 0 0 0 
0 0 0 0 0 0 0 0 0 0 0 0 0 0 0 0 0 0 0 0 1 0 0 0 0 0 0 0 0 0 0 0 0 1 0 0 0 0 0 0 
0 0 0 0 0 0 0 0 1 0 0 0 0 0 0 0 0 0 0 0 0 0 0 0 0 0 0 0 0 0 0 0 0 0 0 0 0 0 1 0 
0 0 0 0 0 0 0 0 0 0 0 0 0 1 0 1 0 0 0 0 0 0 0 0 0 0 0 0 0 0 0 0 0 0 0 0 0 0 0 0 
0 0 0 0 0 0 0 0 0 0 0 0 0 0 0 0 0 0 0 1 0 0 0 0 1 0 1 0 0 0 0 0 0 0 0 0 0 0 0 1 
0 0 0 0 0 0 1 0 0 0 0 0 0 0 1 0 0 0 0 0 0 0 0 0 0 0 0 0 0 0 0 0 0 0 0 0 0 1 0 0
---------------------
 
